0,0,0,0,0,0,0
0.021174,-0.011524,-0.035935,-0.0058459,0.019792,0.086757,-0.015171
0.040843,-0.020733,-0.068389,-0.0095119,0.038076,0.1629,-0.029219
0.059117,-0.027944,-0.097701,-0.011318,0.054938,0.22998,-0.042178
0.076102,-0.033436,-0.12418,-0.011541,0.070465,0.28931,-0.054088
0.091897,-0.037455,-0.1481,-0.010425,0.084738,0.34205,-0.064991
0.10659,-0.040216,-0.1697,-0.0081799,0.097835,0.38918,-0.074929
0.12028,-0.041911,-0.18923,-0.0049915,0.10983,0.43155,-0.083947
0.13303,-0.042708,-0.20687,-0.0010217,0.12079,0.4699,-0.09209
0.14493,-0.042756,-0.22281,0.0035874,0.13079,0.50485,-0.099402
0.15605,-0.042188,-0.23722,0.0087114,0.13989,0.53695,-0.10593
0.16645,-0.041119,-0.25023,0.014241,0.14816,0.56666,-0.11171
0.1762,-0.039653,-0.26198,0.020081,0.15563,0.59438,-0.11679
0.18534,-0.03788,-0.27259,0.026147,0.16238,0.62045,-0.1212
0.19395,-0.03588,-0.28217,0.032366,0.16846,0.64518,-0.12499
0.20205,-0.033725,-0.29081,0.038674,0.1739,0.66881,-0.1282
0.20972,-0.031476,-0.29859,0.045015,0.17875,0.69157,-0.13085
0.21697,-0.029187,-0.30559,0.051339,0.18305,0.71364,-0.13297
0.22386,-0.026906,-0.31188,0.057605,0.18684,0.73519,-0.13461
0.23042,-0.024676,-0.31753,0.063774,0.19016,0.75634,-0.13578
0.23669,-0.022531,-0.32258,0.069813,0.19303,0.77723,-0.13652
0.24269,-0.020506,-0.32709,0.075695,0.19549,0.79796,-0.13684
0.24846,-0.018627,-0.33109,0.081395,0.19757,0.81861,-0.13678
0.25402,-0.016918,-0.33464,0.086889,0.19928,0.83927,-0.13634
0.2594,-0.015403,-0.33777,0.09216,0.20066,0.85999,-0.13555
0.26461,-0.014098,-0.3405,0.097189,0.20172,0.88085,-0.13443
0.26969,-0.013021,-0.34287,0.10196,0.20248,0.90189,-0.13299
0.27464,-0.012187,-0.3449,0.10646,0.20296,0.92315,-0.13124
0.27949,-0.011608,-0.34662,0.11068,0.20317,0.94468,-0.1292
0.28425,-0.011297,-0.34805,0.1146,0.20314,0.9665,-0.12688
0.28894,-0.011263,-0.34921,0.11821,0.20286,0.98866,-0.12429
0.29356,-0.011516,-0.35011,0.12151,0.20237,1.0112,-0.12143
0.29813,-0.012066,-0.35077,0.12448,0.20165,1.034,-0.11832
0.30266,-0.012922,-0.3512,0.1271,0.20073,1.0573,-0.11495
0.30715,-0.01409,-0.35142,0.12938,0.19961,1.081,-0.11135
0.31162,-0.01558,-0.35145,0.1313,0.1983,1.1051,-0.10751
0.31607,-0.0174,-0.35129,0.13285,0.19681,1.1297,-0.10343
0.32051,-0.019556,-0.35095,0.13401,0.19514,1.1547,-0.099122
0.32494,-0.022057,-0.35044,0.13478,0.1933,1.1802,-0.094587
0.32936,-0.02491,-0.34977,0.13514,0.19129,1.2061,-0.089827
0.33377,-0.028125,-0.34896,0.13508,0.18912,1.2325,-0.084844
0.33818,-0.03171,-0.34801,0.13459,0.18679,1.2594,-0.079641
0.34258,-0.035672,-0.34693,0.13364,0.1843,1.2867,-0.074218
0.34698,-0.040021,-0.34573,0.13223,0.18167,1.3146,-0.068577
0.35138,-0.044767,-0.34441,0.13034,0.17888,1.3429,-0.062719
0.35576,-0.049919,-0.34299,0.12794,0.17595,1.3716,-0.056645
0.36013,-0.055486,-0.34148,0.12503,0.17287,1.4008,-0.050357
0.36449,-0.061478,-0.33988,0.12158,0.16966,1.4305,-0.043856
0.36882,-0.067907,-0.33821,0.11756,0.1663,1.4605,-0.037143
0.37312,-0.074781,-0.33647,0.11297,0.16282,1.491,-0.030221
0.37739,-0.082113,-0.33467,0.10777,0.1592,1.5219,-0.023091
0.38162,-0.089912,-0.33282,0.10195,0.15545,1.5531,-0.015755
0.38579,-0.098188,-0.33094,0.095468,0.15158,1.5847,-0.0082171
0.3899,-0.10695,-0.32904,0.088314,0.14759,1.6166,-0.00048011
0.39394,-0.11622,-0.32712,0.080456,0.14348,1.6488,0.0074519
0.39789,-0.12599,-0.3252,0.071868,0.13927,1.6812,0.015574
0.40176,-0.13628,-0.32329,0.062522,0.13494,1.7138,0.023882
0.40551,-0.1471,-0.32141,0.052389,0.13052,1.7466,0.032369
0.40914,-0.15846,-0.31956,0.04144,0.12601,1.7795,0.041028
0.41265,-0.17036,-0.31777,0.029647,0.12141,1.8124,0.049851
0.416,-0.18281,-0.31605,0.016978,0.11673,1.8454,0.058831
0.41919,-0.19582,-0.3144,0.003405,0.11198,1.8782,0.067958
0.42219,-0.20939,-0.31286,-0.011103,0.10718,1.911,0.077222
0.42501,-0.22353,-0.31143,-0.026576,0.10233,1.9435,0.086611
0.42761,-0.23824,-0.31013,-0.043043,0.097437,1.9757,0.096114
0.42998,-0.25351,-0.30897,-0.060534,0.092523,2.0076,0.10572
0.4321,-0.26936,-0.30798,-0.079077,0.087597,2.0391,0.11541
0.43396,-0.28577,-0.30718,-0.0987,0.082673,2.0701,0.12517
0.43554,-0.30275,-0.30657,-0.11943,0.077767,2.1004,0.135
0.43681,-0.32028,-0.30618,-0.14129,0.072894,2.1301,0.14486
0.43777,-0.33835,-0.30602,-0.16431,0.068071,2.1589,0.15475
0.43838,-0.35697,-0.30612,-0.1885,0.063315,2.1869,0.16465
0.43864,-0.37611,-0.30649,-0.2139,0.058646,2.2139,0.17454
0.43853,-0.39575,-0.30715,-0.24051,0.054083,2.2398,0.1844
0.43802,-0.41589,-0.30811,-0.26835,0.049646,2.2646,0.19422
0.4371,-0.43651,-0.3094,-0.29743,0.045355,2.2881,0.20399
0.43574,-0.45757,-0.31104,-0.32777,0.041233,2.3102,0.21367
0.43394,-0.47907,-0.31302,-0.35936,0.037301,2.3309,0.22326
0.43168,-0.50096,-0.31539,-0.39222,0.033583,2.3501,0.23273
0.42893,-0.52324,-0.31814,-0.42634,0.030101,2.3676,0.24208
0.42568,-0.54586,-0.3213,-0.46171,0.026879,2.3834,0.25129
0.42192,-0.56879,-0.32487,-0.49833,0.023942,2.3974,0.26033
0.41763,-0.59202,-0.32888,-0.53619,0.021313,2.4095,0.26921
0.41279,-0.61549,-0.33333,-0.57527,0.019017,2.4197,0.2779
0.40739,-0.63918,-0.33824,-0.61555,0.017078,2.4279,0.2864
0.40141,-0.66306,-0.34362,-0.657,0.015521,2.434,0.2947
0.39484,-0.68709,-0.34947,-0.69959,0.014371,2.4379,0.30278
0.38768,-0.71123,-0.3558,-0.7433,0.01365,2.4397,0.31064
0.37989,-0.73545,-0.36263,-0.78809,0.013384,2.4393,0.31828
0.37148,-0.75972,-0.36995,-0.83391,0.013596,2.4366,0.32569
0.36243,-0.784,-0.37778,-0.88073,0.014309,2.4316,0.33287
0.35273,-0.80826,-0.38612,-0.92848,0.015546,2.4243,0.33982
0.34237,-0.83247,-0.39497,-0.97713,0.017328,2.4146,0.34653
0.33134,-0.8566,-0.40433,-1.0266,0.019679,2.4026,0.35302
0.31962,-0.88061,-0.41421,-1.0769,0.022617,2.3883,0.35928
0.30721,-0.90448,-0.4246,-1.1279,0.026165,2.3715,0.36532
0.2941,-0.92819,-0.43551,-1.1795,0.03034,2.3524,0.37114
0.28028,-0.95171,-0.44693,-1.2318,0.035163,2.3309,0.37676
0.26573,-0.97502,-0.45886,-1.2846,0.04065,2.3071,0.38217
0.25045,-0.99809,-0.47129,-1.3378,0.046818,2.2809,0.3874
0.23443,-1.0209,-0.48424,-1.3915,0.053685,2.2523,0.39244
0.21766,-1.0435,-0.49768,-1.4455,0.061264,2.2215,0.39731
0.20013,-1.0657,-0.51161,-1.4997,0.069572,2.1884,0.40201
0.18183,-1.0877,-0.52603,-1.5542,0.078621,2.153,0.40657
0.16274,-1.1094,-0.54094,-1.6088,0.088425,2.1153,0.41099
0.14288,-1.1307,-0.55631,-1.6634,0.098996,2.0755,0.41527
0.12221,-1.1517,-0.57216,-1.7181,0.11035,2.0334,0.41943
0.10073,-1.1724,-0.58847,-1.7727,0.12249,1.9892,0.42349
0.078444,-1.1927,-0.60523,-1.8271,0.13543,1.9428,0.42743
0.055328,-1.2127,-0.62244,-1.8814,0.14918,1.8943,0.43129
0.03138,-1.2323,-0.64009,-1.9355,0.16375,1.8437,0.43505
0.0065886,-1.2515,-0.65818,-1.9892,0.17916,1.791,0.43872
-0.019052,-1.2703,-0.67668,-2.0426,0.19541,1.7363,0.44231
-0.04555,-1.2887,-0.69561,-2.0956,0.21251,1.6795,0.44582
-0.072912,-1.3067,-0.71495,-2.1481,0.23047,1.6207,0.44925
-0.10114,-1.3243,-0.7347,-2.2001,0.24931,1.5599,0.45259
-0.13025,-1.3414,-0.75484,-2.2515,0.26903,1.4971,0.45584
-0.16023,-1.358,-0.77539,-2.3023,0.28966,1.4322,0.45899
-0.19109,-1.3742,-0.79632,-2.3525,0.31119,1.3653,0.46202
-0.22283,-1.3898,-0.81765,-2.4019,0.33366,1.2964,0.46493
-0.25544,-1.4048,-0.83935,-2.4506,0.35707,1.2253,0.46769
-0.28892,-1.4192,-0.86144,-2.4984,0.38144,1.1522,0.47029
-0.32325,-1.4329,-0.88391,-2.5453,0.40679,1.077,0.47269
-0.35842,-1.4459,-0.90676,-2.5911,0.43313,0.99951,0.47488
-0.39441,-1.4582,-0.92999,-2.6359,0.46051,0.91981,0.47681
-0.43119,-1.4695,-0.95361,-2.6794,0.48892,0.8378,0.47845
-0.46873,-1.4799,-0.9776,-2.7216,0.51842,0.75341,0.47976
-0.50696,-1.4892,-1.002,-2.7623,0.54901,0.66657,0.48068
-0.54585,-1.4973,-1.0268,-2.8013,0.58073,0.57721,0.48117
-0.5853,-1.5041,-1.0519,-2.8384,0.61361,0.48525,0.48117
-0.62524,-1.5094,-1.0775,-2.8732,0.6477,0.39063,0.48061
-0.66554,-1.5131,-1.1035,-2.9056,0.68302,0.29331,0.47943
-0.70608,-1.5149,-1.1298,-2.9351,0.71962,0.19325,0.47755
-0.74669,-1.5147,-1.1567,-2.9613,0.75755,0.090467,0.47489
-0.78718,-1.5121,-1.1839,-2.9837,0.79684,-0.014962,0.47137
-0.82732,-1.507,-1.2116,-3.0017,0.83756,-0.12291,0.46689
-0.86686,-1.4991,-1.2398,-3.0147,0.87976,-0.23313,0.46134
-0.9055,-1.4879,-1.2684,-3.022,0.92349,-0.34529,0.45464
-0.9429,-1.4734,-1.2975,-3.0229,0.96881,-0.45887,0.44667
-0.9787,-1.4551,-1.3271,-3.0165,1.0158,-0.57321,0.43731
-1.0125,-1.4327,-1.3571,-3.0022,1.0644,-0.68742,0.42645
-1.0439,-1.4061,-1.3875,-2.979,1.1148,-0.80039,0.41397
-1.0725,-1.3751,-1.4182,-2.9465,1.1668,-0.91076,0.39974
-1.0979,-1.3395,-1.4491,-2.9041,1.2204,-1.0169,0.38367
-1.1199,-1.2994,-1.4799,-2.8516,1.2755,-1.1171,0.36564
-1.138,-1.255,-1.5104,-2.789,1.3318,-1.2093,0.34557
-1.1522,-1.2066,-1.5402,-2.7167,1.389,-1.2913,0.3234
-1.1625,-1.1546,-1.5688,-2.6355,1.4466,-1.3612,0.29912
-1.1689,-1.0997,-1.5958,-2.5465,1.504,-1.4169,0.27273
-1.1717,-1.0427,-1.6205,-2.4511,1.5604,-1.4566,0.24432
-1.1711,-0.98444,-1.6423,-2.351,1.615,-1.4787,0.21402
-1.1677,-0.9258,-1.6606,-2.2481,1.6671,-1.4822,0.18203
-1.1619,-0.86773,-1.6747,-2.1443,1.7157,-1.4664,0.14862
-1.1542,-0.81108,-1.6841,-2.0416,1.76,-1.4307,0.11407
-1.1453,-0.75668,-1.6885,-1.9416,1.7992,-1.3754,0.078745
-1.1358,-0.7052,-1.6875,-1.8461,1.8327,-1.3008,0.04301
-1.1261,-0.65723,-1.681,-1.7565,1.8601,-1.2075,0.007248
-1.1168,-0.61321,-1.6688,-1.6738,1.881,-1.0966,-0.028164
-1.1084,-0.57345,-1.6512,-1.5991,1.8951,-0.96909,-0.062864
-1.1013,-0.53815,-1.6282,-1.5332,1.9024,-0.82627,-0.096519
-1.0959,-0.50738,-1.6002,-1.4765,1.9029,-0.66954,-0.12883
-1.0925,-0.48113,-1.5674,-1.4294,1.8968,-0.50037,-0.15953
-1.0913,-0.45928,-1.5302,-1.3922,1.8843,-0.32034,-0.18841
-1.0927,-0.44165,-1.489,-1.365,1.8656,-0.13108,-0.21529
-1.0967,-0.42802,-1.4441,-1.3478,1.8411,0.065709,-0.24004
-1.1035,-0.41809,-1.3961,-1.3406,1.8112,0.26828,-0.26256
-1.1131,-0.41154,-1.3453,-1.343,1.7761,0.47482,-0.2828
-1.1256,-0.40803,-1.2921,-1.3549,1.7362,0.68348,-0.30074
-1.1408,-0.4072,-1.2369,-1.376,1.692,0.89238,-0.31637
-1.1588,-0.40869,-1.18,-1.4058,1.6438,1.0996,-0.32972
-1.1793,-0.41215,-1.1218,-1.4438,1.5919,1.3033,-0.34084
-1.2022,-0.41722,-1.0626,-1.4897,1.5366,1.5014,-0.34981
-1.2274,-0.4236,-1.0027,-1.5427,1.4783,1.6922,-0.35669
-1.2544,-0.43098,-0.94231,-1.6022,1.4173,1.8737,-0.36158
-1.2831,-0.4391,-0.8817,-1.6676,1.3539,2.0443,-0.36459
-1.3132,-0.44776,-0.82109,-1.7382,1.2883,2.2024,-0.36582
-1.3443,-0.45675,-0.76069,-1.8131,1.2208,2.3463,-0.36538
-1.3762,-0.46597,-0.70067,-1.8915,1.1518,2.4748,-0.36339
-1.4085,-0.4753,-0.64122,-1.9726,1.0814,2.5868,-0.35996
-1.4408,-0.48471,-0.5825,-2.0556,1.0101,2.6811,-0.35521
-1.4728,-0.49419,-0.52468,-2.1396,0.93796,2.7572,-0.34926
-1.5043,-0.50376,-0.46792,-2.2236,0.86548,2.8144,-0.34223
-1.5349,-0.51346,-0.41241,-2.3067,0.79294,2.8524,-0.33424
-1.5642,-0.52337,-0.35832,-2.3881,0.7207,2.8713,-0.32539
-1.592,-0.53355,-0.30582,-2.4668,0.64915,2.8711,-0.3158
-1.6181,-0.54407,-0.25511,-2.542,0.57868,2.8522,-0.30557
-1.6421,-0.55499,-0.20636,-2.6127,0.50968,2.8153,-0.29481
-1.6638,-0.56635,-0.15976,-2.6781,0.44257,2.7612,-0.28362
-1.6831,-0.57817,-0.11547,-2.7374,0.37774,2.6908,-0.27208
-1.6996,-0.59043,-0.073641,-2.79,0.31554,2.6053,-0.26028
-1.7133,-0.6031,-0.034395,-2.8352,0.25632,2.506,-0.2483
-1.7241,-0.61611,0.0021745,-2.8725,0.20037,2.3944,-0.23621
-1.7319,-0.62937,0.036012,-2.9014,0.14793,2.2719,-0.22407
-1.7367,-0.64275,0.067098,-2.9217,0.099185,2.14,-0.21193
-1.7384,-0.65612,0.09545,-2.9332,0.054258,2.0004,-0.19982
-1.7371,-0.66935,0.12112,-2.9359,0.01321,1.8546,-0.18781
-1.7329,-0.68227,0.1442,-2.9299,-0.023955,1.7042,-0.1759
-1.726,-0.69475,0.16481,-2.9155,-0.057286,1.5505,-0.16413
-1.7164,-0.70664,0.18308,-2.8928,-0.08688,1.395,-0.15253
-1.7044,-0.7178,0.19916,-2.8624,-0.11288,1.239,-0.14112
-1.69,-0.72812,0.21324,-2.8246,-0.13544,1.0835,-0.12991
-1.6736,-0.73748,0.22548,-2.7801,-0.15476,0.92954,-0.11892
-1.6552,-0.7458,0.23605,-2.7294,-0.17106,0.77807,-0.10818
-1.6351,-0.753,0.24512,-2.6729,-0.18454,0.6298,-0.097695
-1.6134,-0.75901,0.25287,-2.6114,-0.19544,0.48536,-0.087492
-1.5902,-0.76378,0.25944,-2.5454,-0.20396,0.34526,-0.077587
-1.5658,-0.76729,0.26498,-2.4754,-0.21034,0.20988,-0.067998
-1.5402,-0.76951,0.26961,-2.402,-0.21478,0.079523,-0.058743
-1.5136,-0.77042,0.27345,-2.3257,-0.21748,-0.04561,-0.049837
-1.486,-0.77001,0.27661,-2.247,-0.21865,-0.16539,-0.041298
-1.4575,-0.7683,0.27918,-2.1662,-0.21846,-0.27976,-0.033139
-1.4283,-0.7653,0.28123,-2.084,-0.21708,-0.38872,-0.025374
-1.3982,-0.76102,0.28283,-2.0006,-0.21469,-0.4923,-0.018014
-1.3675,-0.75548,0.28402,-1.9164,-0.21144,-0.59058,-0.011068
-1.336,-0.74873,0.28486,-1.8319,-0.20746,-0.68368,-0.0045443
-1.3039,-0.74079,0.28538,-1.7472,-0.20291,-0.77171,0.0015534
-1.2712,-0.7317,0.2856,-1.6628,-0.19789,-0.85482,0.0072222
-1.2378,-0.72152,0.28553,-1.5788,-0.19255,-0.93316,0.012462
-1.2039,-0.71029,0.2852,-1.4957,-0.18698,-1.0069,0.017276
-1.1693,-0.69806,0.28461,-1.4136,-0.18129,-1.0761,0.021668
-1.1342,-0.68491,0.28375,-1.3329,-0.17559,-1.1411,0.025648
-1.0986,-0.6709,0.28264,-1.2536,-0.16996,-1.2018,0.029225
-1.0625,-0.65609,0.28126,-1.1761,-0.16449,-1.2585,0.032412
-1.0259,-0.64057,0.27961,-1.1006,-0.15926,-1.3113,0.035225
-0.98886,-0.62442,0.27768,-1.0273,-0.15433,-1.3603,0.037682
-0.95147,-0.60771,0.27547,-0.95637,-0.14979,-1.4056,0.039802
-0.91376,-0.59055,0.27297,-0.88795,-0.14568,-1.4472,0.041607
-0.8758,-0.57301,0.27018,-0.82223,-0.14205,-1.4854,0.043122
-0.83764,-0.5552,0.26709,-0.75937,-0.13897,-1.52,0.044371
-0.79938,-0.53722,0.2637,-0.69952,-0.13645,-1.5513,0.04538
-0.76108,-0.51916,0.26002,-0.64279,-0.13454,-1.5792,0.046176
-0.72283,-0.50113,0.25603,-0.5893,-0.13326,-1.6038,0.046788
-0.68472,-0.48322,0.25175,-0.53915,-0.13263,-1.6251,0.047243
-0.64683,-0.46555,0.24719,-0.49244,-0.13266,-1.6432,0.047569
-0.60927,-0.4482,0.24234,-0.44923,-0.13337,-1.658,0.047794
-0.57212,-0.43128,0.23723,-0.40959,-0.13475,-1.6697,0.047944
-0.53548,-0.4149,0.23186,-0.37356,-0.1368,-1.6782,0.048046
-0.49945,-0.39913,0.22624,-0.34118,-0.1395,-1.6836,0.048123
-0.4641,-0.38408,0.2204,-0.31248,-0.14285,-1.6859,0.0482
-0.42954,-0.36983,0.21433,-0.28745,-0.14683,-1.6851,0.048298
-0.39584,-0.35646,0.20807,-0.26609,-0.15141,-1.6813,0.048436
-0.36308,-0.34405,0.20163,-0.2484,-0.15657,-1.6745,0.048631
-0.33135,-0.33267,0.19502,-0.23434,-0.16227,-1.6648,0.048899
-0.3007,-0.32239,0.18825,-0.22388,-0.16849,-1.6523,0.049254
-0.27121,-0.31326,0.18136,-0.21697,-0.1752,-1.637,0.049706
-0.24293,-0.30534,0.17434,-0.21355,-0.18234,-1.619,0.050263
-0.21591,-0.29867,0.16722,-0.21355,-0.18989,-1.5983,0.050933
-0.1902,-0.29328,0.16001,-0.2169,-0.19781,-1.5752,0.051719
-0.16584,-0.28922,0.15272,-0.22351,-0.20606,-1.5496,0.052623
-0.14284,-0.2865,0.14536,-0.23329,-0.21459,-1.5217,0.053646
-0.12124,-0.28514,0.13795,-0.24615,-0.22336,-1.4917,0.054786
-0.10105,-0.28513,0.13048,-0.26197,-0.23234,-1.4596,0.05604
-0.082284,-0.2865,0.12296,-0.28064,-0.24148,-1.4256,0.057402
-0.064931,-0.28922,0.1154,-0.30203,-0.25075,-1.3899,0.058867
-0.04899,-0.29329,0.1078,-0.32602,-0.2601,-1.3525,0.060426
-0.034445,-0.29868,0.10016,-0.35248,-0.26949,-1.3138,0.062072
-0.021275,-0.30537,0.092477,-0.38126,-0.27889,-1.2737,0.063794
-0.0094537,-0.31331,0.084746,-0.41223,-0.28826,-1.2326,0.065583
0.001054,-0.32249,0.076964,-0.44522,-0.29757,-1.1905,0.067429
0.010289,-0.33283,0.069122,-0.48009,-0.30677,-1.1476,0.06932
0.018296,-0.34431,0.061211,-0.51668,-0.31585,-1.1042,0.071245
0.025129,-0.35686,0.053221,-0.55481,-0.32476,-1.0603,0.073194
0.030845,-0.37041,0.045139,-0.59433,-0.33347,-1.0162,0.075155
0.035506,-0.38491,0.036952,-0.63507,-0.34196,-0.97207,0.077118
0.039179,-0.40029,0.028646,-0.67685,-0.35021,-0.92803,0.079072
0.041934,-0.41648,0.020205,-0.71949,-0.35818,-0.88427,0.081007
0.043848,-0.43339,0.011611,-0.76283,-0.36585,-0.84096,0.082914
0.044998,-0.45096,0.002849,-0.80669,-0.37321,-0.79825,0.084784
0.045464,-0.46911,-0.0061004,-0.85088,-0.38023,-0.75631,0.086608
0.045332,-0.48775,-0.015255,-0.89524,-0.38689,-0.71527,0.08838
0.044686,-0.5068,-0.024633,-0.93959,-0.39318,-0.67529,0.090091
0.043614,-0.52618,-0.034253,-0.98376,-0.39909,-0.63648,0.091736
0.042204,-0.54581,-0.044134,-1.0276,-0.4046,-0.599,0.093309
0.040546,-0.56561,-0.054293,-1.0709,-0.40971,-0.56294,0.094806
0.03873,-0.58548,-0.064749,-1.1135,-0.41441,-0.52842,0.096223
0.036846,-0.60535,-0.075518,-1.1552,-0.41868,-0.49554,0.097555
0.034984,-0.62513,-0.086617,-1.196,-0.42253,-0.46439,0.098801
0.033233,-0.64475,-0.098062,-1.2356,-0.42595,-0.43506,0.099958
0.031681,-0.66413,-0.10987,-1.2739,-0.42895,-0.40761,0.10102
0.030417,-0.68317,-0.12205,-1.3108,-0.43151,-0.38211,0.102
0.029526,-0.70181,-0.13462,-1.3461,-0.43365,-0.35861,0.10289
0.029092,-0.71997,-0.14758,-1.3797,-0.43537,-0.33715,0.10368
0.0292,-0.73757,-0.16096,-1.4115,-0.43667,-0.31777,0.10439
0.029928,-0.75454,-0.17475,-1.4414,-0.43756,-0.30049,0.105
0.031358,-0.77081,-0.18897,-1.4692,-0.43805,-0.28533,0.10553
0.033563,-0.78629,-0.20363,-1.4948,-0.43813,-0.27228,0.10598
0.036619,-0.80093,-0.21871,-1.5183,-0.43783,-0.26136,0.10634
0.040597,-0.81465,-0.23423,-1.5393,-0.43715,-0.25255,0.10662
0.045565,-0.82739,-0.25019,-1.558,-0.4361,-0.24583,0.10682
0.051588,-0.83906,-0.26658,-1.5742,-0.4347,-0.24118,0.10695
0.058728,-0.84962,-0.28339,-1.5878,-0.43294,-0.23856,0.10701
0.067043,-0.85898,-0.30062,-1.5987,-0.43084,-0.23794,0.10701
0.076587,-0.86708,-0.31825,-1.607,-0.42842,-0.23927,0.10693
0.087409,-0.87386,-0.33626,-1.6125,-0.42567,-0.24251,0.1068
0.099554,-0.87924,-0.35464,-1.6151,-0.42262,-0.2476,0.10661
0.11306,-0.88316,-0.37335,-1.6149,-0.41927,-0.25448,0.10637
0.12797,-0.88556,-0.39237,-1.6119,-0.41562,-0.26311,0.10607
0.1443,-0.88636,-0.41165,-1.6058,-0.41168,-0.27341,0.10573
0.16207,-0.88549,-0.43114,-1.5968,-0.40747,-0.28533,0.10534
0.18131,-0.88289,-0.45081,-1.5849,-0.40297,-0.2988,0.10491
0.202,-0.87849,-0.47057,-1.5699,-0.3982,-0.31375,0.10444
0.22415,-0.87222,-0.49036,-1.5518,-0.39315,-0.33012,0.10393
0.24774,-0.86401,-0.5101,-1.5308,-0.38783,-0.34786,0.10339
0.27275,-0.85379,-0.5297,-1.5067,-0.38222,-0.36688,0.10281
0.29914,-0.84149,-0.54905,-1.4795,-0.37631,-0.38714,0.1022
0.32686,-0.82705,-0.56803,-1.4494,-0.37011,-0.40857,0.10155
0.35584,-0.81039,-0.58653,-1.4163,-0.36359,-0.43112,0.10087
0.38601,-0.79147,-0.6044,-1.3802,-0.35674,-0.45472,0.10015
0.41729,-0.77021,-0.62148,-1.3412,-0.34955,-0.47933,0.099403
0.44955,-0.74656,-0.63762,-1.2993,-0.34198,-0.50488,0.098614
0.48268,-0.72047,-0.65263,-1.2546,-0.33402,-0.53133,0.097786
0.51656,-0.6919,-0.66634,-1.2072,-0.32564,-0.55861,0.096913
0.55102,-0.66081,-0.67854,-1.1571,-0.3168,-0.58667,0.095993
0.58591,-0.62718,-0.68903,-1.1045,-0.30749,-0.61545,0.095021
0.62107,-0.591,-0.69761,-1.0495,-0.29767,-0.64488,0.093991
0.65629,-0.55227,-0.70407,-0.99226,-0.28731,-0.6749,0.092897
0.69141,-0.511,-0.7082,-0.93284,-0.27637,-0.70543,0.091731
0.72622,-0.46725,-0.7098,-0.87145,-0.26484,-0.73637,0.090487
0.76053,-0.42106,-0.70868,-0.80827,-0.25268,-0.76764,0.089156
0.79415,-0.37252,-0.70467,-0.74349,-0.23988,-0.79911,0.087728
0.82688,-0.32175,-0.69761,-0.67732,-0.22643,-0.83067,0.086195
0.85855,-0.26888,-0.68737,-0.60997,-0.21231,-0.86216,0.084547
0.88898,-0.21408,-0.67385,-0.54167,-0.19754,-0.89342,0.082775
0.91802,-0.15757,-0.657,-0.47265,-0.18212,-0.92427,0.080869
0.94552,-0.099567,-0.63677,-0.40314,-0.16608,-0.95451,0.078821
0.97137,-0.040348,-0.61321,-0.33339,-0.14946,-0.98392,0.076623
0.99545,0.019787,-0.58636,-0.26362,-0.13231,-1.0122,0.074269
1.0177,0.080508,-0.55634,-0.19406,-0.11469,-1.0392,0.071754
1.038,0.14146,-0.52332,-0.12493,-0.096673,-1.0647,0.069078
1.0563,0.20225,-0.48749,-0.056449,-0.078351,-1.0882,0.06624
1.0726,0.26248,-0.44911,0.011199,-0.05982,-1.1095,0.063245
1.0869,0.32174,-0.40848,0.077832,-0.041191,-1.1284,0.060101
1.0991,0.37961,-0.36591,0.14328,-0.022579,-1.1446,0.056819
1.1093,0.43566,-0.32178,0.20741,-0.0041057,-1.1578,0.053417
1.1174,0.4895,-0.27647,0.27008,0.014103,-1.1678,0.049912
1.1233,0.54072,-0.23037,0.33117,0.031922,-1.1743,0.046331
1.1272,0.58897,-0.18388,0.39059,0.049227,-1.1773,0.042701
1.1291,0.63393,-0.13742,0.44825,0.065898,-1.1765,0.039054
1.1288,0.67529,-0.091358,0.50407,0.081824,-1.1719,0.035422
1.1265,0.71283,-0.046076,0.55798,0.096901,-1.1634,0.031844
1.1221,0.74637,-0.0019092,0.60992,0.11104,-1.1511,0.028354
1.1157,0.77577,0.040836,0.65984,0.12415,-1.135,0.02499
1.1073,0.80096,0.081895,0.70768,0.13619,-1.1153,0.021788
1.097,0.82194,0.12104,0.7534,0.14708,-1.0922,0.018781
1.0848,0.83874,0.15811,0.79697,0.15681,-1.0657,0.015999
1.0708,0.85145,0.19296,0.83833,0.16535,-1.0363,0.013469
1.0551,0.86022,0.22551,0.87746,0.17269,-1.0041,0.011213
1.0378,0.86522,0.25572,0.91433,0.17885,-0.96941,0.0092473
1.0189,0.86665,0.28358,0.94891,0.18384,-0.9326,0.007584
0.99874,0.86477,0.30912,0.98118,0.18769,-0.89394,0.0062292
0.97728,0.85982,0.3324,1.0111,0.19044,-0.85375,0.0051841
0.95471,0.85206,0.3535,1.0388,0.19215,-0.81233,0.0044448
0.93115,0.84178,0.37253,1.0641,0.19286,-0.76997,0.0040031
0.90674,0.82923,0.38959,1.087,0.19264,-0.72694,0.0038469
0.88161,0.8147,0.40482,1.1077,0.19155,-0.68351,0.0039609
0.85588,0.79844,0.41833,1.1261,0.18965,-0.63992,0.0043271
0.82967,0.78068,0.43026,1.1422,0.187,-0.59638,0.0049253
0.80309,0.76168,0.44075,1.1561,0.18369,-0.55308,0.0057343
0.77624,0.74163,0.44991,1.1678,0.17976,-0.51021,0.0067317
0.74922,0.72074,0.45786,1.1774,0.17528,-0.46791,0.007895
0.72212,0.69918,0.46473,1.1849,0.17032,-0.42632,0.0092017
0.695,0.67712,0.47061,1.1903,0.16493,-0.38556,0.01063
0.66793,0.65471,0.4756,1.1938,0.15917,-0.34571,0.012158
0.64098,0.63207,0.4798,1.1953,0.1531,-0.30687,0.013766
0.6142,0.60931,0.48328,1.195,0.14675,-0.2691,0.015436
0.58763,0.58653,0.48613,1.1929,0.14018,-0.23246,0.017148
0.56131,0.56382,0.4884,1.189,0.13344,-0.19698,0.018887
0.53528,0.54124,0.49015,1.1835,0.12655,-0.16271,0.020638
0.50957,0.51887,0.49144,1.1764,0.11956,-0.12967,0.022388
0.48421,0.49675,0.49232,1.1678,0.11251,-0.097871,0.024123
0.45921,0.47492,0.49282,1.1578,0.10541,-0.067329,0.025833
0.4346,0.45342,0.49299,1.1463,0.098309,-0.038048,0.027509
0.4104,0.43228,0.49284,1.1336,0.091222,-0.010029,0.029142
0.38662,0.41151,0.49242,1.1196,0.084174,0.016734,0.030724
0.36328,0.39115,0.49173,1.1045,0.077185,0.042246,0.032249
0.34038,0.37119,0.49081,1.0882,0.070275,0.066519,0.033712
0.31795,0.35166,0.48966,1.071,0.06346,0.089565,0.035109
0.29599,0.33256,0.48831,1.0528,0.056755,0.1114,0.036434
0.27451,0.31389,0.48677,1.0338,0.050173,0.13204,0.037687
0.25352,0.29566,0.48504,1.0139,0.043725,0.15149,0.038863
0.23304,0.27787,0.48313,0.99327,0.037421,0.16979,0.039961
0.21307,0.26052,0.48106,0.97199,0.03127,0.18696,0.040981
0.19362,0.2436,0.47883,0.95011,0.02528,0.203,0.04192
0.1747,0.22713,0.47644,0.92768,0.019457,0.21794,0.042779
0.15631,0.21109,0.47389,0.90479,0.013807,0.23181,0.043557
0.13847,0.19548,0.4712,0.88147,0.0083337,0.24463,0.044255
0.12119,0.18031,0.46836,0.85781,0.0030407,0.25642,0.044872
0.10446,0.16557,0.46538,0.83386,-0.0020689,0.2672,0.045411
0.088292,0.15125,0.46226,0.80967,-0.0069932,0.27701,0.045872
0.072698,0.13735,0.459,0.78531,-0.011731,0.28585,0.046256
0.05768,0.12387,0.4556,0.76082,-0.016281,0.29376,0.046564
0.043241,0.11081,0.45207,0.73626,-0.020643,0.30076,0.046798
0.029387,0.098167,0.4484,0.71168,-0.024817,0.30689,0.046959
0.016119,0.085933,0.4446,0.68713,-0.028805,0.31215,0.04705
0.0034397,0.074106,0.44067,0.66265,-0.032608,0.31658,0.047073
-0.0086493,0.062685,0.43661,0.63829,-0.036226,0.32021,0.047028
-0.020148,0.051666,0.43243,0.61409,-0.039662,0.32305,0.046918
-0.031056,0.041045,0.42812,0.59009,-0.042919,0.32515,0.046746
-0.041376,0.03082,0.42369,0.56633,-0.045998,0.32651,0.046513
-0.051109,0.020987,0.41914,0.54284,-0.048903,0.32718,0.046222
-0.060259,0.011544,0.41447,0.51965,-0.051637,0.32718,0.045875
-0.068831,0.0024848,0.40969,0.4968,-0.054202,0.32654,0.045473
-0.076828,-0.0061927,0.4048,0.47431,-0.056603,0.32527,0.04502
-0.084258,-0.014493,0.39981,0.45222,-0.058843,0.32342,0.044518
-0.091126,-0.02242,0.39471,0.43053,-0.060926,0.32101,0.043968
-0.097442,-0.029978,0.38952,0.40929,-0.062856,0.31806,0.043374
-0.10321,-0.037172,0.38423,0.3885,-0.064636,0.31461,0.042737
-0.10845,-0.044007,0.37885,0.36819,-0.066272,0.31068,0.042059
-0.11316,-0.050488,0.37339,0.34837,-0.067766,0.3063,0.041344
-0.11736,-0.056619,0.36785,0.32906,-0.069124,0.3015,0.040592
-0.12106,-0.062407,0.36224,0.31027,-0.070349,0.2963,0.039807
-0.12427,-0.067857,0.35656,0.292,-0.071446,0.29074,0.038989
-0.127,-0.072975,0.35083,0.27428,-0.07242,0.28484,0.038143
-0.12927,-0.077767,0.34503,0.25709,-0.073273,0.27862,0.037269
-0.13109,-0.08224,0.33919,0.24046,-0.074011,0.27212,0.036369
-0.13248,-0.0864,0.3333,0.22439,-0.074637,0.26535,0.035446
-0.13345,-0.090254,0.32737,0.20887,-0.075157,0.25835,0.034501
-0.13402,-0.093809,0.32142,0.19392,-0.075573,0.25114,0.033536
-0.1342,-0.097071,0.31544,0.17952,-0.07589,0.24375,0.032553
-0.13401,-0.10005,0.30945,0.16568,-0.076113,0.23619,0.031554
-0.13346,-0.10275,0.30344,0.1524,-0.076244,0.22849,0.03054
-0.13258,-0.10518,0.29743,0.13968,-0.076289,0.22068,0.029514
-0.13137,-0.10735,0.29142,0.1275,-0.076249,0.21277,0.028476
-0.12987,-0.10926,0.28541,0.11587,-0.076131,0.20479,0.027428
-0.12807,-0.11092,0.27943,0.10477,-0.075936,0.19676,0.026372
-0.126,-0.11235,0.27346,0.09421,-0.075669,0.1887,0.025308
-0.12368,-0.11355,0.26752,0.08417,-0.075333,0.18063,0.024239
-0.12112,-0.11452,0.26161,0.074646,-0.074931,0.17256,0.023166
-0.11834,-0.11528,0.25575,0.065627,-0.074467,0.16451,0.02209
-0.11535,-0.11583,0.24992,0.057104,-0.073944,0.15651,0.021011
-0.11218,-0.11618,0.24415,0.049068,-0.073365,0.14856,0.019932
-0.10883,-0.11635,0.23843,0.041507,-0.072734,0.14068,0.018853
-0.10532,-0.11633,0.23278,0.034409,-0.072052,0.13289,0.017776
-0.10167,-0.11613,0.22719,0.027764,-0.071325,0.1252,0.0167
-0.0979,-0.11578,0.22167,0.021558,-0.070553,0.11762,0.015628
-0.094014,-0.11526,0.21622,0.01578,-0.06974,0.11016,0.01456
-0.090029,-0.1146,0.21086,0.010417,-0.068889,0.10283,0.013497
-0.085961,-0.11379,0.20558,0.0054557,-0.068003,0.095657,0.01244
-0.081822,-0.11286,0.20038,0.00088268,-0.067084,0.088633,0.01139
-0.077627,-0.11179,0.19528,-0.0033154,-0.066134,0.081773,0.010347
-0.073386,-0.11061,0.19027,-0.0071523,-0.065156,0.075083,0.0093117
-0.069114,-0.10933,0.18536,-0.010642,-0.064153,0.068571,0.0082853
-0.064822,-0.10794,0.18055,-0.013797,-0.063128,0.062244,0.0072683
-0.06052,-0.10646,0.17584,-0.016633,-0.062081,0.056107,0.0062612
-0.056221,-0.10489,0.17124,-0.019163,-0.061016,0.050165,0.0052645
-0.051934,-0.10324,0.16674,-0.021402,-0.059935,0.044423,0.004279
-0.047669,-0.10153,0.16236,-0.023363,-0.05884,0.038884,0.0033049
-0.043436,-0.099748,0.15808,-0.02506,-0.057734,0.033551,0.0023429
-0.039244,-0.097913,0.15392,-0.026506,-0.056617,0.028427,0.0013932
-0.035101,-0.096028,0.14987,-0.027717,-0.055493,0.023513,0.00045649
-0.031015,-0.094102,0.14593,-0.028705,-0.054362,0.018811,-0.00046701
-0.026994,-0.092139,0.14211,-0.029483,-0.053228,0.014321,-0.0013769
-0.023045,-0.090148,0.1384,-0.030066,-0.052092,0.010044,-0.0022729
-0.019174,-0.088134,0.13481,-0.030465,-0.050955,0.0059791,-0.0031546
-0.015388,-0.086103,0.13133,-0.030694,-0.049819,0.0021255,-0.0040218
-0.011691,-0.084062,0.12797,-0.030766,-0.048686,-0.001518,-0.0048742
-0.0080902,-0.082016,0.12472,-0.030693,-0.047558,-0.0049533,-0.0057116
-0.0045888,-0.07997,0.12158,-0.030486,-0.046436,-0.0081824,-0.0065338
-0.0011916,-0.077931,0.11856,-0.030158,-0.045321,-0.011208,-0.0073406
0.0020978,-0.075902,0.11565,-0.029719,-0.044214,-0.014033,-0.0081319
0.0052759,-0.073889,0.11284,-0.029182,-0.043118,-0.016661,-0.0089074
0.0083398,-0.071897,0.11015,-0.028556,-0.042033,-0.019094,-0.0096672
0.011287,-0.069929,0.10756,-0.027852,-0.04096,-0.021339,-0.010411
0.014115,-0.06799,0.10508,-0.02708,-0.039901,-0.023397,-0.011139
0.016823,-0.066084,0.1027,-0.02625,-0.038856,-0.025275,-0.011851
0.019408,-0.064214,0.10042,-0.02537,-0.037827,-0.026977,-0.012547
0.021871,-0.062384,0.098244,-0.02445,-0.036814,-0.028507,-0.013227
0.02421,-0.060597,0.096162,-0.023498,-0.035818,-0.029872,-0.013891
0.026425,-0.058855,0.094175,-0.022521,-0.034839,-0.031076,-0.014539
0.028516,-0.057161,0.09228,-0.021527,-0.03388,-0.032125,-0.015171
0.030483,-0.055518,0.090475,-0.020524,-0.032939,-0.033025,-0.015787
0.032327,-0.053927,0.088757,-0.019517,-0.032018,-0.033782,-0.016387
0.03405,-0.05239,0.087124,-0.018514,-0.031117,-0.034402,-0.016972
0.035651,-0.050909,0.085573,-0.017519,-0.030236,-0.03489,-0.017542
0.037133,-0.049485,0.084101,-0.016538,-0.029376,-0.035254,-0.018096
0.038498,-0.048119,0.082705,-0.015575,-0.028538,-0.035499,-0.018634
0.039747,-0.046812,0.081383,-0.014636,-0.02772,-0.035632,-0.019158
0.040884,-0.045563,0.080132,-0.013724,-0.026924,-0.035659,-0.019667
0.041909,-0.044374,0.078949,-0.012843,-0.02615,-0.035587,-0.020161
0.042827,-0.043244,0.07783,-0.011995,-0.025397,-0.035422,-0.020641
0.043639,-0.042173,0.076774,-0.011184,-0.024665,-0.035171,-0.021107
0.04435,-0.041161,0.075777,-0.010411,-0.023956,-0.03484,-0.021559
0.044962,-0.040206,0.074837,-0.0096779,-0.023267,-0.034435,-0.021997
0.04548,-0.039308,0.073949,-0.0089871,-0.0226,-0.033963,-0.022421
0.045906,-0.038465,0.073112,-0.008339,-0.021955,-0.033431,-0.022832
0.046245,-0.037677,0.072323,-0.0077344,-0.02133,-0.032844,-0.02323
0.046501,-0.036941,0.071578,-0.0071735,-0.020726,-0.03221,-0.023616
0.046677,-0.036257,0.070875,-0.0066562,-0.020142,-0.031533,-0.023988
0.046779,-0.03562,0.07021,-0.0061821,-0.019579,-0.030821,-0.024349
0.046812,-0.035031,0.069582,-0.0057504,-0.019035,-0.030079,-0.024698
0.046778,-0.034486,0.068986,-0.00536,-0.018511,-0.029313,-0.025034
0.046684,-0.033982,0.06842,-0.0050095,-0.018006,-0.028529,-0.02536
0.046535,-0.033518,0.067881,-0.0046971,-0.01752,-0.027732,-0.025674
0.046335,-0.03309,0.067366,-0.004421,-0.017053,-0.026929,-0.025977
0.04609,-0.032695,0.066873,-0.0041789,-0.016603,-0.026125,-0.026269
0.045805,-0.03233,0.066398,-0.0039682,-0.016172,-0.025324,-0.026551
0.045485,-0.031992,0.065938,-0.0037864,-0.015758,-0.024533,-0.026822
0.045137,-0.031678,0.065491,-0.0036304,-0.01536,-0.023755,-0.027083
0.044765,-0.031384,0.065053,-0.0034971,-0.01498,-0.022997,-0.027334
0.044375,-0.031107,0.064623,-0.0033833,-0.014616,-0.022262,-0.027576
0.043975,-0.030843,0.064196,-0.0032856,-0.014268,-0.021555,-0.027808
