0.27185
0.27185
0.27183
0.27179
0.27174
0.27167
0.2716
0.27152
0.27143
0.27134
0.27125
0.27115
0.27105
0.27095
0.27085
0.27075
0.27065
0.27054
0.27044
0.27034
0.27024
0.27014
0.27004
0.26993
0.26983
0.26973
0.26962
0.26952
0.26941
0.2693
0.26919
0.26907
0.26895
0.26883
0.26871
0.26858
0.26844
0.26831
0.26816
0.26801
0.26786
0.2677
0.26753
0.26735
0.26717
0.26697
0.26677
0.26656
0.26634
0.26611
0.26587
0.26562
0.26535
0.26508
0.26479
0.26448
0.26416
0.26383
0.26348
0.26312
0.26273
0.26233
0.26192
0.26148
0.26102
0.26054
0.26003
0.25951
0.25896
0.25838
0.25778
0.25715
0.25649
0.2558
0.25508
0.25433
0.25354
0.25272
0.25186
0.25096
0.25002
0.24904
0.24802
0.24696
0.24584
0.24468
0.24348
0.24222
0.24091
0.23955
0.23813
0.23665
0.23512
0.23353
0.23188
0.23017
0.2284
0.22657
0.22467
0.2227
0.22067
0.21858
0.21641
0.21418
0.21189
0.20952
0.20708
0.20458
0.20201
0.19937
0.19666
0.19388
0.19104
0.18812
0.18514
0.1821
0.17899
0.17581
0.17258
0.16928
0.16592
0.16251
0.15904
0.15552
0.15195
0.14834
0.14469
0.141
0.13729
0.13356
0.12981
0.12606
0.12233
0.11861
0.11492
0.11128
0.10771
0.10423
0.10085
0.097604
0.094504
0.091578
0.088847
0.086332
0.084051
0.082018
0.08024
0.078721
0.077457
0.076439
0.075651
0.075076
0.074691
0.074474
0.074405
0.074462
0.074629
0.074891
0.075239
0.075663
0.07616
0.076727
0.077365
0.078075
0.07886
0.079723
0.080667
0.081697
0.082815
0.084024
0.085325
0.086721
0.08821
0.089794
0.09147
0.093236
0.095092
0.097034
0.09906
0.10117
0.10336
0.10563
0.10797
0.1104
0.11291
0.11549
0.11816
0.12091
0.12373
0.12664
0.12963
0.13269
0.13583
0.13903
0.14229
0.1456
0.14896
0.15234
0.15575
0.15917
0.16259
0.166
0.16938
0.17274
0.17605
0.17931
0.18251
0.18565
0.18871
0.19169
0.19459
0.19741
0.20013
0.20276
0.2053
0.20774
0.21009
0.21233
0.21448
0.21654
0.2185
0.22036
0.22214
0.22382
0.22542
0.22693
0.22836
0.22971
0.23098
0.23217
0.2333
0.23436
0.23535
0.23628
0.23715
0.23797
0.23874
0.23945
0.24013
0.24076
0.24135
0.24191
0.24244
0.24294
0.24342
0.24387
0.24431
0.24473
0.24514
0.24554
0.24594
0.24633
0.24673
0.24713
0.24753
0.24794
0.24837
0.2488
0.24925
0.24971
0.25019
0.25068
0.25119
0.25172
0.25227
0.25283
0.25341
0.254
0.25461
0.25522
0.25585
0.25647
0.2571
0.25773
0.25834
0.25895
0.25954
0.2601
0.26064
0.26114
0.26159
0.262
0.26235
0.26263
0.26284
0.26297
0.263
0.26294
0.26277
0.26248
0.26207
0.26152
0.26084
0.26
0.25902
0.25787
0.25657
0.25509
0.25346
0.25166
0.2497
0.24758
0.24531
0.24289
0.24034
0.23767
0.23489
0.23202
0.22906
0.22604
0.22297
0.21987
0.21676
0.21365
0.21056
0.20751
0.20451
0.20159
0.19875
0.196
0.19338
0.19088
0.18852
0.18631
0.18427
0.1824
0.18072
0.17923
0.17794
0.17686
0.176
0.17535
0.17493
0.17473
0.17476
0.17501
0.17549
0.17619
0.17711
0.17823
0.17956
0.18108
0.18278
0.18465
0.18667
0.18883
0.19111
0.1935
0.19598
0.19854
0.20115
0.2038
0.20647
0.20915
0.21183
0.21448
0.21709
0.21966
0.22217
0.22461
0.22698
0.22926
0.23145
0.23354
0.23553
0.23742
0.2392
0.24088
0.24245
0.24392
0.24529
0.24655
0.24772
0.24879
0.24977
0.25066
0.25147
0.2522
0.25286
0.25345
0.25397
0.25443
0.25483
0.25518
0.25548
0.25573
0.25595
0.25613
0.25627
0.25638
0.25647
0.25653
0.25657
0.2566
0.2566
0.2566
0.25658
0.25654
0.25651
0.25646
0.25641
0.25636
0.2563
0.25624
0.25618
0.25613
0.25607
0.25601
0.25596
0.25591
0.25586
0.25582
0.25578
0.25575
0.25572
0.25569
0.25567
0.25565
0.25564
0.25563
0.25563
0.25563
0.25564
0.25564
0.25566
0.25567
0.2557
0.25572
0.25575
0.25578
0.25581
0.25585
0.25588
0.25592
0.25597
0.25601
0.25606
0.2561
0.25615
0.2562
0.25625
0.2563
0.25635
0.2564
0.25645
0.25651
0.25656
0.25661
0.25666
0.25671
0.25676
0.25681
0.25685
0.2569
0.25695
0.25699
0.25704
0.25708
0.25712
0.25716
0.2572
0.25724
0.25728
0.25732
0.25735
0.25739
0.25742
0.25745
0.25748
0.25751
0.25754
0.25757
0.2576
0.25762
0.25765
0.25767
0.25769
0.25772
0.25774
0.25776
0.25778
0.2578
0.25782
0.25783
0.25785
0.25787
0.25788
0.2579
0.25792
0.25793
0.25795
0.25796
0.25798
0.25799
0.25801
0.25802
0.25804
0.25805
0.25807
0.25808
