0.49927,-4.4654,-2.8594,0.34359,-1.6357,0.069657,-4.1376
0.47644,-4.0838,-2.5458,0.30396,-1.3839,0.059982,-3.7864
0.45016,-3.7351,-2.2682,0.26806,-1.1638,0.039421,-3.4661
0.42168,-3.4163,-2.0223,0.23548,-0.97155,0.010482,-3.1739
0.39191,-3.1248,-1.8045,0.20584,-0.80375,-0.02478,-2.9072
0.36149,-2.8583,-1.6116,0.17882,-0.65739,-0.064686,-2.6639
0.33086,-2.6146,-1.4407,0.15408,-0.5298,-0.10786,-2.4417
0.30031,-2.3917,-1.2893,0.13135,-0.41863,-0.1532,-2.2389
0.27002,-2.188,-1.1552,0.11037,-0.3218,-0.19978,-2.0537
0.24008,-2.0017,-1.0364,0.090914,-0.23748,-0.24687,-1.8845
0.21053,-1.8313,-0.93109,0.072761,-0.16406,-0.29389,-1.73
0.18136,-1.6756,-0.83775,0.055726,-0.1001,-0.34037,-1.5889
0.15255,-1.5333,-0.75496,0.039641,-0.044375,-0.38593,-1.4599
0.12403,-1.4032,-0.68149,0.024353,0.0042199,-0.43028,-1.342
0.09575,-1.2844,-0.61624,0.0097296,0.046641,-0.47319,-1.2343
0.06764,-1.1759,-0.55821,-0.0043493,0.083726,-0.5145,-1.1358
0.039633,-1.0768,-0.50653,-0.017989,0.11621,-0.55408,-1.0457
0.011664,-0.98642,-0.46041,-0.031281,0.14472,-0.59184,-0.96322
-0.016329,-0.90392,-0.41915,-0.044306,0.16983,-0.62772,-0.88778
-0.044403,-0.82868,-0.38215,-0.057133,0.192,-0.66169,-0.81872
-0.072608,-0.7601,-0.34883,-0.069824,0.21167,-0.69374,-0.75546
-0.10099,-0.69761,-0.31872,-0.082428,0.2292,-0.72386,-0.6975
-0.12959,-0.64071,-0.29138,-0.094988,0.24489,-0.75209,-0.64437
-0.15844,-0.58892,-0.26641,-0.10754,0.25901,-0.77843,-0.59563
-0.18757,-0.54181,-0.24347,-0.12011,0.27181,-0.80293,-0.55089
-0.217,-0.49898,-0.22227,-0.13272,0.28348,-0.82563,-0.50981
-0.24675,-0.46006,-0.20252,-0.14539,0.29418,-0.84658,-0.47205
-0.27684,-0.42473,-0.184,-0.15812,0.30406,-0.86582,-0.43732
-0.30728,-0.39267,-0.16649,-0.17092,0.31325,-0.88342,-0.40535
-0.33808,-0.36359,-0.14981,-0.18379,0.32184,-0.89942,-0.3759
-0.36924,-0.33724,-0.13381,-0.19673,0.32992,-0.91389,-0.34873
-0.40077,-0.31337,-0.11833,-0.20972,0.33756,-0.92689,-0.32365
-0.43268,-0.29175,-0.10328,-0.22276,0.34482,-0.93846,-0.30047
-0.46497,-0.27219,-0.088528,-0.23582,0.35175,-0.94869,-0.27902
-0.49763,-0.25448,-0.074003,-0.24889,0.35838,-0.95762,-0.25914
-0.53067,-0.23846,-0.059628,-0.26193,0.36474,-0.96532,-0.24071
-0.5641,-0.22396,-0.045342,-0.27493,0.37085,-0.97184,-0.22358
-0.59791,-0.21083,-0.031097,-0.28786,0.37673,-0.97726,-0.20764
-0.63211,-0.19894,-0.016854,-0.30066,0.38239,-0.98163,-0.19279
-0.6667,-0.18814,-0.0025849,-0.31332,0.38783,-0.98501,-0.17893
-0.7017,-0.17832,0.011729,-0.32579,0.39305,-0.98746,-0.16597
-0.73709,-0.16936,0.0261,-0.33802,0.39805,-0.98906,-0.15384
-0.77291,-0.16117,0.040529,-0.34998,0.40282,-0.98985,-0.14245
-0.80914,-0.15363,0.055013,-0.3616,0.40736,-0.98991,-0.13174
-0.84581,-0.14666,0.06954,-0.37284,0.41165,-0.98929,-0.12166
-0.88293,-0.14018,0.084092,-0.38365,0.41567,-0.98807,-0.11214
-0.92051,-0.13409,0.098645,-0.39396,0.41943,-0.9863,-0.10313
-0.95857,-0.12831,0.11317,-0.40373,0.42289,-0.98405,-0.0946
-0.99712,-0.12278,0.12763,-0.41288,0.42604,-0.98139,-0.086491
-1.0362,-0.11743,0.14198,-0.42136,0.42886,-0.97839,-0.078769
-1.0758,-0.11217,0.15617,-0.42911,0.43134,-0.97511,-0.071399
-1.116,-0.10695,0.17016,-0.43605,0.43344,-0.97162,-0.064348
-1.1568,-0.10171,0.18388,-0.44211,0.43515,-0.968,-0.057585
-1.1981,-0.096369,0.19727,-0.44724,0.43644,-0.96431,-0.051082
-1.2402,-0.090882,0.21027,-0.45135,0.43729,-0.96063,-0.044814
-1.2829,-0.085185,0.22279,-0.45439,0.43768,-0.95703,-0.038756
-1.3263,-0.079218,0.23477,-0.45627,0.43759,-0.95358,-0.032885
-1.3704,-0.072923,0.24611,-0.45693,0.43698,-0.95036,-0.027182
-1.4152,-0.066243,0.25673,-0.45629,0.43583,-0.94745,-0.021625
-1.4609,-0.059121,0.26654,-0.45429,0.43412,-0.94491,-0.016197
-1.5073,-0.051499,0.27543,-0.45086,0.43182,-0.94282,-0.01088
-1.5546,-0.04332,0.2833,-0.44592,0.4289,-0.94126,-0.0056562
-1.6027,-0.034527,0.29005,-0.43941,0.42534,-0.9403,-0.00051094
-1.6517,-0.025063,0.29556,-0.43127,0.42111,-0.94001,0.0045716
-1.7016,-0.014869,0.29971,-0.42142,0.41618,-0.94047,0.0096063
-1.7524,-0.0038889,0.30239,-0.40982,0.41053,-0.94175,0.014607
-1.8041,0.0079369,0.30346,-0.39641,0.40413,-0.94391,0.019589
-1.8567,0.020667,0.30281,-0.38113,0.39696,-0.94703,0.024564
-1.9102,0.034359,0.30028,-0.36393,0.38898,-0.95115,0.029547
-1.9646,0.049073,0.29575,-0.34478,0.38018,-0.95634,0.034551
-2.0198,0.064869,0.28909,-0.32363,0.37053,-0.96266,0.039587
-2.0759,0.081805,0.28015,-0.30046,0.36001,-0.97014,0.04467
-2.1328,0.099943,0.26878,-0.27524,0.34859,-0.97884,0.049811
-2.1905,0.11934,0.25486,-0.24795,0.33625,-0.98878,0.055022
-2.2489,0.14006,0.23823,-0.21859,0.32298,-0.99998,0.060316
-2.3078,0.16216,0.21876,-0.18715,0.30876,-1.0125,0.065704
-2.3674,0.1857,0.19632,-0.15364,0.29357,-1.0262,0.071197
-2.4273,0.21074,0.17077,-0.11808,0.2774,-1.0413,0.076807
-2.4876,0.23734,0.14199,-0.080507,0.26026,-1.0576,0.082544
-2.5481,0.26556,0.10987,-0.040949,0.24212,-1.0751,0.088417
-2.6085,0.29546,0.074291,0.0005392,0.22301,-1.0938,0.094436
-2.6689,0.32711,0.035166,0.043895,0.20291,-1.1135,0.10061
-2.7289,0.36055,-0.0075856,0.089044,0.18186,-1.1343,0.10694
-2.7884,0.39586,-0.054027,0.1359,0.15985,-1.1559,0.11344
-2.847,0.43308,-0.1042,0.18436,0.13694,-1.1783,0.12012
-2.9047,0.47229,-0.15813,0.23432,0.11314,-1.2012,0.12696
-2.9611,0.51354,-0.2158,0.28565,0.088512,-1.2246,0.13398
-3.0158,0.55689,-0.27718,0.33822,0.063103,-1.248,0.14118
-3.0686,0.60241,-0.34221,0.39188,0.036982,-1.2714,0.14855
-3.1191,0.65015,-0.41079,0.44646,0.010227,-1.2944,0.15609
-3.167,0.70017,-0.48275,0.5018,-0.017071,-1.3167,0.16379
-3.2118,0.75254,-0.55793,0.55772,-0.04481,-1.3379,0.17164
-3.2531,0.8073,-0.63609,0.61403,-0.072872,-1.3577,0.17962
-3.2905,0.86451,-0.71694,0.67053,-0.10113,-1.3756,0.18773
-3.3235,0.9242,-0.80015,0.72703,-0.12943,-1.3911,0.19595
-3.3516,0.98642,-0.88532,0.7833,-0.15762,-1.4037,0.20425
-3.3743,1.0512,-0.972,0.83915,-0.18552,-1.413,0.21263
-3.3911,1.1185,-1.0597,0.89436,-0.21296,-1.4182,0.22104
-3.4013,1.1883,-1.1478,0.94872,-0.23972,-1.4188,0.22948
-3.4045,1.2606,-1.2356,1.002,-0.26561,-1.4142,0.23791
-3.3999,1.3353,-1.3226,1.054,-0.2904,-1.4037,0.24633
-3.3871,1.4123,-1.4078,1.1046,-0.31387,-1.3865,0.25469
-3.3652,1.4914,-1.4905,1.1535,-0.3358,-1.3621,0.263
-3.3338,1.5723,-1.5699,1.2006,-0.35594,-1.3295,0.27123
-3.2921,1.6547,-1.6448,1.2456,-0.37408,-1.2883,0.27938
-3.2395,1.7383,-1.7146,1.2884,-0.38999,-1.2375,0.28745
-3.1753,1.8226,-1.778,1.3289,-0.40347,-1.1767,0.29543
-3.0989,1.9068,-1.8341,1.3668,-0.41433,-1.105,0.30336
-3.0097,1.9904,-1.8819,1.4021,-0.4224,-1.0221,0.31125
-2.9071,2.0725,-1.9205,1.4346,-0.42754,-0.92732,0.31914
-2.7906,2.1522,-1.9488,1.4641,-0.42965,-0.82034,0.32708
-2.6597,2.2282,-1.966,1.4905,-0.42865,-0.70086,0.33511
-2.5141,2.2995,-1.9713,1.5136,-0.42453,-0.56875,0.34331
-2.3535,2.3648,-1.964,1.5332,-0.4173,-0.42402,0.35175
-2.1777,2.4225,-1.9436,1.5492,-0.40704,-0.26688,0.3605
-1.9868,2.4713,-1.9098,1.5613,-0.39387,-0.097732,0.36963
-1.781,2.5096,-1.8624,1.5693,-0.37797,0.082821,0.37921
-1.5606,2.5359,-1.8014,1.5728,-0.35957,0.27394,0.38931
-1.3262,2.5488,-1.7271,1.5717,-0.33893,0.47458,0.39996
-1.0787,2.5469,-1.6402,1.5655,-0.31637,0.68346,0.4112
-0.81916,2.529,-1.5413,1.5539,-0.29222,0.89908,0.42303
-0.54873,2.494,-1.4315,1.5364,-0.26687,1.1198,0.43541
-0.26894,2.4413,-1.3121,1.5129,-0.24068,1.3437,0.44828
0.018542,2.3703,-1.1845,1.4827,-0.21404,1.5689,0.46156
0.31189,2.281,-1.0504,1.4456,-0.18732,1.7934,0.4751
0.60915,2.1734,-0.91149,1.4012,-0.16088,2.015,0.48875
0.90827,2.0481,-0.76971,1.3492,-0.13504,2.2317,0.50232
1.2072,1.906,-0.62692,1.2895,-0.11009,2.4414,0.51558
1.5038,1.7483,-0.48499,1.2217,-0.086283,2.6423,0.52832
1.7961,1.5764,-0.34573,1.1458,-0.063814,2.8326,0.54028
2.0823,1.392,-0.21085,1.0619,-0.04284,3.0108,0.55123
2.3606,1.1971,-0.081906,0.96998,-0.023473,3.1756,0.56094
2.6294,0.99351,0.039727,0.8703,-0.0057766,3.3258,0.56921
2.8874,0.78336,0.15288,0.76314,0.01022,3.4607,0.57583
3.1336,0.56868,0.25659,0.64891,0.024523,3.5797,0.58067
3.3669,0.35148,0.35014,0.52807,0.037164,3.6824,0.58359
3.5868,0.13364,0.43301,0.40121,0.048197,3.7688,0.58452
3.7929,-0.083061,0.50489,0.26893,0.05769,3.839,0.58341
3.985,-0.29703,0.56569,0.13194,0.065721,3.8934,0.58025
4.1631,-0.50685,0.61546,-0.0090271,0.07237,3.9324,0.57507
4.3273,-0.71128,0.65442,-0.15321,0.077719,3.9567,0.56793
4.4779,-0.90929,0.68291,-0.29982,0.081846,3.967,0.55892
4.6154,-1.1,0.70137,-0.44803,0.084822,3.9642,0.54815
4.7402,-1.2828,0.7103,-0.59705,0.086714,3.9491,0.53574
4.853,-1.4571,0.71027,-0.74605,0.087577,3.9226,0.52184
4.9543,-1.6226,0.70186,-0.89425,0.087462,3.8856,0.50659
5.0447,-1.7791,0.68568,-1.0408,0.086407,3.839,0.49016
5.1248,-1.9264,0.66231,-1.1851,0.084448,3.7837,0.47268
5.1953,-2.0644,0.63233,-1.3262,0.08161,3.7205,0.45432
5.2567,-2.1932,0.59627,-1.4634,0.077914,3.65,0.4352
5.3096,-2.3129,0.55463,-1.5961,0.073376,3.5731,0.41547
5.3544,-2.4236,0.50788,-1.7236,0.068009,3.4903,0.39526
5.3915,-2.5255,0.4564,-1.8452,0.061823,3.4022,0.37467
5.4214,-2.6186,0.40054,-1.9602,0.054827,3.3093,0.3538
5.4443,-2.7031,0.34061,-2.0682,0.047029,3.212,0.33275
5.4605,-2.7791,0.27683,-2.1685,0.038437,3.1106,0.31158
5.4703,-2.8467,0.20941,-2.2605,0.02906,3.0054,0.29037
5.4736,-2.906,0.13847,-2.3438,0.018909,2.8966,0.26916
5.4707,-2.957,0.064111,-2.4178,0.0079958,2.7844,0.248
5.4615,-2.9997,-0.013619,-2.4821,-0.0036627,2.6689,0.2269
5.4461,-3.034,-0.094706,-2.5362,-0.016048,2.55,0.2059
5.4244,-3.0597,-0.17917,-2.5798,-0.029139,2.4278,0.18499
5.3963,-3.0767,-0.26705,-2.6123,-0.042907,2.3023,0.16417
5.3616,-3.0849,-0.35842,-2.6335,-0.057322,2.1732,0.14345
5.3203,-3.0838,-0.45334,-2.6431,-0.072348,2.0406,0.12279
5.2722,-3.0731,-0.5519,-2.6407,-0.087943,1.9043,0.10218
5.2169,-3.0525,-0.65417,-2.6261,-0.10406,1.764,0.081593
5.1544,-3.0214,-0.76021,-2.5991,-0.12064,1.6195,0.060986
5.0844,-2.9795,-0.87005,-2.5594,-0.13763,1.4708,0.040325
5.0067,-2.9261,-0.98369,-2.507,-0.15494,1.3175,0.01957
4.9211,-2.8607,-1.1011,-2.4416,-0.17251,1.1594,-0.0013244
4.8274,-2.7826,-1.2221,-2.3633,-0.19024,0.9964,-0.0224
4.7254,-2.6913,-1.3466,-2.2719,-0.20803,0.82817,-0.043701
4.615,-2.5861,-1.4743,-2.1676,-0.22577,0.6546,-0.065268
4.4961,-2.4664,-1.6048,-2.0503,-0.24332,0.47553,-0.087137
4.3686,-2.3316,-1.7377,-1.9202,-0.26055,0.29087,-0.10934
4.2326,-2.1812,-1.8724,-1.7774,-0.27729,0.10056,-0.1319
4.0882,-2.0147,-2.008,-1.6221,-0.29339,-0.095362,-0.15483
3.9355,-1.8318,-2.1437,-1.4547,-0.30864,-0.2968,-0.17813
3.7747,-1.6323,-2.2785,-1.2754,-0.32284,-0.50356,-0.20179
3.6062,-1.4161,-2.4112,-1.0846,-0.33577,-0.71533,-0.22576
3.4304,-1.1834,-2.5404,-0.88283,-0.34719,-0.93166,-0.25001
3.2477,-0.93463,-2.6645,-0.67062,-0.35685,-1.152,-0.27445
3.0587,-0.67039,-2.782,-0.44861,-0.36449,-1.3756,-0.29898
2.8641,-0.39165,-2.8911,-0.2175,-0.36983,-1.6015,-0.3235
2.6645,-0.099648,-2.9899,0.021878,-0.37258,-1.8288,-0.34783
2.4607,0.20402,-3.0765,0.2686,-0.37247,-2.0561,-0.37183
2.2533,0.51743,-3.1489,0.52162,-0.36921,-2.282,-0.3953
2.043,0.83835,-3.2052,0.77978,-0.36253,-2.5049,-0.41802
1.8307,1.1642,-3.2434,1.0418,-0.35217,-2.7231,-0.43978
1.6168,1.4922,-3.262,1.3062,-0.3379,-2.9346,-0.46034
1.402,1.8192,-3.2593,1.5715,-0.3195,-3.1375,-0.47948
1.1868,2.142,-3.2339,1.8359,-0.2968,-3.3297,-0.49696
0.97154,2.4572,-3.1849,2.0976,-0.26969,-3.509,-0.51257
0.75656,2.7613,-3.1115,2.3547,-0.23808,-3.6734,-0.52612
0.54207,3.0511,-3.0134,2.6051,-0.20196,-3.8209,-0.53742
0.32823,3.3232,-2.8907,2.8467,-0.16138,-3.9494,-0.54634
0.11517,3.5746,-2.7439,3.0773,-0.11647,-4.0572,-0.55278
-0.097036,3.8025,-2.5737,3.2946,-0.067435,-4.1427,-0.55667
-0.30825,4.0044,-2.3817,3.4964,-0.014544,-4.2046,-0.55797
-0.5183,4.1784,-2.1695,3.6806,0.04184,-4.2417,-0.5567
-0.72692,4.3228,-1.9391,3.8451,0.10128,-4.2533,-0.55289
-0.93372,4.4365,-1.693,3.9881,0.16327,-4.239,-0.54663
-1.1382,4.5189,-1.4338,4.1078,0.22723,-4.1985,-0.53801
-1.3396,4.5698,-1.1644,4.2026,0.29253,-4.1321,-0.52717
-1.5372,4.5895,-0.8877,4.2715,0.3585,-4.0402,-0.51424
-1.7299,4.5788,-0.60674,4.3135,0.42445,-3.9236,-0.49939
-1.9168,4.5388,-0.32451,4.328,0.48966,-3.7834,-0.48277
-2.0965,4.4711,-0.043944,4.3148,0.55342,-3.6209,-0.46457
-2.2679,4.3773,0.23221,4.2739,0.61506,-3.4376,-0.44495
-2.4298,4.2596,0.5014,4.2057,0.67394,-3.2353,-0.4241
-2.5809,4.1201,0.76132,4.1111,0.72947,-3.0158,-0.40218
-2.7202,3.9611,1.01,3.991,0.78114,-2.7811,-0.37938
-2.8468,3.785,1.2456,3.8467,0.82851,-2.5334,-0.35584
-2.9598,3.5941,1.467,3.6797,0.87123,-2.2748,-0.33174
-3.0587,3.3909,1.673,3.4918,0.90904,-2.0074,-0.30725
-3.1431,3.1774,1.863,3.2847,0.94177,-1.7334,-0.2825
-3.2129,2.956,2.0365,3.0604,0.96935,-1.4549,-0.25764
-3.2682,2.7285,2.1935,2.8209,0.99177,-1.174,-0.23283
-3.3093,2.4969,2.3341,2.5681,1.0091,-0.89269,-0.20818
-3.3368,2.2629,2.4587,2.3042,1.0215,-0.61289,-0.18383
-3.3513,2.0279,2.5678,2.031,1.0292,-0.33638,-0.15988
-3.3537,1.7934,2.6623,1.7504,1.0324,-0.064829,-0.13646
-3.3449,1.5605,2.7428,1.4642,1.0314,0.20021,-0.11365
-3.3261,1.3304,2.8104,1.1743,1.0265,0.45733,-0.091545
-3.2983,1.1039,2.866,0.88207,1.0181,0.70525,-0.070222
-3.2627,0.8819,2.9106,0.58919,1.0065,0.94282,-0.04975
-3.2205,0.66497,2.9452,0.29704,0.99192,1.169,-0.030187
-3.1729,0.45374,2.9709,0.0069208,0.97483,1.383,-0.011583
-3.121,0.24869,2.9886,-0.27994,0.95552,1.584,0.0060232
-3.0658,0.050267,2.9991,-0.5624,0.93428,1.7714,0.022599
-3.0084,-0.14118,3.0035,-0.83941,0.91142,1.9447,0.038123
-2.9498,-0.32532,3.0024,-1.11,0.8872,2.1035,0.052579
-2.8907,-0.50187,2.9967,-1.3732,0.86188,2.2474,0.065959
-2.832,-0.67059,2.987,-1.6283,0.83568,2.3762,0.078264
-2.7743,-0.83123,2.9739,-1.8743,0.80883,2.4899,0.0895
-2.7184,-0.98359,2.958,-2.1106,0.7815,2.5883,0.099677
-2.6646,-1.1275,2.9397,-2.3363,0.75387,2.6716,0.10882
-2.6134,-1.2626,2.9196,-2.5509,0.7261,2.7398,0.11694
-2.5652,-1.3889,2.898,-2.7536,0.6983,2.7931,0.12407
-2.5203,-1.5062,2.8752,-2.9438,0.67061,2.8317,0.13024
-2.4788,-1.6142,2.8516,-3.121,0.6431,2.8558,0.1355
-2.4409,-1.7128,2.8273,-3.2846,0.61588,2.8658,0.13988
-2.4068,-1.8019,2.8025,-3.4341,0.58901,2.8621,0.14342
-2.3763,-1.8812,2.7775,-3.569,0.56254,2.845,0.14618
-2.3496,-1.9508,2.7524,-3.6889,0.53653,2.8149,0.14821
-2.3264,-2.0103,2.7273,-3.7933,0.511,2.7724,0.14956
-2.3068,-2.0599,2.7022,-3.882,0.48597,2.718,0.1503
-2.2906,-2.0993,2.6773,-3.9546,0.46146,2.6521,0.15047
-2.2775,-2.1285,2.6527,-4.0109,0.43748,2.5753,0.15015
-2.2673,-2.1476,2.6282,-4.0507,0.41402,2.4881,0.1494
-2.2599,-2.1566,2.604,-4.0739,0.39107,2.3913,0.14828
-2.2549,-2.1554,2.5801,-4.0805,0.36861,2.2854,0.14687
-2.2521,-2.1442,2.5564,-4.0705,0.34663,2.171,0.14523
-2.2512,-2.1231,2.5329,-4.0439,0.32508,2.0488,0.14344
-2.2519,-2.0923,2.5096,-4.0009,0.30396,1.9194,0.14155
-2.2537,-2.052,2.4864,-3.9418,0.2832,1.7837,0.13965
-2.2565,-2.0024,2.4633,-3.8669,0.26279,1.6422,0.1378
-2.2599,-1.9438,2.4401,-3.7765,0.24266,1.4956,0.13608
-2.2634,-1.8765,2.4167,-3.671,0.22279,1.3448,0.13453
-2.2668,-1.801,2.3931,-3.551,0.20312,1.1905,0.13324
-2.2697,-1.7175,2.369,-3.4171,0.18361,1.0334,0.13226
-2.2717,-1.6266,2.3444,-3.2699,0.16421,0.87426,0.13164
-2.2724,-1.5287,2.3191,-3.1101,0.14488,0.71385,0.13146
-2.2715,-1.4242,2.2928,-2.9384,0.12556,0.55295,0.13175
-2.2686,-1.3139,2.2653,-2.7558,0.10621,0.39231,0.13257
-2.2633,-1.1981,2.2365,-2.5629,0.08678,0.2327,0.13396
-2.2553,-1.0776,2.2061,-2.3609,0.067234,0.074877,0.13596
-2.2441,-0.95282,2.1737,-2.1505,0.047528,-0.080423,0.1386
-2.2294,-0.82453,2.1391,-1.9329,0.027621,-0.23246,0.1419
-2.2109,-0.69336,2.102,-1.709,0.0074765,-0.38053,0.14589
-2.1881,-0.55999,2.0622,-1.48,-0.012939,-0.52391,0.15058
-2.1607,-0.4251,2.0191,-1.2469,-0.033655,-0.66195,0.15598
-2.1284,-0.28941,1.9726,-1.0108,-0.054698,-0.79399,0.1621
-2.0908,-0.15363,1.9223,-0.77305,-0.076092,-0.91941,0.16893
-2.0477,-0.018498,1.8679,-0.53468,-0.097851,-1.0376,0.17645
-1.9988,0.11525,1.809,-0.29692,-0.11999,-1.1481,0.18464
-1.9438,0.24689,1.7453,-0.060967,-0.14251,-1.2503,0.19349
-1.8825,0.37566,1.6767,0.17196,-0.16541,-1.3438,0.20296
-1.8148,0.50084,1.6027,0.40065,-0.18868,-1.4281,0.213
-1.7404,0.6217,1.5232,0.6239,-0.21231,-1.5029,0.22358
-1.6594,0.73753,1.438,0.84053,-0.23626,-1.5679,0.23463
-1.5717,0.84762,1.3471,1.0494,-0.26051,-1.6229,0.2461
-1.4773,0.95131,1.2502,1.2493,-0.28499,-1.6675,0.25792
-1.3763,1.0479,1.1475,1.4392,-0.30965,-1.7017,0.27002
-1.2689,1.1369,1.039,1.618,-0.33442,-1.7254,0.28232
-1.1554,1.2177,0.92487,1.7848,-0.35922,-1.7387,0.29474
-1.0359,1.2897,0.80528,1.9386,-0.38396,-1.7414,0.30719
-0.91085,1.3524,0.68056,2.0787,-0.40852,-1.7339,0.31958
-0.7807,1.4056,0.55109,2.2042,-0.43279,-1.7163,0.33182
-0.64592,1.4488,0.41732,2.3146,-0.45665,-1.6889,0.34382
-0.50705,1.4818,0.27977,2.4093,-0.47996,-1.6519,0.35547
-0.36469,1.5044,0.13906,2.4879,-0.50259,-1.6058,0.36668
-0.21946,1.5165,-0.0041708,2.5502,-0.52438,-1.5511,0.37737
-0.072052,1.5182,-0.14921,2.596,-0.54519,-1.4883,0.38743
0.076851,1.5094,-0.29532,2.6253,-0.56488,-1.4179,0.39678
0.22653,1.4904,-0.44171,2.6383,-0.5833,-1.3406,0.40534
0.37628,1.4615,-0.5876,2.6351,-0.60032,-1.257,0.41303
0.52538,1.4229,-0.73219,2.6162,-0.6158,-1.1679,0.41977
0.67314,1.3753,-0.87471,2.5821,-0.62964,-1.074,0.42551
0.81889,1.3189,-1.0144,2.5334,-0.64172,-0.97602,0.43018
0.96199,1.2546,-1.1505,2.4709,-0.65196,-0.87483,0.43374
1.1019,1.1829,-1.2824,2.3955,-0.66029,-0.77117,0.43616
1.238,1.1046,-1.4095,2.3081,-0.66666,-0.66584,0.43741
1.3698,1.0204,-1.5311,2.2097,-0.67103,-0.55962,0.43746
1.4969,0.9313,-1.6469,2.1014,-0.67339,-0.4533,0.43632
1.6189,0.83801,-1.7564,1.9844,-0.67375,-0.34762,0.43397
1.7355,0.74144,-1.8593,1.8599,-0.67214,-0.2433,0.43045
1.8465,0.64248,-1.9553,1.729,-0.6686,-0.14103,0.42576
1.9516,0.54202,-2.0443,1.5929,-0.6632,-0.041464,0.41993
2.0507,0.44093,-2.1261,1.4529,-0.65601,0.054793,0.41301
2.1437,0.34006,-2.2007,1.3103,-0.64712,0.14718,0.40503
2.2305,0.24024,-2.2682,1.1661,-0.63664,0.2352,0.39605
2.3111,0.14226,-2.3287,1.0215,-0.62469,0.31838,0.38611
2.3855,0.046865,-2.3822,0.87772,-0.61137,0.39633,0.37529
2.4539,-0.045246,-2.429,0.7357,-0.59683,0.46871,0.36363
2.5162,-0.13343,-2.4692,0.5965,-0.58119,0.53522,0.35122
2.5727,-0.21709,-2.5032,0.46105,-0.56458,0.59564,0.33811
2.6233,-0.29571,-2.5312,0.33026,-0.54713,0.64977,0.32437
2.6683,-0.3688,-2.5534,0.20493,-0.52897,0.6975,0.31008
2.7078,-0.43595,-2.5702,0.085832,-0.51023,0.73875,0.2953
2.742,-0.49683,-2.5818,-0.026361,-0.49101,0.77348,0.28009
2.771,-0.55112,-2.5886,-0.13103,-0.47145,0.80172,0.26454
2.7949,-0.59861,-2.5908,-0.22765,-0.45163,0.82353,0.2487
2.8141,-0.63911,-2.5887,-0.31572,-0.43166,0.839,0.23263
2.8286,-0.67251,-2.5825,-0.39487,-0.41162,0.84828,0.21641
2.8386,-0.69872,-2.5726,-0.46475,-0.3916,0.85155,0.20007
2.8443,-0.71773,-2.559,-0.5251,-0.37167,0.84899,0.18369
2.8458,-0.72956,-2.5421,-0.57573,-0.35189,0.84087,0.16731
2.8434,-0.73428,-2.522,-0.6165,-0.33231,0.82742,0.15099
2.8371,-0.73201,-2.4989,-0.64734,-0.31297,0.80895,0.13476
2.8271,-0.72287,-2.4729,-0.66826,-0.29392,0.78576,0.11868
2.8135,-0.70707,-2.4442,-0.67929,-0.27517,0.75816,0.10279
2.7966,-0.68481,-2.4128,-0.68054,-0.25676,0.72652,0.087119
2.7764,-0.65634,-2.3789,-0.67219,-0.23869,0.69117,0.071712
2.7531,-0.62193,-2.3425,-0.65445,-0.22096,0.6525,0.056601
2.7267,-0.58188,-2.3036,-0.62758,-0.20359,0.61087,0.041815
2.6975,-0.53651,-2.2624,-0.59189,-0.18656,0.56667,0.027385
2.6655,-0.48616,-2.2187,-0.54775,-0.16987,0.5203,0.013337
2.6309,-0.43118,-2.1727,-0.49556,-0.15351,0.47215,-0.00030402
2.5937,-0.37196,-2.1244,-0.43574,-0.13746,0.42262,-0.013515
2.554,-0.30887,-2.0736,-0.36879,-0.1217,0.3721,-0.026274
2.512,-0.24233,-2.0205,-0.2952,-0.10622,0.32099,-0.038563
2.4678,-0.17274,-1.965,-0.21552,-0.090989,0.26968,-0.050363
2.4213,-0.10052,-1.9071,-0.13032,-0.075999,0.21855,-0.061657
2.3728,-0.026089,-1.8467,-0.040184,-0.061228,0.16798,-0.07243
2.3223,0.05012,-1.7839,0.054277,-0.046658,0.11834,-0.082669
2.2699,0.12768,-1.7186,0.15243,-0.032273,0.069988,-0.092361
2.2157,0.20616,-1.6509,0.25364,-0.018059,0.023267,-0.10149
2.1597,0.28514,-1.5807,0.35726,-0.004006,-0.021495,-0.11006
2.1021,0.36419,-1.5082,0.46261,0.0098939,-0.063985,-0.11805
2.043,0.44289,-1.4332,0.56906,0.023645,-0.10391,-0.12545
1.9824,0.52085,-1.356,0.67593,0.037248,-0.14099,-0.13226
1.9205,0.59765,-1.2765,0.78258,0.050698,-0.17498,-0.13848
1.8573,0.67291,-1.1948,0.88836,0.06399,-0.20565,-0.14409
1.7931,0.74626,-1.1111,0.99265,0.07711,-0.23279,-0.14911
1.7278,0.81734,-1.0255,1.0948,0.090043,-0.25622,-0.15352
1.6617,0.8858,-0.93807,1.1943,0.10277,-0.27579,-0.15732
1.5949,0.95132,-0.84909,1.2905,0.11527,-0.29138,-0.16053
1.5276,1.0136,-0.75872,1.383,0.12751,-0.30288,-0.16313
1.4598,1.0723,-0.66717,1.4711,0.13946,-0.31024,-0.16515
1.3919,1.1273,-0.57466,1.5545,0.15109,-0.31342,-0.16657
1.3238,1.1782,-0.48144,1.6326,0.16237,-0.3124,-0.16743
1.2559,1.2249,-0.38778,1.7052,0.17326,-0.30722,-0.16771
1.1883,1.2671,-0.29393,1.7718,0.18372,-0.29792,-0.16745
1.1212,1.3047,-0.2002,1.8322,0.19372,-0.2846,-0.16664
1.0547,1.3375,-0.10686,1.8861,0.20321,-0.26736,-0.16532
0.98907,1.3655,-0.014205,1.9332,0.21217,-0.24634,-0.16349
0.92446,1.3885,0.07747,1.9735,0.22055,-0.2217,-0.16118
0.86105,1.4065,0.16788,2.0068,0.22832,-0.19364,-0.15841
0.79899,1.4195,0.25673,2.0331,0.23546,-0.16238,-0.1552
0.73843,1.4273,0.34375,2.0522,0.24194,-0.12814,-0.15159
0.67952,1.4302,0.42867,2.0643,0.24772,-0.09118,-0.1476
0.62236,1.428,0.51125,2.0694,0.25281,-0.051772,-0.14325
0.56708,1.4208,0.59125,2.0676,0.25717,-0.010199,-0.13859
0.51376,1.4088,0.66846,2.0589,0.26081,0.033242,-0.13363
0.46248,1.392,0.74267,2.0438,0.26371,0.078247,-0.12842
0.41329,1.3707,0.81372,2.0222,0.26587,0.1245,-0.12299
0.36623,1.3448,0.88146,1.9944,0.2673,0.1717,-0.11737
0.32131,1.3146,0.94575,1.9608,0.26801,0.21952,-0.1116
0.27853,1.2804,1.0065,1.9215,0.26802,0.26765,-0.1057
0.23788,1.2422,1.0636,1.8769,0.26733,0.31579,-0.099717
0.19931,1.2004,1.117,1.8273,0.26598,0.36363,-0.093681
0.16277,1.1551,1.1668,1.773,0.26398,0.41089,-0.087623
0.12821,1.1065,1.2127,1.7143,0.26137,0.45729,-0.081575
0.095535,1.055,1.255,1.6516,0.25817,0.50255,-0.075567
0.064664,1.0009,1.2936,1.5853,0.25443,0.54645,-0.069628
0.035498,0.94425,1.3285,1.5156,0.25017,0.58874,-0.063785
0.0079329,0.88547,1.3598,1.4429,0.24544,0.62921,-0.058063
-0.018141,0.82479,1.3876,1.3675,0.24027,0.66767,-0.052487
-0.042837,0.76249,1.412,1.2898,0.23471,0.70394,-0.047077
-0.06627,0.69885,1.433,1.2101,0.22879,0.73788,-0.041854
-0.088552,0.63412,1.4509,1.1287,0.22256,0.76935,-0.036835
-0.1098,0.56858,1.4656,1.0459,0.21605,0.79825,-0.032036
-0.13011,0.50247,1.4773,0.96193,0.20931,0.82448,-0.027471
-0.1496,0.43607,1.4862,0.87718,0.20236,0.84799,-0.02315
-0.16836,0.3696,1.4923,0.79187,0.19526,0.86871,-0.019084
-0.18649,0.3033,1.4959,0.70627,0.18804,0.88662,-0.015279
-0.20407,0.2374,1.497,0.6206,0.18072,0.90172,-0.011742
-0.22117,0.17212,1.4957,0.5351,0.17336,0.91401,-0.0084762
-0.23787,0.10764,1.4923,0.45,0.16597,0.92351,-0.0054835
-0.25423,0.04417,1.4867,0.36549,0.15859,0.93027,-0.0027644
-0.27029,-0.018123,1.4793,0.28177,0.15125,0.93434,-0.00031784
-0.28609,-0.079074,1.47,0.19902,0.14397,0.93578,0.0018588
-0.30168,-0.13853,1.459,0.11741,0.13677,0.93468,0.0037693
-0.31708,-0.19636,1.4465,0.037094,0.1297,0.93112,0.0054188
-0.3323,-0.25244,1.4325,-0.041773,0.12275,0.9252,0.0068135
-0.34736,-0.30666,1.4171,-0.11906,0.11596,0.91703,0.0079605
-0.36226,-0.35893,1.4005,-0.19464,0.10933,0.90672,0.0088679
-0.37699,-0.40915,1.3827,-0.26839,0.1029,0.89437,0.0095444
-0.39155,-0.45727,1.3639,-0.34022,0.09666,0.88012,0.0099996
-0.40592,-0.50322,1.3441,-0.41002,0.090636,0.86409,0.010243
-0.42008,-0.54696,1.3235,-0.4777,0.084835,0.8464,0.010287
-0.43402,-0.58844,1.302,-0.54319,0.079267,0.82718,0.01014
-0.4477,-0.62766,1.2799,-0.60641,0.073939,0.80656,0.0098144
-0.46109,-0.66459,1.2571,-0.6673,0.068856,0.78465,0.009322
-0.47417,-0.69922,1.2338,-0.72581,0.064024,0.76159,0.0086743
-0.4869,-0.73157,1.21,-0.78187,0.059445,0.73749,0.007883
-0.49926,-0.76164,1.1857,-0.83547,0.055121,0.71247,0.0069601
-0.51119,-0.78946,1.1611,-0.88655,0.051053,0.68666,0.0059173
-0.52268,-0.81505,1.1361,-0.93508,0.047239,0.66015,0.0047666
-0.53368,-0.83844,1.1109,-0.98106,0.043677,0.63306,0.0035196
-0.54416,-0.85968,1.0855,-1.0245,0.040364,0.6055,0.0021879
-0.5541,-0.87879,1.06,-1.0653,0.037296,0.57755,0.00078292
-0.56345,-0.89585,1.0343,-1.1035,0.034467,0.54932,-0.00068409
-0.5722,-0.91089,1.0086,-1.1391,0.031871,0.52088,-0.0022022
-0.58031,-0.92397,0.98279,-1.1721,0.029501,0.49234,-0.0037607
-0.58776,-0.93515,0.95703,-1.2026,0.027349,0.46376,-0.0053491
-0.59453,-0.94449,0.93133,-1.2305,0.025407,0.43522,-0.0069574
-0.6006,-0.95205,0.90571,-1.2559,0.023664,0.40679,-0.0085758
-0.60595,-0.9579,0.8802,-1.2788,0.022111,0.37854,-0.010195
-0.61057,-0.9621,0.85484,-1.2992,0.020738,0.35052,-0.011806
-0.61444,-0.96473,0.82966,-1.3172,0.019534,0.32279,-0.0134
-0.61756,-0.96584,0.80468,-1.3327,0.018487,0.2954,-0.014968
-0.61992,-0.9655,0.77992,-1.3459,0.017587,0.2684,-0.016504
-0.62152,-0.96379,0.75543,-1.3568,0.01682,0.24182,-0.017999
-0.62236,-0.96077,0.73121,-1.3655,0.016176,0.21572,-0.019447
-0.62243,-0.95651,0.70728,-1.372,0.015642,0.19013,-0.020841
-0.62175,-0.95108,0.68368,-1.3763,0.015207,0.16507,-0.022176
-0.62032,-0.94453,0.66041,-1.3785,0.014859,0.14058,-0.023444
-0.61815,-0.93695,0.63749,-1.3788,0.014585,0.11668,-0.024642
-0.61526,-0.92838,0.61494,-1.3771,0.014375,0.093396,-0.025764
-0.61166,-0.91891,0.59278,-1.3735,0.014216,0.070751,-0.026807
-0.60736,-0.90858,0.57101,-1.3681,0.014099,0.048761,-0.027766
-0.60238,-0.89745,0.54965,-1.361,0.014011,0.027443,-0.028639
-0.59675,-0.8856,0.52871,-1.3522,0.013943,0.0068107,-0.029421
-0.59048,-0.87308,0.5082,-1.3418,0.013885,-0.013125,-0.030112
-0.58361,-0.85994,0.48813,-1.33,0.013828,-0.032352,-0.030708
-0.57614,-0.84625,0.4685,-1.3167,0.013762,-0.050864,-0.031209
-0.56812,-0.83205,0.44933,-1.3021,0.013678,-0.068652,-0.031613
-0.55957,-0.8174,0.43061,-1.2863,0.01357,-0.085711,-0.031919
-0.55052,-0.80235,0.41236,-1.2692,0.01343,-0.10204,-0.032127
-0.54099,-0.78695,0.39458,-1.2511,0.013252,-0.11763,-0.032238
-0.53103,-0.77124,0.37726,-1.2319,0.013028,-0.13248,-0.032251
-0.52064,-0.75528,0.36041,-1.2118,0.012754,-0.14659,-0.032167
-0.50988,-0.73912,0.34404,-1.1909,0.012424,-0.15996,-0.031988
-0.49877,-0.72278,0.32814,-1.1692,0.012035,-0.17259,-0.031714
-0.48734,-0.70632,0.31271,-1.1468,0.011582,-0.18449,-0.031348
-0.47563,-0.68978,0.29776,-1.1237,0.011063,-0.19565,-0.030892
-0.46366,-0.6732,0.28327,-1.1002,0.010476,-0.20608,-0.030348
-0.45147,-0.6566,0.26925,-1.0761,0.0098168,-0.21578,-0.029718
-0.4391,-0.64003,0.2557,-1.0517,0.0090856,-0.22476,-0.029006
-0.42657,-0.62353,0.2426,-1.0269,0.0082812,-0.23303,-0.028214
-0.41391,-0.60712,0.22997,-1.0019,0.0074031,-0.24058,-0.027345
-0.40116,-0.59084,0.21778,-0.97676,0.0064513,-0.24743,-0.026403
-0.38834,-0.57472,0.20605,-0.95146,0.0054263,-0.25358,-0.025392
-0.37549,-0.55878,0.19476,-0.92612,0.004329,-0.25904,-0.024314
-0.36264,-0.54305,0.18391,-0.90079,0.0031607,-0.26382,-0.023173
-0.34982,-0.52757,0.17349,-0.87554,0.001923,-0.26792,-0.021974
-0.33705,-0.51234,0.1635,-0.85042,0.00061781,-0.27136,-0.02072
-0.32437,-0.49741,0.15393,-0.8255,-0.00075266,-0.27415,-0.019416
-0.31179,-0.48278,0.14478,-0.80083,-0.0021859,-0.27629,-0.018064
-0.29936,-0.46848,0.13604,-0.77645,-0.0036794,-0.2778,-0.016669
-0.28709,-0.45454,0.1277,-0.75243,-0.0052301,-0.27868,-0.015234
-0.27501,-0.44096,0.11976,-0.72881,-0.0068351,-0.27895,-0.013765
-0.26315,-0.42777,0.11222,-0.70564,-0.0084913,-0.27862,-0.012264
-0.25153,-0.41498,0.10506,-0.68297,-0.010195,-0.27769,-0.010735
-0.24017,-0.40261,0.098276,-0.66083,-0.011944,-0.27619,-0.0091819
-0.2291,-0.39068,0.091871,-0.63927,-0.013734,-0.27412,-0.0076087
-0.21833,-0.37919,0.085836,-0.61833,-0.015562,-0.2715,-0.0060185
-0.2079,-0.36817,0.080166,-0.59805,-0.017425,-0.26833,-0.0044149
-0.19783,-0.35763,0.074854,-0.57847,-0.01932,-0.26463,-0.0028011
-0.18812,-0.34757,0.069896,-0.55961,-0.021243,-0.26041,-0.0011803
-0.17881,-0.33801,0.065288,-0.54152,-0.023191,-0.25569,0.00044446
-0.16992,-0.32896,0.061025,-0.52422,-0.025161,-0.25047,0.0020704
-0.16146,-0.32043,0.057101,-0.50775,-0.02715,-0.24477,0.0036946
-0.15345,-0.31243,0.053515,-0.49214,-0.029157,-0.2386,0.0053146
-0.14591,-0.30497,0.050261,-0.47741,-0.031177,-0.23197,0.006928
-0.13885,-0.29805,0.047336,-0.46359,-0.033209,-0.22489,0.0085326
-0.13231,-0.2917,0.044738,-0.45071,-0.03525,-0.21739,0.010126
-0.12628,-0.28591,0.042462,-0.43879,-0.037299,-0.20945,0.011707
-0.1208,-0.2807,0.040506,-0.42786,-0.039353,-0.20111,0.013273
-0.11587,-0.27607,0.038869,-0.41795,-0.041411,-0.19237,0.014823
-0.11151,-0.27203,0.037547,-0.40907,-0.043471,-0.18324,0.016355
-0.10774,-0.26859,0.036539,-0.40125,-0.045533,-0.17373,0.017868
-0.10457,-0.26576,0.035844,-0.39451,-0.047595,-0.16385,0.019362
-0.10202,-0.26354,0.035459,-0.38887,-0.049655,-0.15361,0.020834
-0.10011,-0.26194,0.035385,-0.38435,-0.051714,-0.14303,0.022285
-0.09884,-0.26097,0.035619,-0.38098,-0.053772,-0.13211,0.023714
-0.098238,-0.26064,0.036163,-0.37877,-0.055827,-0.12086,0.025121
