1.5931,-2.0944,1.7881,-2.0944,-0.22375,1.4854,0
1.5931,-2.0944,1.7881,-2.0944,-0.22375,1.4854,0
1.5931,-2.0948,1.7878,-2.0944,-0.22391,1.4854,-0.00041376
1.5932,-2.0957,1.7873,-2.0943,-0.22421,1.4854,-0.0012062
1.5934,-2.0969,1.7865,-2.0942,-0.22463,1.4854,-0.0023452
1.5935,-2.0985,1.7855,-2.0941,-0.22515,1.4854,-0.0038016
1.5938,-2.1004,1.7844,-2.094,-0.22574,1.4855,-0.0055487
1.594,-2.1026,1.7831,-2.0938,-0.2264,1.4855,-0.0075622
1.5943,-2.105,1.7816,-2.0936,-0.22712,1.4855,-0.0098199
1.5946,-2.1076,1.78,-2.0935,-0.22787,1.4855,-0.012301
1.595,-2.1105,1.7783,-2.0933,-0.22866,1.4854,-0.014988
1.5954,-2.1136,1.7765,-2.0931,-0.22948,1.4854,-0.017864
1.5958,-2.1169,1.7746,-2.0928,-0.2303,1.4853,-0.020912
1.5962,-2.1203,1.7726,-2.0926,-0.23114,1.4851,-0.024119
1.5966,-2.1239,1.7706,-2.0924,-0.23199,1.485,-0.027473
1.597,-2.1277,1.7685,-2.0922,-0.23283,1.4848,-0.03096
1.5975,-2.1315,1.7663,-2.092,-0.23367,1.4845,-0.034571
1.598,-2.1355,1.764,-2.0917,-0.2345,1.4842,-0.038295
1.5984,-2.1396,1.7617,-2.0915,-0.23531,1.4838,-0.042124
1.5989,-2.1438,1.7594,-2.0913,-0.23612,1.4834,-0.04605
1.5993,-2.148,1.757,-2.0911,-0.23691,1.4829,-0.050064
1.5998,-2.1524,1.7546,-2.0909,-0.23767,1.4824,-0.05416
1.6002,-2.1568,1.7522,-2.0907,-0.23842,1.4818,-0.058332
1.6007,-2.1613,1.7497,-2.0905,-0.23914,1.4811,-0.062573
1.6011,-2.1659,1.7472,-2.0903,-0.23984,1.4803,-0.066879
1.6015,-2.1705,1.7446,-2.0901,-0.24051,1.4795,-0.071244
1.6019,-2.1752,1.742,-2.09,-0.24116,1.4785,-0.075664
1.6023,-2.1799,1.7395,-2.0898,-0.24178,1.4775,-0.080136
1.6026,-2.1847,1.7369,-2.0897,-0.24237,1.4765,-0.084654
1.6029,-2.1895,1.7342,-2.0896,-0.24292,1.4753,-0.089216
1.6032,-2.1944,1.7316,-2.0895,-0.24345,1.474,-0.093819
1.6035,-2.1993,1.7289,-2.0894,-0.24394,1.4727,-0.09846
1.6037,-2.2042,1.7263,-2.0894,-0.24441,1.4712,-0.10314
1.6039,-2.2092,1.7236,-2.0893,-0.24483,1.4697,-0.10784
1.604,-2.2142,1.7209,-2.0893,-0.24523,1.468,-0.11258
1.6041,-2.2192,1.7182,-2.0893,-0.24558,1.4663,-0.11735
1.6041,-2.2242,1.7155,-2.0893,-0.24591,1.4645,-0.12214
1.6041,-2.2293,1.7128,-2.0894,-0.24619,1.4626,-0.12695
1.604,-2.2344,1.71,-2.0895,-0.24644,1.4605,-0.13179
1.6039,-2.2395,1.7073,-2.0896,-0.24665,1.4584,-0.13665
1.6037,-2.2446,1.7046,-2.0897,-0.24682,1.4562,-0.14153
1.6034,-2.2498,1.7019,-2.0899,-0.24696,1.4539,-0.14642
1.6031,-2.2549,1.6991,-2.0901,-0.24705,1.4515,-0.15134
1.6027,-2.2601,1.6964,-2.0904,-0.2471,1.449,-0.15626
1.6022,-2.2653,1.6937,-2.0906,-0.24712,1.4464,-0.16121
1.6017,-2.2705,1.691,-2.0909,-0.24709,1.4437,-0.16616
1.601,-2.2758,1.6883,-2.0913,-0.24702,1.4408,-0.17113
1.6003,-2.281,1.6856,-2.0917,-0.24692,1.4379,-0.17611
1.5994,-2.2863,1.6829,-2.0921,-0.24676,1.4349,-0.1811
1.5985,-2.2915,1.6802,-2.0926,-0.24657,1.4318,-0.1861
1.5975,-2.2968,1.6776,-2.0931,-0.24634,1.4286,-0.1911
1.5964,-2.3021,1.6749,-2.0936,-0.24606,1.4253,-0.19612
1.5951,-2.3074,1.6723,-2.0942,-0.24573,1.4219,-0.20114
1.5938,-2.3127,1.6697,-2.0949,-0.24537,1.4184,-0.20617
1.5923,-2.318,1.6671,-2.0956,-0.24496,1.4148,-0.2112
1.5907,-2.3234,1.6645,-2.0963,-0.24451,1.4112,-0.21624
1.589,-2.3287,1.6619,-2.0971,-0.24401,1.4074,-0.22129
1.5872,-2.3341,1.6594,-2.0979,-0.24347,1.4035,-0.22633
1.5852,-2.3394,1.6569,-2.0987,-0.24289,1.3995,-0.23138
1.5831,-2.3448,1.6544,-2.0996,-0.24226,1.3955,-0.23644
1.5809,-2.3502,1.6519,-2.1006,-0.24159,1.3913,-0.24149
1.5785,-2.3556,1.6495,-2.1016,-0.24087,1.387,-0.24655
1.5759,-2.3609,1.6471,-2.1026,-0.24012,1.3827,-0.25161
1.5732,-2.3663,1.6447,-2.1037,-0.23932,1.3782,-0.25667
1.5704,-2.3717,1.6424,-2.1049,-0.23847,1.3737,-0.26173
1.5673,-2.3771,1.6401,-2.106,-0.23759,1.3691,-0.26679
1.5642,-2.3825,1.6378,-2.1073,-0.23666,1.3643,-0.27185
1.5608,-2.3879,1.6355,-2.1085,-0.23569,1.3595,-0.2769
1.5572,-2.3933,1.6333,-2.1098,-0.23468,1.3546,-0.28196
1.5535,-2.3987,1.6311,-2.1112,-0.23364,1.3496,-0.28701
1.5496,-2.4041,1.6289,-2.1125,-0.23255,1.3445,-0.29206
1.5454,-2.4095,1.6268,-2.1139,-0.23142,1.3393,-0.2971
1.5411,-2.4149,1.6247,-2.1154,-0.23026,1.334,-0.30214
1.5366,-2.4202,1.6226,-2.1168,-0.22906,1.3286,-0.30718
1.5318,-2.4256,1.6205,-2.1183,-0.22783,1.3231,-0.31221
1.5269,-2.4309,1.6185,-2.1199,-0.22657,1.3175,-0.31724
1.5217,-2.4363,1.6165,-2.1214,-0.22527,1.3118,-0.32226
1.5163,-2.4416,1.6145,-2.123,-0.22394,1.306,-0.32728
1.5106,-2.4469,1.6126,-2.1246,-0.22258,1.3001,-0.33228
1.5047,-2.4522,1.6106,-2.1261,-0.22119,1.2941,-0.33728
1.4986,-2.4574,1.6087,-2.1277,-0.21978,1.288,-0.34227
1.4921,-2.4627,1.6067,-2.1293,-0.21834,1.2818,-0.34725
1.4855,-2.4679,1.6048,-2.1309,-0.21688,1.2754,-0.35223
1.4786,-2.473,1.6029,-2.1325,-0.2154,1.269,-0.35719
1.4713,-2.4782,1.601,-2.1341,-0.21391,1.2625,-0.36214
1.4639,-2.4833,1.5991,-2.1357,-0.21239,1.2558,-0.36708
1.4561,-2.4883,1.5972,-2.1373,-0.21086,1.249,-0.37201
1.448,-2.4933,1.5952,-2.1388,-0.20933,1.2421,-0.37693
1.4397,-2.4983,1.5933,-2.1403,-0.20778,1.2351,-0.38183
1.431,-2.5031,1.5913,-2.1418,-0.20622,1.2279,-0.38672
1.4221,-2.508,1.5892,-2.1432,-0.20467,1.2207,-0.39159
1.4128,-2.5128,1.5872,-2.1446,-0.20311,1.2133,-0.39645
1.4032,-2.5174,1.5851,-2.1459,-0.20155,1.2057,-0.40129
1.3933,-2.5221,1.5829,-2.1472,-0.2,1.198,-0.40612
1.383,-2.5266,1.5806,-2.1484,-0.19845,1.1902,-0.41092
1.3725,-2.5311,1.5783,-2.1496,-0.19692,1.1823,-0.41571
1.3616,-2.5354,1.576,-2.1507,-0.1954,1.1742,-0.42048
1.3503,-2.5397,1.5735,-2.1517,-0.19389,1.166,-0.42522
1.3388,-2.5439,1.5709,-2.1526,-0.1924,1.1576,-0.42995
1.3269,-2.5479,1.5682,-2.1534,-0.19094,1.1491,-0.43466
1.3146,-2.5518,1.5654,-2.1542,-0.18949,1.1405,-0.43934
1.302,-2.5556,1.5625,-2.1548,-0.18808,1.1317,-0.44399
1.2891,-2.5593,1.5595,-2.1553,-0.18669,1.1227,-0.44863
1.2758,-2.5628,1.5563,-2.1557,-0.18533,1.1137,-0.45323
1.2622,-2.5662,1.5529,-2.156,-0.18401,1.1045,-0.45782
1.2483,-2.5694,1.5494,-2.1562,-0.18273,1.0951,-0.46237
1.234,-2.5725,1.5458,-2.1563,-0.18148,1.0857,-0.4669
1.2194,-2.5754,1.5419,-2.1562,-0.18027,1.0761,-0.47139
1.2045,-2.5781,1.5379,-2.156,-0.1791,1.0664,-0.47586
1.1893,-2.5806,1.5337,-2.1557,-0.17797,1.0565,-0.4803
1.1737,-2.5829,1.5294,-2.1552,-0.17688,1.0466,-0.4847
1.1579,-2.585,1.5248,-2.1546,-0.17584,1.0366,-0.48908
1.1418,-2.5869,1.52,-2.1538,-0.17484,1.0265,-0.49342
1.1255,-2.5886,1.5151,-2.1529,-0.17388,1.0163,-0.49773
1.1089,-2.59,1.5099,-2.1518,-0.17297,1.0061,-0.502
1.092,-2.5912,1.5045,-2.1506,-0.1721,0.99585,-0.50624
1.075,-2.5922,1.499,-2.1492,-0.17126,0.98556,-0.51044
1.0577,-2.5929,1.4932,-2.1477,-0.17047,0.97526,-0.51461
1.0403,-2.5933,1.4873,-2.146,-0.16971,0.96496,-0.51874
1.0227,-2.5935,1.4812,-2.1441,-0.169,0.9547,-0.52283
1.0049,-2.5935,1.4749,-2.1421,-0.16831,0.94448,-0.52687
0.98709,-2.5932,1.4685,-2.14,-0.16766,0.93433,-0.53088
0.96918,-2.5926,1.4619,-2.1376,-0.16703,0.92426,-0.53485
0.9512,-2.5918,1.4551,-2.1352,-0.16643,0.91432,-0.53877
0.9332,-2.5908,1.4482,-2.1325,-0.16586,0.9045,-0.54265
0.9152,-2.5895,1.4412,-2.1298,-0.16531,0.89484,-0.54648
0.89724,-2.588,1.4341,-2.1268,-0.16477,0.88536,-0.55026
0.87933,-2.5862,1.427,-2.1238,-0.16426,0.87609,-0.554
0.86152,-2.5843,1.4197,-2.1206,-0.16375,0.86703,-0.55768
0.84382,-2.5822,1.4124,-2.1173,-0.16326,0.85822,-0.56131
0.82628,-2.5798,1.405,-2.1138,-0.16277,0.84968,-0.56489
0.80891,-2.5774,1.3976,-2.1103,-0.1623,0.84142,-0.56842
0.79176,-2.5748,1.3901,-2.1066,-0.16182,0.83346,-0.57189
0.77484,-2.5721,1.3827,-2.1029,-0.16135,0.82581,-0.5753
0.75818,-2.5692,1.3753,-2.099,-0.16088,0.8185,-0.57866
0.74181,-2.5664,1.3678,-2.0951,-0.16041,0.81154,-0.58196
0.72576,-2.5634,1.3604,-2.0911,-0.15993,0.80493,-0.5852
0.71004,-2.5604,1.3531,-2.0871,-0.15946,0.79869,-0.58839
0.69468,-2.5574,1.3458,-2.083,-0.15897,0.79283,-0.59151
0.6797,-2.5544,1.3385,-2.0789,-0.15848,0.78735,-0.59458
0.66512,-2.5514,1.3313,-2.0747,-0.15799,0.78226,-0.59759
0.65095,-2.5485,1.3241,-2.0706,-0.15749,0.77757,-0.60054
0.63722,-2.5457,1.317,-2.0665,-0.15698,0.77327,-0.60343
0.62394,-2.5429,1.31,-2.0624,-0.15646,0.76936,-0.60627
0.61111,-2.5403,1.3031,-2.0584,-0.15593,0.76586,-0.60906
0.59876,-2.5378,1.2962,-2.0544,-0.1554,0.76275,-0.61179
0.5869,-2.5354,1.2894,-2.0505,-0.15485,0.76003,-0.61446
0.57553,-2.5332,1.2827,-2.0467,-0.1543,0.7577,-0.61709
0.56467,-2.5312,1.276,-2.043,-0.15374,0.75575,-0.61967
0.55431,-2.5293,1.2694,-2.0395,-0.15317,0.75418,-0.6222
0.54448,-2.5277,1.2629,-2.036,-0.15259,0.75298,-0.62469
0.53517,-2.5263,1.2564,-2.0327,-0.152,0.75215,-0.62713
0.5264,-2.5251,1.25,-2.0296,-0.15141,0.75168,-0.62953
0.51816,-2.5242,1.2436,-2.0266,-0.15081,0.75155,-0.63189
0.51046,-2.5235,1.2373,-2.0238,-0.1502,0.75177,-0.63422
0.5033,-2.5231,1.231,-2.0212,-0.14959,0.75231,-0.6365
0.49669,-2.5229,1.2247,-2.0188,-0.14897,0.75318,-0.63876
0.49062,-2.5231,1.2185,-2.0166,-0.14835,0.75436,-0.64098
0.4851,-2.5235,1.2123,-2.0147,-0.14773,0.75584,-0.64318
0.48012,-2.5242,1.2061,-2.013,-0.14711,0.75761,-0.64534
0.47569,-2.5252,1.1999,-2.0115,-0.14648,0.75965,-0.64749
0.47181,-2.5265,1.1938,-2.0103,-0.14585,0.76197,-0.64961
0.46848,-2.5281,1.1876,-2.0093,-0.14523,0.76454,-0.65171
0.46568,-2.53,1.1813,-2.0086,-0.14461,0.76735,-0.65379
0.46343,-2.5322,1.1751,-2.0082,-0.14399,0.77039,-0.65585
0.46171,-2.5347,1.1688,-2.008,-0.14338,0.77365,-0.6579
0.46053,-2.5375,1.1625,-2.0081,-0.14278,0.77711,-0.65994
0.45987,-2.5407,1.1561,-2.0084,-0.14218,0.78077,-0.66197
0.45973,-2.5441,1.1497,-2.009,-0.1416,0.7846,-0.66399
0.46011,-2.5479,1.1432,-2.0099,-0.14102,0.78859,-0.666
0.461,-2.5519,1.1366,-2.011,-0.14047,0.79273,-0.66801
0.46238,-2.5562,1.1299,-2.0124,-0.13992,0.797,-0.67002
0.46426,-2.5609,1.1231,-2.014,-0.1394,0.80139,-0.67203
0.46663,-2.5658,1.1161,-2.0159,-0.13889,0.80587,-0.67404
0.46946,-2.5709,1.1091,-2.018,-0.1384,0.81044,-0.67606
0.47276,-2.5764,1.1019,-2.0203,-0.13794,0.81508,-0.67808
0.4765,-2.582,1.0945,-2.0228,-0.1375,0.81976,-0.68011
0.48069,-2.588,1.0869,-2.0255,-0.13709,0.82447,-0.68215
0.48529,-2.5941,1.0792,-2.0283,-0.1367,0.82919,-0.6842
0.49031,-2.6004,1.0713,-2.0314,-0.13634,0.8339,-0.68627
0.49572,-2.6069,1.0631,-2.0346,-0.13602,0.83858,-0.68836
0.5015,-2.6136,1.0547,-2.0379,-0.13573,0.84322,-0.69046
0.50765,-2.6204,1.0461,-2.0413,-0.13547,0.84778,-0.69259
0.51414,-2.6273,1.0372,-2.0448,-0.13524,0.85224,-0.69475
0.52095,-2.6344,1.0281,-2.0484,-0.13505,0.8566,-0.69693
0.52807,-2.6415,1.0187,-2.052,-0.1349,0.86081,-0.69914
0.53548,-2.6486,1.009,-2.0556,-0.13478,0.86486,-0.70139
0.54315,-2.6557,0.99896,-2.0593,-0.13471,0.86873,-0.70367
0.55107,-2.6629,0.98865,-2.0629,-0.13466,0.8724,-0.70599
0.55922,-2.6699,0.97802,-2.0664,-0.13466,0.87584,-0.70834
0.56757,-2.6769,0.96707,-2.0699,-0.13469,0.87903,-0.71074
0.5761,-2.6838,0.95579,-2.0733,-0.13476,0.88194,-0.71318
0.58479,-2.6905,0.94419,-2.0765,-0.13486,0.88456,-0.71567
0.59363,-2.6971,0.93227,-2.0796,-0.13499,0.88687,-0.7182
0.60258,-2.7034,0.92002,-2.0825,-0.13516,0.88884,-0.72079
0.61163,-2.7095,0.90745,-2.0852,-0.13535,0.89047,-0.72343
0.62075,-2.7153,0.89457,-2.0877,-0.13556,0.89172,-0.72612
0.62993,-2.7208,0.88139,-2.0899,-0.13579,0.8926,-0.72886
0.63915,-2.7259,0.86792,-2.0918,-0.13604,0.89308,-0.73166
0.64837,-2.7308,0.85417,-2.0934,-0.1363,0.89315,-0.73451
0.65758,-2.7352,0.84017,-2.0947,-0.13657,0.89281,-0.73742
0.66677,-2.7392,0.82593,-2.0956,-0.13684,0.89205,-0.74038
0.6759,-2.7428,0.81147,-2.0962,-0.13711,0.89086,-0.7434
0.68496,-2.746,0.79682,-2.0964,-0.13736,0.88925,-0.74648
0.69392,-2.7487,0.782,-2.0961,-0.1376,0.88722,-0.74961
0.70278,-2.751,0.76704,-2.0955,-0.13782,0.88476,-0.75279
0.71149,-2.7528,0.75196,-2.0944,-0.138,0.8819,-0.75603
0.72006,-2.7542,0.73679,-2.093,-0.13816,0.87862,-0.75932
0.72845,-2.7551,0.72156,-2.091,-0.13826,0.87496,-0.76266
0.73665,-2.7556,0.7063,-2.0887,-0.13832,0.87092,-0.76604
0.74464,-2.7556,0.69103,-2.0859,-0.13833,0.86651,-0.76948
0.7524,-2.7552,0.67579,-2.0827,-0.13827,0.86176,-0.77295
0.75992,-2.7543,0.66059,-2.0791,-0.13815,0.85669,-0.77647
0.76718,-2.753,0.64548,-2.0751,-0.13795,0.85132,-0.78003
0.77417,-2.7514,0.63046,-2.0706,-0.13767,0.84567,-0.78363
0.78088,-2.7493,0.61557,-2.0658,-0.13731,0.83976,-0.78727
0.78729,-2.7469,0.60082,-2.0606,-0.13687,0.83363,-0.79093
0.79339,-2.7442,0.58625,-2.0551,-0.13633,0.8273,-0.79463
0.79918,-2.7411,0.57186,-2.0492,-0.1357,0.82079,-0.79835
0.80465,-2.7378,0.55767,-2.043,-0.13497,0.81414,-0.80211
0.80979,-2.7341,0.5437,-2.0366,-0.13415,0.80737,-0.80588
0.8146,-2.7303,0.52997,-2.0299,-0.13322,0.80051,-0.80968
0.81907,-2.7262,0.51648,-2.0229,-0.13219,0.79359,-0.81349
0.82321,-2.7219,0.50324,-2.0158,-0.13106,0.78664,-0.81732
0.82702,-2.7174,0.49028,-2.0085,-0.12982,0.77968,-0.82116
0.83049,-2.7127,0.47759,-2.001,-0.12848,0.77274,-0.82502
0.83363,-2.708,0.46518,-1.9934,-0.12704,0.76584,-0.82888
0.83644,-2.7031,0.45305,-1.9858,-0.1255,0.75902,-0.83275
0.83892,-2.6981,0.44122,-1.978,-0.12385,0.75229,-0.83663
0.84108,-2.6931,0.42968,-1.9703,-0.12211,0.74568,-0.84051
0.84292,-2.688,0.41844,-1.9625,-0.12027,0.73921,-0.84439
0.84446,-2.6829,0.4075,-1.9548,-0.11833,0.73289,-0.84827
0.84568,-2.6778,0.39686,-1.9471,-0.1163,0.72675,-0.85215
0.8466,-2.6727,0.38651,-1.9395,-0.11418,0.72081,-0.85602
0.84723,-2.6676,0.37647,-1.932,-0.11197,0.71507,-0.85989
0.84757,-2.6626,0.36673,-1.9247,-0.10968,0.70956,-0.86375
0.84763,-2.6576,0.35729,-1.9175,-0.1073,0.70429,-0.8676
0.84741,-2.6528,0.34814,-1.9105,-0.10484,0.69927,-0.87145
0.84692,-2.648,0.33929,-1.9037,-0.1023,0.69451,-0.87528
0.84616,-2.6433,0.33073,-1.8972,-0.099683,0.69001,-0.87911
0.84514,-2.6388,0.32247,-1.8909,-0.096997,0.68579,-0.88292
0.84386,-2.6344,0.31449,-1.8849,-0.09424,0.68184,-0.88672
0.84233,-2.6302,0.30681,-1.8791,-0.091417,0.67818,-0.89051
0.84055,-2.6261,0.2994,-1.8737,-0.088529,0.67481,-0.89428
0.83853,-2.6222,0.29229,-1.8686,-0.08558,0.67172,-0.89804
0.83627,-2.6185,0.28545,-1.8639,-0.082571,0.66892,-0.90178
0.83377,-2.6149,0.27889,-1.8595,-0.079507,0.6664,-0.90551
0.83104,-2.6116,0.2726,-1.8555,-0.076389,0.66417,-0.90923
0.82807,-2.6084,0.26659,-1.8519,-0.07322,0.66221,-0.91293
0.82487,-2.6055,0.26084,-1.8486,-0.070002,0.66052,-0.91662
0.82144,-2.6028,0.25537,-1.8458,-0.066738,0.6591,-0.92029
0.81779,-2.6003,0.25016,-1.8433,-0.06343,0.65794,-0.92394
0.81391,-2.598,0.24521,-1.8413,-0.060081,0.65702,-0.92758
0.8098,-2.5959,0.24052,-1.8396,-0.056693,0.65635,-0.93121
0.80547,-2.594,0.2361,-1.8384,-0.053267,0.6559,-0.93482
0.80091,-2.5923,0.23192,-1.8376,-0.049808,0.65567,-0.93842
0.79613,-2.5909,0.228,-1.8372,-0.046315,0.65564,-0.942
0.79112,-2.5897,0.22433,-1.8371,-0.042793,0.65581,-0.94557
0.78589,-2.5886,0.22091,-1.8375,-0.039242,0.65616,-0.94912
0.78043,-2.5878,0.21774,-1.8383,-0.035665,0.65666,-0.95266
0.77474,-2.5872,0.21481,-1.8394,-0.032063,0.65732,-0.95619
0.76883,-2.5867,0.21212,-1.8409,-0.028439,0.65812,-0.9597
0.76269,-2.5865,0.20967,-1.8428,-0.024795,0.65903,-0.9632
0.75633,-2.5864,0.20746,-1.845,-0.021133,0.66004,-0.96669
0.74973,-2.5865,0.20548,-1.8475,-0.017454,0.66115,-0.97016
0.74291,-2.5867,0.20374,-1.8504,-0.01376,0.66232,-0.97362
0.73587,-2.587,0.20222,-1.8535,-0.010054,0.66355,-0.97707
0.72859,-2.5875,0.20093,-1.8569,-0.0063377,0.66482,-0.9805
0.72109,-2.5882,0.19986,-1.8606,-0.0026125,0.66611,-0.98392
0.71337,-2.5889,0.19902,-1.8645,0.0011195,0.66741,-0.98733
0.70542,-2.5897,0.19839,-1.8686,0.0048562,0.6687,-0.99072
0.69725,-2.5906,0.19798,-1.8729,0.0085957,0.66997,-0.9941
0.68885,-2.5916,0.19777,-1.8774,0.012336,0.6712,-0.99747
0.68024,-2.5926,0.19777,-1.882,0.016075,0.67238,-1.0008
0.67141,-2.5937,0.19798,-1.8868,0.01981,0.67349,-1.0042
0.66237,-2.5948,0.19838,-1.8916,0.023541,0.67452,-1.0075
0.65312,-2.5959,0.19897,-1.8966,0.027263,0.67546,-1.0108
0.64366,-2.597,0.19975,-1.9016,0.030976,0.6763,-1.0141
0.63401,-2.5981,0.20072,-1.9066,0.034676,0.67702,-1.0173
0.62416,-2.5992,0.20185,-1.9116,0.038363,0.67762,-1.0206
0.61412,-2.6002,0.20315,-1.9166,0.042033,0.67808,-1.0238
0.6039,-2.6012,0.20462,-1.9216,0.045684,0.6784,-1.027
0.59351,-2.6021,0.20623,-1.9265,0.049314,0.67857,-1.0302
0.58295,-2.603,0.20799,-1.9313,0.05292,0.67858,-1.0333
0.57223,-2.6038,0.20989,-1.936,0.0565,0.67843,-1.0365
0.56136,-2.6044,0.21191,-1.9406,0.060052,0.67812,-1.0396
0.55036,-2.605,0.21404,-1.9451,0.063572,0.67763,-1.0426
0.53923,-2.6055,0.21628,-1.9493,0.06706,0.67697,-1.0457
0.52799,-2.6058,0.21861,-1.9534,0.070511,0.67614,-1.0487
0.51664,-2.606,0.22102,-1.9574,0.073924,0.67513,-1.0517
0.5052,-2.6061,0.2235,-1.9611,0.077296,0.67395,-1.0547
0.49368,-2.606,0.22604,-1.9645,0.080625,0.6726,-1.0576
0.4821,-2.6058,0.22861,-1.9678,0.083908,0.67108,-1.0605
0.47047,-2.6054,0.23122,-1.9708,0.087143,0.66939,-1.0634
0.4588,-2.6049,0.23383,-1.9736,0.090328,0.66754,-1.0662
0.44711,-2.6043,0.23645,-1.9761,0.09346,0.66554,-1.069
0.43541,-2.6034,0.23905,-1.9783,0.096538,0.66339,-1.0717
0.42372,-2.6025,0.24163,-1.9803,0.09956,0.6611,-1.0744
0.41205,-2.6014,0.24416,-1.982,0.10252,0.65867,-1.0771
0.40042,-2.6001,0.24663,-1.9835,0.10543,0.65612,-1.0797
0.38885,-2.5987,0.24902,-1.9847,0.10827,0.65345,-1.0823
0.37734,-2.5972,0.25133,-1.9856,0.11105,0.65067,-1.0848
0.36591,-2.5955,0.25354,-1.9863,0.11376,0.6478,-1.0873
0.35458,-2.5937,0.25563,-1.9867,0.11641,0.64484,-1.0898
0.34335,-2.5918,0.2576,-1.9869,0.11899,0.6418,-1.0922
0.33225,-2.5897,0.25942,-1.9869,0.12151,0.63869,-1.0945
0.32129,-2.5876,0.26109,-1.9867,0.12396,0.63553,-1.0968
0.31048,-2.5854,0.2626,-1.9862,0.12634,0.63233,-1.0991
0.29983,-2.5831,0.26393,-1.9855,0.12865,0.62908,-1.1014
0.28936,-2.5807,0.26507,-1.9847,0.1309,0.62582,-1.1035
0.27906,-2.5782,0.26602,-1.9837,0.13308,0.62254,-1.1057
0.26897,-2.5757,0.26677,-1.9825,0.1352,0.61925,-1.1078
0.25908,-2.5732,0.2673,-1.9812,0.13725,0.61598,-1.1099
0.2494,-2.5706,0.26761,-1.9797,0.13923,0.61271,-1.1119
0.23995,-2.568,0.2677,-1.9781,0.14115,0.60947,-1.1139
0.23072,-2.5654,0.26755,-1.9765,0.14301,0.60626,-1.1158
0.22174,-2.5628,0.26716,-1.9747,0.1448,0.60309,-1.1177
0.213,-2.5602,0.26653,-1.9729,0.14654,0.59997,-1.1196
0.20451,-2.5576,0.26566,-1.971,0.14822,0.5969,-1.1214
0.19628,-2.555,0.26453,-1.969,0.14984,0.59389,-1.1232
0.18832,-2.5524,0.26315,-1.967,0.15141,0.59095,-1.125
0.18062,-2.5499,0.26152,-1.965,0.15293,0.58808,-1.1267
0.17319,-2.5474,0.25962,-1.963,0.15439,0.58528,-1.1285
0.16603,-2.545,0.25748,-1.961,0.1558,0.58255,-1.1301
0.15915,-2.5427,0.25507,-1.959,0.15717,0.57991,-1.1318
0.15255,-2.5404,0.2524,-1.9571,0.15849,0.57735,-1.1334
0.14623,-2.5381,0.24947,-1.9551,0.15977,0.57487,-1.135
0.1402,-2.5359,0.24629,-1.9532,0.16101,0.57248,-1.1366
0.13445,-2.5338,0.24284,-1.9514,0.16221,0.57018,-1.1382
0.12898,-2.5318,0.23915,-1.9496,0.16337,0.56795,-1.1397
0.1238,-2.5298,0.23519,-1.9479,0.1645,0.56582,-1.1413
0.1189,-2.5279,0.23099,-1.9462,0.16559,0.56376,-1.1428
0.11429,-2.5261,0.22653,-1.9446,0.16665,0.56179,-1.1443
0.10996,-2.5244,0.22183,-1.943,0.16769,0.55989,-1.1458
0.10591,-2.5227,0.21689,-1.9416,0.16869,0.55807,-1.1472
0.10214,-2.5211,0.2117,-1.9401,0.16967,0.55633,-1.1487
0.098644,-2.5196,0.20627,-1.9388,0.17063,0.55465,-1.1502
0.095426,-2.5181,0.20061,-1.9375,0.17156,0.55304,-1.1516
0.092482,-2.5167,0.19472,-1.9363,0.17247,0.55148,-1.1531
0.089807,-2.5153,0.18861,-1.9352,0.17337,0.54999,-1.1545
0.087398,-2.514,0.18227,-1.9341,0.17424,0.54855,-1.156
0.085253,-2.5127,0.17572,-1.933,0.17511,0.54715,-1.1574
0.083367,-2.5115,0.16895,-1.932,0.17595,0.5458,-1.1589
0.081737,-2.5103,0.16197,-1.931,0.17679,0.54448,-1.1603
0.080357,-2.5091,0.1548,-1.9301,0.17762,0.5432,-1.1618
0.079225,-2.508,0.14742,-1.9292,0.17843,0.54194,-1.1633
0.078335,-2.5068,0.13986,-1.9283,0.17924,0.54071,-1.1647
0.077681,-2.5057,0.13211,-1.9274,0.18004,0.53949,-1.1662
0.077261,-2.5045,0.12418,-1.9265,0.18084,0.53828,-1.1677
0.077067,-2.5033,0.11608,-1.9255,0.18164,0.53708,-1.1692
0.077094,-2.5022,0.10782,-1.9246,0.18243,0.53589,-1.1707
0.077338,-2.5009,0.099394,-1.9236,0.18322,0.53469,-1.1722
0.077792,-2.4997,0.090821,-1.9226,0.18402,0.53348,-1.1737
0.07845,-2.4984,0.082104,-1.9215,0.18481,0.53226,-1.1753
0.079307,-2.497,0.073252,-1.9203,0.18561,0.53103,-1.1768
0.080355,-2.4956,0.064272,-1.9191,0.18642,0.52979,-1.1784
0.081589,-2.4942,0.055173,-1.9178,0.18723,0.52852,-1.18
0.083003,-2.4926,0.045962,-1.9164,0.18805,0.52723,-1.1816
0.084589,-2.491,0.036649,-1.9148,0.18887,0.52591,-1.1832
0.086342,-2.4893,0.027243,-1.9132,0.18971,0.52457,-1.1848
0.088254,-2.4874,0.017751,-1.9114,0.19056,0.52319,-1.1864
0.090318,-2.4855,0.0081834,-1.9095,0.19143,0.52179,-1.1881
0.092529,-2.4835,-0.0014509,-1.9074,0.1923,0.52035,-1.1898
0.094879,-2.4814,-0.011143,-1.9052,0.19319,0.51889,-1.1915
0.097361,-2.4791,-0.020883,-1.9028,0.1941,0.51739,-1.1932
0.099969,-2.4767,-0.030661,-1.9003,0.19503,0.51586,-1.1949
0.1027,-2.4742,-0.040469,-1.8975,0.19597,0.5143,-1.1966
0.10553,-2.4716,-0.050297,-1.8946,0.19693,0.51271,-1.1984
0.10848,-2.4688,-0.060136,-1.8915,0.19792,0.5111,-1.2002
0.11152,-2.4659,-0.069976,-1.8882,0.19892,0.50946,-1.202
0.11466,-2.4629,-0.079809,-1.8847,0.19995,0.5078,-1.2038
0.11788,-2.4597,-0.089624,-1.881,0.201,0.50612,-1.2056
0.12118,-2.4564,-0.099414,-1.8771,0.20207,0.50443,-1.2074
0.12456,-2.4529,-0.10917,-1.873,0.20316,0.50272,-1.2093
0.128,-2.4493,-0.11888,-1.8687,0.20429,0.501,-1.2112
0.13151,-2.4455,-0.12854,-1.8642,0.20543,0.49928,-1.2131
0.13507,-2.4416,-0.13815,-1.8595,0.20661,0.49755,-1.215
0.13868,-2.4376,-0.14768,-1.8546,0.20781,0.49583,-1.2169
0.14234,-2.4334,-0.15714,-1.8494,0.20903,0.49412,-1.2188
0.14604,-2.4291,-0.16652,-1.8441,0.21028,0.49242,-1.2207
0.14978,-2.4246,-0.17582,-1.8386,0.21156,0.49074,-1.2227
0.15355,-2.4201,-0.18501,-1.8328,0.21287,0.48908,-1.2246
0.15735,-2.4154,-0.19411,-1.8269,0.2142,0.48744,-1.2266
0.16117,-2.4105,-0.2031,-1.8208,0.21556,0.48584,-1.2286
0.16501,-2.4056,-0.21198,-1.8145,0.21694,0.48427,-1.2306
0.16887,-2.4005,-0.22074,-1.808,0.21835,0.48275,-1.2326
0.17274,-2.3953,-0.22938,-1.8014,0.21979,0.48127,-1.2346
0.17662,-2.39,-0.2379,-1.7946,0.22126,0.47984,-1.2366
0.18051,-2.3847,-0.24628,-1.7876,0.22275,0.47846,-1.2386
0.1844,-2.3792,-0.25454,-1.7805,0.22426,0.47715,-1.2406
0.18829,-2.3736,-0.26265,-1.7732,0.2258,0.47589,-1.2427
0.19218,-2.368,-0.27063,-1.7658,0.22736,0.47471,-1.2447
0.19606,-2.3622,-0.27847,-1.7583,0.22895,0.47359,-1.2467
0.19994,-2.3564,-0.28616,-1.7507,0.23056,0.47255,-1.2488
0.20381,-2.3506,-0.29371,-1.7429,0.23219,0.47158,-1.2508
0.20767,-2.3447,-0.30111,-1.735,0.23384,0.4707,-1.2529
0.21152,-2.3387,-0.30837,-1.7271,0.23552,0.4699,-1.2549
0.21535,-2.3327,-0.31547,-1.719,0.23721,0.46918,-1.257
0.21916,-2.3266,-0.32243,-1.7109,0.23892,0.46855,-1.2591
0.22296,-2.3206,-0.32923,-1.7027,0.24066,0.468,-1.2611
0.22673,-2.3145,-0.33589,-1.6944,0.24241,0.46755,-1.2632
0.23048,-2.3083,-0.3424,-1.6861,0.24417,0.46719,-1.2653
0.23421,-2.3022,-0.34876,-1.6778,0.24596,0.46692,-1.2673
0.23792,-2.2961,-0.35497,-1.6694,0.24776,0.46675,-1.2694
0.24159,-2.29,-0.36103,-1.6609,0.24957,0.46666,-1.2715
0.24524,-2.2838,-0.36694,-1.6525,0.2514,0.46668,-1.2735
0.24886,-2.2777,-0.37271,-1.644,0.25325,0.46678,-1.2756
0.25244,-2.2716,-0.37834,-1.6356,0.2551,0.46698,-1.2776
0.256,-2.2656,-0.38382,-1.6271,0.25697,0.46727,-1.2797
0.25951,-2.2595,-0.38916,-1.6187,0.25885,0.46765,-1.2818
0.263,-2.2535,-0.39436,-1.6103,0.26075,0.46812,-1.2838
0.26644,-2.2476,-0.39942,-1.6019,0.26265,0.46869,-1.2859
0.26984,-2.2417,-0.40434,-1.5935,0.26456,0.46934,-1.288
0.27321,-2.2358,-0.40913,-1.5852,0.26648,0.47007,-1.29
0.27653,-2.23,-0.41379,-1.5769,0.26841,0.47089,-1.2921
0.27981,-2.2242,-0.41832,-1.5687,0.27034,0.4718,-1.2941
0.28304,-2.2186,-0.42272,-1.5605,0.27229,0.47278,-1.2962
0.28623,-2.2129,-0.42699,-1.5524,0.27424,0.47385,-1.2982
0.28937,-2.2074,-0.43114,-1.5444,0.2762,0.47499,-1.3003
0.29246,-2.2019,-0.43517,-1.5365,0.27816,0.4762,-1.3023
0.29551,-2.1965,-0.43908,-1.5286,0.28013,0.47748,-1.3044
0.2985,-2.1912,-0.44288,-1.5208,0.2821,0.47884,-1.3064
0.30144,-2.186,-0.44656,-1.5132,0.28408,0.48026,-1.3085
0.30432,-2.1808,-0.45013,-1.5056,0.28607,0.48174,-1.3105
0.30715,-2.1757,-0.45359,-1.4981,0.28805,0.48328,-1.3126
0.30993,-2.1708,-0.45695,-1.4907,0.29004,0.48488,-1.3146
0.31265,-2.1659,-0.4602,-1.4835,0.29204,0.48654,-1.3167
0.31531,-2.1611,-0.46335,-1.4763,0.29404,0.48824,-1.3187
0.31791,-2.1564,-0.4664,-1.4693,0.29604,0.49,-1.3208
0.32046,-2.1517,-0.46936,-1.4624,0.29804,0.49181,-1.3229
0.32294,-2.1472,-0.47222,-1.4556,0.30004,0.49365,-1.3249
0.32537,-2.1428,-0.475,-1.449,0.30205,0.49554,-1.327
0.32773,-2.1385,-0.47768,-1.4424,0.30406,0.49746,-1.329
0.33004,-2.1342,-0.48028,-1.436,0.30608,0.49943,-1.3311
0.33228,-2.1301,-0.4828,-1.4298,0.30809,0.50142,-1.3331
0.33446,-2.1261,-0.48524,-1.4236,0.31011,0.50344,-1.3352
0.33658,-2.1221,-0.4876,-1.4176,0.31212,0.50549,-1.3372
0.33863,-2.1183,-0.48988,-1.4117,0.31414,0.50756,-1.3393
0.34063,-2.1145,-0.49209,-1.406,0.31617,0.50966,-1.3414
0.34256,-2.1109,-0.49423,-1.4004,0.31819,0.51177,-1.3434
0.34443,-2.1073,-0.4963,-1.395,0.32021,0.5139,-1.3455
0.34624,-2.1038,-0.4983,-1.3897,0.32224,0.51605,-1.3476
0.34798,-2.1005,-0.50024,-1.3845,0.32427,0.5182,-1.3496
0.34967,-2.0972,-0.50212,-1.3794,0.32629,0.52037,-1.3517
0.35129,-2.094,-0.50394,-1.3745,0.32832,0.52254,-1.3538
0.35285,-2.0909,-0.50571,-1.3698,0.33036,0.52472,-1.3559
0.35436,-2.0879,-0.50742,-1.3651,0.33239,0.5269,-1.358
0.3558,-2.085,-0.50907,-1.3606,0.33442,0.52908,-1.36
0.35718,-2.0821,-0.51068,-1.3563,0.33646,0.53126,-1.3621
0.35851,-2.0794,-0.51223,-1.352,0.3385,0.53343,-1.3642
0.35977,-2.0767,-0.51374,-1.348,0.34053,0.5356,-1.3663
0.36099,-2.0742,-0.51521,-1.344,0.34257,0.53777,-1.3684
0.36214,-2.0717,-0.51663,-1.3401,0.34462,0.53992,-1.3705
0.36324,-2.0693,-0.51801,-1.3364,0.34666,0.54207,-1.3726
0.36429,-2.0669,-0.51935,-1.3328,0.3487,0.5442,-1.3747
0.36528,-2.0647,-0.52065,-1.3294,0.35075,0.54632,-1.3769
0.36622,-2.0625,-0.52192,-1.326,0.35279,0.54843,-1.379
0.36711,-2.0604,-0.52315,-1.3228,0.35484,0.55052,-1.3811
0.36795,-2.0583,-0.52435,-1.3197,0.35689,0.55259,-1.3832
0.36874,-2.0564,-0.52551,-1.3167,0.35894,0.55465,-1.3853
0.36948,-2.0545,-0.52665,-1.3138,0.36099,0.55668,-1.3875
0.37018,-2.0526,-0.52776,-1.3111,0.36304,0.5587,-1.3896
0.37083,-2.0509,-0.52885,-1.3084,0.3651,0.56069,-1.3917
0.37144,-2.0492,-0.5299,-1.3059,0.36715,0.56266,-1.3939
0.372,-2.0475,-0.53094,-1.3034,0.36921,0.5646,-1.396
0.37253,-2.046,-0.53195,-1.3011,0.37126,0.56653,-1.3981
0.37301,-2.0444,-0.53293,-1.2988,0.37332,0.56842,-1.4003
0.37346,-2.043,-0.5339,-1.2966,0.37538,0.5703,-1.4024
0.37386,-2.0416,-0.53485,-1.2946,0.37743,0.57214,-1.4046
0.37423,-2.0402,-0.53578,-1.2926,0.37949,0.57396,-1.4067
0.37457,-2.0389,-0.53669,-1.2907,0.38155,0.57576,-1.4089
0.37487,-2.0377,-0.53759,-1.2889,0.38361,0.57752,-1.411
0.37514,-2.0365,-0.53847,-1.2872,0.38566,0.57926,-1.4132
0.37538,-2.0353,-0.53934,-1.2855,0.38772,0.58097,-1.4154
0.37559,-2.0342,-0.54019,-1.284,0.38978,0.58266,-1.4175
0.37577,-2.0332,-0.54103,-1.2825,0.39184,0.58431,-1.4197
0.37592,-2.0322,-0.54186,-1.2811,0.39389,0.58594,-1.4219
0.37605,-2.0312,-0.54267,-1.2797,0.39595,0.58754,-1.424
0.37615,-2.0303,-0.54348,-1.2784,0.398,0.58911,-1.4262
0.37623,-2.0294,-0.54428,-1.2772,0.40005,0.59066,-1.4284
0.37628,-2.0285,-0.54506,-1.2761,0.40211,0.59217,-1.4305
0.37632,-2.0277,-0.54584,-1.275,0.40416,0.59366,-1.4327
0.37633,-2.0269,-0.54661,-1.274,0.4062,0.59513,-1.4349
0.37632,-2.0262,-0.54738,-1.273,0.40825,0.59656,-1.437
0.37629,-2.0255,-0.54813,-1.2721,0.41029,0.59797,-1.4392
0.37625,-2.0248,-0.54888,-1.2712,0.41234,0.59936,-1.4414
0.37619,-2.0242,-0.54963,-1.2704,0.41438,0.60072,-1.4435
0.37611,-2.0236,-0.55036,-1.2697,0.41641,0.60205,-1.4457
0.37601,-2.023,-0.5511,-1.269,0.41845,0.60337,-1.4479
0.37591,-2.0225,-0.55182,-1.2683,0.42048,0.60465,-1.45
0.37578,-2.0219,-0.55255,-1.2677,0.4225,0.60592,-1.4522
0.37565,-2.0215,-0.55326,-1.2671,0.42453,0.60716,-1.4544
0.3755,-2.021,-0.55398,-1.2666,0.42655,0.60839,-1.4565
0.37534,-2.0206,-0.55469,-1.2661,0.42856,0.60959,-1.4587
0.37517,-2.0202,-0.55539,-1.2657,0.43058,0.61077,-1.4609
0.37499,-2.0198,-0.5561,-1.2653,0.43258,0.61194,-1.463
0.37479,-2.0195,-0.5568,-1.2649,0.43459,0.61309,-1.4652
0.37459,-2.0191,-0.55749,-1.2646,0.43659,0.61422,-1.4673
0.37438,-2.0188,-0.55818,-1.2643,0.43858,0.61534,-1.4695
0.37415,-2.0186,-0.55887,-1.2641,0.44057,0.61644,-1.4717
0.37392,-2.0183,-0.55955,-1.2639,0.44255,0.61753,-1.4738
