0.22399
0.22399
0.22393
0.2238
0.22362
0.22339
0.22311
0.22278
0.22242
0.22202
0.22159
0.22113
0.22063
0.22012
0.21957
0.21901
0.21842
0.21782
0.21719
0.21655
0.2159
0.21523
0.21454
0.21385
0.21314
0.21242
0.21169
0.21095
0.21019
0.20943
0.20866
0.20788
0.2071
0.2063
0.2055
0.20468
0.20386
0.20303
0.2022
0.20135
0.2005
0.19964
0.19877
0.1979
0.19701
0.19612
0.19522
0.19431
0.1934
0.19247
0.19154
0.1906
0.18965
0.1887
0.18773
0.18676
0.18578
0.18479
0.18379
0.18278
0.18177
0.18074
0.17971
0.17868
0.17763
0.17658
0.17552
0.17446
0.17339
0.17231
0.17123
0.17014
0.16905
0.16796
0.16686
0.16577
0.16467
0.16357
0.16247
0.16138
0.16028
0.15919
0.15811
0.15703
0.15596
0.1549
0.15385
0.15281
0.15178
0.15077
0.14978
0.14881
0.14785
0.14692
0.14602
0.14514
0.14429
0.14347
0.14269
0.14194
0.14123
0.14056
0.13994
0.13937
0.13884
0.13837
0.13796
0.13761
0.13732
0.1371
0.13695
0.13687
0.13688
0.13696
0.13713
0.13739
0.13774
0.13818
0.13872
0.13936
0.14009
0.14092
0.14185
0.14288
0.14401
0.14522
0.14653
0.14793
0.1494
0.15096
0.15258
0.15426
0.15601
0.1578
0.15963
0.16149
0.16339
0.16529
0.16721
0.16913
0.17104
0.17295
0.17483
0.17668
0.17851
0.18029
0.18204
0.18373
0.18538
0.18697
0.18851
0.18998
0.1914
0.19275
0.19404
0.19526
0.19641
0.1975
0.19853
0.19949
0.20038
0.20122
0.20199
0.2027
0.20336
0.20396
0.20451
0.20501
0.20547
0.20588
0.20626
0.2066
0.20691
0.20719
0.20746
0.20771
0.20795
0.20819
0.20843
0.20868
0.20895
0.20924
0.20956
0.20992
0.21032
0.21078
0.21129
0.21186
0.2125
0.21321
0.21401
0.21489
0.21585
0.21691
0.21806
0.2193
0.22063
0.22205
0.22356
0.22516
0.22684
0.2286
0.23044
0.23234
0.2343
0.23632
0.23838
0.24047
0.2426
0.24474
0.2469
0.24905
0.25119
0.25332
0.25542
0.25748
0.25949
0.26145
0.26336
0.26519
0.26696
0.26864
0.27025
0.27177
0.2732
0.27455
0.2758
0.27697
0.27805
0.27905
0.27996
0.28078
0.28154
0.28221
0.28282
0.28336
0.28384
0.28426
0.28463
0.28495
0.28523
0.28547
0.28568
0.28586
0.28601
0.28614
0.28625
0.28635
0.28643
0.28651
0.28658
0.28665
0.28672
0.28678
0.28685
0.28692
0.28699
0.28707
0.28715
0.28723
0.28732
0.28741
0.2875
0.2876
0.28769
0.28779
0.28788
0.28797
0.28805
0.28813
0.2882
0.28826
0.28831
0.28835
0.28838
0.28839
0.28839
0.28838
0.28835
0.28831
0.28825
0.28817
0.28809
0.28798
0.28787
0.28774
0.2876
0.28745
0.28729
0.28713
0.28696
0.28679
0.28661
0.28644
0.28627
0.2861
0.28593
0.28578
0.28562
0.28548
0.28535
0.28523
0.28512
0.28502
0.28494
0.28487
0.28481
0.28476
0.28473
0.28471
0.2847
0.2847
0.28471
0.28474
0.28477
0.28482
0.28487
0.28493
0.285
0.28507
0.28515
0.28524
0.28533
0.28543
0.28553
0.28563
0.28574
0.28585
0.28596
0.28608
0.28619
0.28631
0.28643
0.28656
0.28668
0.2868
0.28692
0.28705
0.28717
0.28729
0.28741
0.28753
0.28765
0.28777
0.28788
0.28799
0.2881
0.2882
0.2883
0.2884
0.28848
0.28857
0.28864
0.28871
0.28877
0.28883
0.28887
0.28891
0.28894
0.28896
0.28896
0.28896
0.28895
0.28892
0.28888
0.28883
0.28876
0.28868
0.28859
0.28848
0.28836
0.28822
0.28807
0.2879
0.28771
0.28751
0.28729
0.28705
0.2868
0.28653
0.28624
0.28593
0.28561
0.28526
0.2849
0.28452
0.28413
0.28371
0.28328
0.28283
0.28236
0.28188
0.28138
0.28086
0.28033
0.27978
0.27922
0.27864
0.27805
0.27744
0.27683
0.27619
0.27555
0.2749
0.27423
0.27356
0.27288
0.27219
0.27149
0.27078
0.27007
0.26936
0.26863
0.26791
0.26718
0.26645
0.26572
0.26499
0.26426
0.26353
0.26281
0.26208
0.26136
0.26064
0.25993
0.25922
0.25852
0.25783
0.25714
0.25646
0.25579
0.25513
0.25448
0.25383
0.2532
0.25258
0.25197
0.25137
0.25078
0.25021
0.24965
0.2491
0.24856
0.24803
0.24752
0.24702
0.24654
0.24607
0.24561
0.24516
0.24473
0.24431
0.2439
0.24351
0.24313
0.24276
0.24241
0.24206
0.24173
0.24142
0.24111
0.24082
0.24053
0.24026
0.24
0.23975
0.23951
0.23928
0.23907
0.23886
0.23866
0.23847
0.23828
0.23811
0.23795
0.23779
0.23764
0.2375
0.23736
0.23724
0.23712
0.237
0.2369
0.2368
0.2367
0.23661
0.23653
0.23645
0.23638
0.23631
0.23625
0.23619
0.23614
0.23609
0.23605
0.23601
0.23597
0.23594
0.23592
0.23589
