0.058687,18.286,-11.029,-8.0363,-0.71596,-0.028573,0.00010924
0.058466,18.496,-11.006,-8.047,-0.70333,-0.02788,8.2369e-05
0.055797,18.685,-10.986,-8.0595,-0.69188,-0.027682,5.915e-05
0.051258,18.856,-10.969,-8.0735,-0.68147,-0.027929,3.9198e-05
0.04527,19.009,-10.954,-8.0892,-0.67197,-0.028575,2.2125e-05
0.038135,19.145,-10.941,-8.1065,-0.66328,-0.029577,7.5522e-06
0.030061,19.266,-10.929,-8.1252,-0.65529,-0.030897,-4.8771e-06
0.021189,19.373,-10.917,-8.1455,-0.64792,-0.032499,-1.5497e-05
0.011607,19.467,-10.906,-8.1671,-0.64109,-0.034352,-2.4613e-05
0.001366,19.549,-10.894,-8.1902,-0.63473,-0.036425,-3.2505e-05
-0.00951,19.619,-10.883,-8.2145,-0.62877,-0.038694,-3.9424e-05
-0.021015,19.679,-10.871,-8.2402,-0.62316,-0.041132,-4.5592e-05
-0.033154,19.729,-10.859,-8.2671,-0.61786,-0.043718,-5.1209e-05
-0.04594,19.769,-10.845,-8.2952,-0.61281,-0.046432,-5.6449e-05
-0.059389,19.801,-10.831,-8.3244,-0.60799,-0.049256,-6.1465e-05
-0.073515,19.825,-10.815,-8.3547,-0.60336,-0.052172,-6.639e-05
-0.088335,19.841,-10.799,-8.386,-0.59888,-0.055165,-7.1339e-05
-0.10386,19.851,-10.781,-8.4183,-0.59454,-0.058222,-7.641e-05
-0.1201,19.853,-10.762,-8.4516,-0.59031,-0.061328,-8.1688e-05
-0.13706,19.85,-10.741,-8.4857,-0.58618,-0.064474,-8.7241e-05
-0.15474,19.841,-10.719,-8.5207,-0.58211,-0.067647,-9.313e-05
-0.17314,19.827,-10.696,-8.5565,-0.57811,-0.070838,-9.9403e-05
-0.19225,19.807,-10.671,-8.593,-0.57415,-0.074038,-0.0001061
-0.21206,19.783,-10.645,-8.6302,-0.57023,-0.077239,-0.00011325
-0.23255,19.755,-10.617,-8.6681,-0.56633,-0.080433,-0.00012088
-0.25372,19.722,-10.588,-8.7066,-0.56245,-0.083613,-0.00012901
-0.27554,19.685,-10.557,-8.7457,-0.55858,-0.086773,-0.00013765
-0.29799,19.645,-10.524,-8.7854,-0.55471,-0.089907,-0.00014681
-0.32105,19.602,-10.491,-8.8255,-0.55085,-0.093009,-0.00015649
-0.34468,19.555,-10.455,-8.866,-0.54697,-0.096075,-0.0001667
-0.36887,19.505,-10.419,-8.907,-0.54309,-0.0991,-0.00017742
-0.39358,19.452,-10.38,-8.9484,-0.5392,-0.10208,-0.00018867
-0.41878,19.397,-10.341,-8.9901,-0.5353,-0.10501,-0.00020043
-0.44445,19.339,-10.3,-9.0322,-0.53138,-0.10789,-0.00021268
-0.47055,19.279,-10.257,-9.0745,-0.52744,-0.11071,-0.00022543
-0.49705,19.216,-10.214,-9.117,-0.52348,-0.11348,-0.00023866
-0.52392,19.151,-10.169,-9.1597,-0.51951,-0.11618,-0.00025236
-0.55112,19.084,-10.122,-9.2027,-0.51552,-0.11882,-0.00026651
-0.57863,19.015,-10.074,-9.2457,-0.51151,-0.1214,-0.0002811
-0.6064,18.945,-10.025,-9.2889,-0.50748,-0.1239,-0.00029611
-0.63441,18.872,-9.9752,-9.3321,-0.50344,-0.12634,-0.00031153
-0.66262,18.798,-9.9238,-9.3754,-0.49938,-0.12871,-0.00032734
-0.69099,18.722,-9.8711,-9.4187,-0.4953,-0.131,-0.00034353
-0.71951,18.645,-9.8173,-9.4619,-0.49121,-0.13322,-0.00036007
-0.74812,18.566,-9.7624,-9.5051,-0.48711,-0.13536,-0.00037696
-0.77681,18.486,-9.7064,-9.5481,-0.48299,-0.13743,-0.00039417
-0.80552,18.404,-9.6493,-9.5911,-0.47886,-0.13942,-0.00041168
-0.83424,18.322,-9.5912,-9.6339,-0.47473,-0.14134,-0.00042948
-0.86292,18.237,-9.532,-9.6764,-0.47058,-0.14317,-0.00044755
-0.89153,18.152,-9.4719,-9.7188,-0.46643,-0.14493,-0.00046587
-0.92004,18.066,-9.4109,-9.7608,-0.46228,-0.1466,-0.00048442
-0.94841,17.978,-9.3489,-9.8026,-0.45813,-0.1482,-0.00050319
-0.97661,17.89,-9.2861,-9.844,-0.45397,-0.14972,-0.00052214
-1.0046,17.8,-9.2224,-9.885,-0.44982,-0.15115,-0.00054127
-1.0323,17.71,-9.158,-9.9256,-0.44567,-0.1525,-0.00056055
-1.0598,17.618,-9.0928,-9.9658,-0.44153,-0.15378,-0.00057996
-1.0869,17.526,-9.027,-10.005,-0.4374,-0.15497,-0.00059948
-1.1137,17.433,-8.9605,-10.045,-0.43328,-0.15608,-0.00061908
-1.14,17.34,-8.8934,-10.083,-0.42917,-0.1571,-0.00063875
-1.1659,17.245,-8.8257,-10.121,-0.42508,-0.15805,-0.00065845
-1.1913,17.151,-8.7576,-10.158,-0.421,-0.15891,-0.00067816
-1.2162,17.055,-8.689,-10.195,-0.41695,-0.15969,-0.00069785
-1.2405,16.959,-8.6201,-10.231,-0.41291,-0.16039,-0.00071749
-1.2641,16.863,-8.5509,-10.266,-0.40891,-0.161,-0.00073705
-1.2871,16.766,-8.4814,-10.301,-0.40492,-0.16153,-0.0007565
-1.3094,16.669,-8.4118,-10.334,-0.40097,-0.16197,-0.00077581
-1.3308,16.572,-8.342,-10.367,-0.39705,-0.16233,-0.00079493
-1.3514,16.475,-8.2723,-10.399,-0.39316,-0.1626,-0.00081382
-1.3711,16.378,-8.2026,-10.43,-0.38931,-0.16279,-0.00083244
-1.3899,16.281,-8.133,-10.46,-0.38549,-0.16288,-0.00085075
-1.4076,16.184,-8.0637,-10.489,-0.38172,-0.16288,-0.0008687
-1.4243,16.087,-7.9947,-10.517,-0.37798,-0.1628,-0.00088622
-1.4398,15.991,-7.9262,-10.544,-0.37429,-0.16262,-0.00090327
-1.4541,15.896,-7.8581,-10.569,-0.37064,-0.16234,-0.00091979
-1.4671,15.801,-7.7907,-10.594,-0.36704,-0.16197,-0.0009357
-1.4788,15.707,-7.724,-10.618,-0.36348,-0.16149,-0.00095095
-1.4891,15.613,-7.6581,-10.641,-0.35997,-0.16091,-0.00096544
-1.4978,15.521,-7.5932,-10.662,-0.35651,-0.16023,-0.00097912
-1.505,15.431,-7.5294,-10.682,-0.35311,-0.15944,-0.00099188
-1.5106,15.341,-7.4668,-10.702,-0.34975,-0.15853,-0.0010037
-1.5144,15.253,-7.4054,-10.72,-0.34644,-0.15751,-0.0010143
-1.5164,15.167,-7.3456,-10.736,-0.34319,-0.15636,-0.0010238
-1.5166,15.083,-7.2873,-10.752,-0.33998,-0.15509,-0.001032
-1.5148,15.001,-7.2307,-10.766,-0.33683,-0.15369,-0.0010388
-1.511,14.921,-7.1759,-10.78,-0.33372,-0.15215,-0.0010441
-1.5051,14.844,-7.1232,-10.792,-0.33067,-0.15048,-0.0010478
-1.497,14.77,-7.0725,-10.803,-0.32767,-0.14865,-0.0010497
-1.4867,14.698,-7.0242,-10.813,-0.32471,-0.14668,-0.0010497
-1.474,14.63,-6.9782,-10.822,-0.3218,-0.14454,-0.0010478
-1.459,14.565,-6.9349,-10.829,-0.31894,-0.14224,-0.0010437
-1.4416,14.505,-6.8942,-10.836,-0.31612,-0.13977,-0.0010374
-1.4217,14.448,-6.8563,-10.841,-0.31334,-0.13712,-0.0010287
-1.3992,14.395,-6.8215,-10.846,-0.31059,-0.13429,-0.0010175
-1.3741,14.347,-6.7898,-10.849,-0.30789,-0.13126,-0.0010036
-1.3464,14.304,-6.7613,-10.852,-0.30522,-0.12804,-0.00098695
-1.316,14.265,-6.7362,-10.853,-0.30258,-0.12461,-0.00096741
-1.2829,14.233,-6.7147,-10.854,-0.29997,-0.12097,-0.00094485
-1.2472,14.206,-6.6968,-10.854,-0.29739,-0.11711,-0.00091914
-1.2086,14.185,-6.6826,-10.852,-0.29483,-0.11302,-0.00089018
-1.1674,14.17,-6.6723,-10.85,-0.29229,-0.1087,-0.00085786
-1.1234,14.161,-6.666,-10.848,-0.28978,-0.10415,-0.00082208
-1.0767,14.16,-6.6636,-10.844,-0.28729,-0.099348,-0.00078275
-1.0273,14.165,-6.6653,-10.84,-0.28482,-0.094302,-0.00073979
-0.97525,14.177,-6.6711,-10.835,-0.28237,-0.089006,-0.00069311
-0.92063,14.197,-6.6811,-10.829,-0.27994,-0.083454,-0.00064268
-0.86346,14.224,-6.6951,-10.822,-0.27753,-0.077645,-0.00058845
-0.80384,14.258,-6.7132,-10.815,-0.27516,-0.071576,-0.00053039
-0.74183,14.299,-6.7354,-10.808,-0.27282,-0.065249,-0.00046851
-0.67754,14.347,-6.7615,-10.799,-0.27053,-0.058662,-0.00040282
-0.61106,14.402,-6.7914,-10.79,-0.26828,-0.051819,-0.00033339
-0.54251,14.463,-6.8251,-10.781,-0.2661,-0.044721,-0.00026028
-0.47201,14.531,-6.8622,-10.771,-0.264,-0.037373,-0.00018364
-0.39968,14.604,-6.9025,-10.761,-0.26199,-0.029782,-0.00010363
-0.32565,14.681,-6.946,-10.75,-0.26009,-0.021955,-2.0477e-05
-0.25004,14.763,-6.9921,-10.739,-0.25831,-0.0139,6.555e-05
-0.17299,14.849,-7.0408,-10.728,-0.25668,-0.0056283,0.00015411
-0.094603,14.937,-7.0916,-10.716,-0.25522,0.0028475,0.0002448
-0.014987,15.026,-7.1442,-10.705,-0.25395,0.011513,0.00033715
0.06577,15.117,-7.1984,-10.693,-0.25289,0.020354,0.00043063
0.1476,15.207,-7.2538,-10.681,-0.25207,0.029351,0.00052464
0.23046,15.297,-7.31,-10.67,-0.2515,0.038487,0.00061854
0.31433,15.385,-7.3668,-10.659,-0.25119,0.047739,0.00071162
0.39921,15.471,-7.424,-10.648,-0.25118,0.057085,0.00080315
0.48516,15.554,-7.4812,-10.637,-0.25145,0.066501,0.00089239
0.57223,15.634,-7.5385,-10.628,-0.25204,0.075961,0.00097859
0.66052,15.71,-7.5955,-10.618,-0.25292,0.08544,0.001061
0.75013,15.784,-7.6523,-10.61,-0.25412,0.094908,0.0011391
0.84118,15.854,-7.7088,-10.602,-0.25561,0.10434,0.001212
0.93381,15.922,-7.765,-10.594,-0.25739,0.1137,0.0012794
1.0281,15.987,-7.821,-10.588,-0.25944,0.12296,0.0013409
1.1243,16.05,-7.8768,-10.582,-0.26175,0.1321,0.001396
1.2223,16.112,-7.9326,-10.577,-0.26428,0.14108,0.0014446
1.3223,16.173,-7.9883,-10.572,-0.26703,0.14988,0.0014867
1.4243,16.235,-8.0443,-10.568,-0.26996,0.15847,0.0015222
1.5282,16.296,-8.1004,-10.564,-0.27304,0.16682,0.0015515
1.634,16.359,-8.1568,-10.561,-0.27625,0.17491,0.0015746
1.7416,16.424,-8.2136,-10.559,-0.27956,0.18272,0.0015921
1.8508,16.49,-8.2706,-10.556,-0.28294,0.19023,0.0016044
1.9614,16.559,-8.3281,-10.554,-0.28637,0.19742,0.0016119
2.0732,16.631,-8.3857,-10.552,-0.28982,0.20427,0.0016153
2.1857,16.705,-8.4435,-10.551,-0.29327,0.21078,0.0016151
2.2988,16.782,-8.5014,-10.55,-0.29671,0.21691,0.001612
2.412,16.861,-8.5591,-10.549,-0.30011,0.22268,0.0016064
2.5249,16.942,-8.6164,-10.548,-0.30346,0.22806,0.0015991
2.6372,17.026,-8.6732,-10.547,-0.30674,0.23304,0.0015906
2.7484,17.111,-8.7291,-10.547,-0.30994,0.23763,0.0015815
2.8581,17.197,-8.784,-10.546,-0.31304,0.24182,0.0015722
2.9657,17.284,-8.8375,-10.546,-0.31604,0.2456,0.0015633
3.071,17.371,-8.8894,-10.547,-0.31893,0.24896,0.0015552
3.1735,17.458,-8.9394,-10.547,-0.32169,0.2519,0.0015484
3.2727,17.544,-8.9872,-10.548,-0.32433,0.25442,0.0015431
3.3682,17.629,-9.0325,-10.549,-0.32682,0.25652,0.0015397
3.4597,17.713,-9.075,-10.551,-0.32916,0.25819,0.0015385
3.5468,17.794,-9.1146,-10.553,-0.33134,0.25943,0.0015398
3.6291,17.873,-9.1508,-10.555,-0.33336,0.26023,0.0015437
3.7063,17.95,-9.1836,-10.557,-0.3352,0.26059,0.0015504
3.778,18.023,-9.2126,-10.56,-0.33685,0.26051,0.0015601
3.844,18.093,-9.2378,-10.563,-0.33831,0.25999,0.0015729
3.9041,18.159,-9.2587,-10.566,-0.33957,0.25901,0.0015888
3.9579,18.222,-9.2754,-10.57,-0.3406,0.25758,0.001608
4.0054,18.281,-9.2876,-10.573,-0.3414,0.2557,0.0016303
4.0462,18.336,-9.2952,-10.577,-0.34196,0.25336,0.0016558
4.0804,18.388,-9.298,-10.58,-0.34226,0.25055,0.0016843
4.1077,18.436,-9.2959,-10.584,-0.34229,0.24728,0.0017159
4.1282,18.481,-9.2889,-10.587,-0.34204,0.24354,0.0017503
4.1418,18.523,-9.2769,-10.59,-0.34148,0.23933,0.0017875
4.1485,18.562,-9.2597,-10.593,-0.34061,0.23465,0.001827
4.1484,18.599,-9.2373,-10.594,-0.3394,0.2295,0.0018688
4.1416,18.634,-9.2097,-10.595,-0.33784,0.22388,0.0019124
4.1282,18.668,-9.1768,-10.596,-0.33592,0.21779,0.0019576
4.1085,18.701,-9.1386,-10.595,-0.33361,0.21124,0.0020039
4.0826,18.734,-9.0952,-10.593,-0.33091,0.20423,0.0020508
4.0508,18.767,-9.0464,-10.589,-0.3278,0.19678,0.0020978
4.0133,18.801,-8.9923,-10.584,-0.32426,0.18888,0.0021445
3.9706,18.838,-8.9329,-10.577,-0.32028,0.18055,0.00219
3.9228,18.876,-8.8682,-10.568,-0.31586,0.17181,0.0022338
3.8705,18.918,-8.7982,-10.558,-0.31099,0.16267,0.0022752
3.8139,18.964,-8.7229,-10.545,-0.30566,0.15315,0.0023133
3.7534,19.014,-8.6424,-10.53,-0.29987,0.14327,0.0023473
3.6893,19.07,-8.5565,-10.513,-0.29363,0.13306,0.0023765
3.622,19.13,-8.4653,-10.493,-0.28694,0.12254,0.0024
3.5517,19.197,-8.3687,-10.471,-0.27981,0.11175,0.0024168
3.4787,19.27,-8.2667,-10.447,-0.27227,0.10072,0.0024262
3.403,19.35,-8.1592,-10.42,-0.26433,0.089487,0.0024273
3.3248,19.435,-8.0461,-10.391,-0.25603,0.078099,0.0024192
3.2441,19.527,-7.9273,-10.361,-0.24741,0.066597,0.0024013
3.1608,19.625,-7.8027,-10.328,-0.23849,0.05503,0.0023729
3.0746,19.728,-7.6722,-10.294,-0.22934,0.043449,0.0023334
2.9853,19.836,-7.5355,-10.259,-0.22,0.03191,0.0022823
2.8926,19.947,-7.3925,-10.223,-0.21053,0.020471,0.0022193
2.7959,20.061,-7.243,-10.187,-0.20099,0.0091909,0.0021441
2.6948,20.178,-7.087,-10.151,-0.19145,-0.001867,0.0020568
2.5886,20.294,-6.9243,-10.116,-0.18197,-0.012638,0.0019574
2.4769,20.41,-6.7548,-10.082,-0.17262,-0.023058,0.0018462
2.359,20.525,-6.5784,-10.05,-0.16346,-0.03306,0.0017236
2.2343,20.637,-6.3954,-10.021,-0.15455,-0.042578,0.0015901
2.1025,20.745,-6.2056,-9.9946,-0.14595,-0.051547,0.0014466
1.9631,20.848,-6.0093,-9.972,-0.13769,-0.059904,0.0012938
1.8157,20.947,-5.8069,-9.9538,-0.12984,-0.067586,0.0011327
1.6603,21.039,-5.5986,-9.9404,-0.1224,-0.074537,0.00096439
1.4967,21.125,-5.3849,-9.9323,-0.11542,-0.080701,0.00079003
1.3252,21.206,-5.1664,-9.9299,-0.10888,-0.08603,0.00061086
1.146,21.28,-4.9437,-9.9336,-0.10281,-0.09048,0.00042816
0.95956,21.349,-4.7176,-9.9436,-0.09718,-0.094014,0.00024325
0.76641,21.413,-4.4889,-9.9601,-0.091977,-0.096601,5.7461e-05
0.5673,21.473,-4.2583,-9.9832,-0.087172,-0.098217,-0.00012788
0.36304,21.529,-4.0269,-10.013,-0.082729,-0.098846,-0.00031146
0.15456,21.583,-3.7953,-10.049,-0.078609,-0.098481,-0.000492
-0.057174,21.635,-3.5647,-10.092,-0.074765,-0.097121,-0.00066831
-0.27111,21.687,-3.3358,-10.141,-0.071151,-0.094775,-0.00083923
-0.48621,21.739,-3.1095,-10.195,-0.06772,-0.091456,-0.0010037
-0.70142,21.793,-2.8866,-10.255,-0.064425,-0.08719,-0.0011608
-0.91572,21.849,-2.6679,-10.321,-0.061223,-0.082005,-0.0013097
-1.1281,21.909,-2.4539,-10.391,-0.058073,-0.075939,-0.0014496
-1.3377,21.972,-2.2453,-10.465,-0.054942,-0.069036,-0.0015801
-1.5436,22.041,-2.0425,-10.543,-0.0518,-0.061343,-0.0017005
-1.7451,22.114,-1.846,-10.624,-0.048624,-0.052915,-0.0018107
-1.9415,22.192,-1.6561,-10.708,-0.045396,-0.043811,-0.0019104
-2.1322,22.275,-1.473,-10.794,-0.042104,-0.03409,-0.0019996
-2.3168,22.364,-1.2967,-10.882,-0.038744,-0.023819,-0.0020784
-2.4948,22.458,-1.1275,-10.972,-0.035313,-0.013063,-0.0021469
-2.666,22.558,-0.96526,-11.062,-0.031817,-0.0018914,-0.0022054
-2.8302,22.662,-0.80992,-11.152,-0.028262,0.0096271,-0.0022543
-2.9871,22.771,-0.66139,-11.243,-0.02466,0.021423,-0.002294
-3.1368,22.883,-0.51949,-11.333,-0.021023,0.033427,-0.002325
-3.2791,22.999,-0.38404,-11.422,-0.017367,0.045572,-0.0023479
-3.4143,23.119,-0.25484,-11.51,-0.013709,0.05779,-0.0023632
-3.5422,23.24,-0.13165,-11.596,-0.010065,0.070016,-0.0023715
-3.6631,23.364,-0.014241,-11.68,-0.006453,0.082186,-0.0023735
-3.7771,23.49,0.097622,-11.762,-0.00289,0.094241,-0.0023697
-3.8842,23.616,0.20417,-11.842,0.00060731,0.10612,-0.0023608
-3.9848,23.743,0.30561,-11.919,0.0040229,0.11777,-0.0023474
-4.0789,23.87,0.40217,-11.992,0.0073416,0.12914,-0.00233
-4.1668,23.997,0.49402,-12.063,0.010549,0.14018,-0.0023092
-4.2485,24.123,0.58134,-12.129,0.013633,0.15084,-0.0022856
-4.3243,24.247,0.66428,-12.193,0.01658,0.16108,-0.0022597
-4.3943,24.371,0.74296,-12.252,0.01938,0.17086,-0.0022319
-4.4587,24.493,0.81751,-12.307,0.022022,0.18015,-0.0022027
-4.5175,24.613,0.88801,-12.358,0.024498,0.1889,-0.0021725
-4.5708,24.731,0.95452,-12.404,0.0268,0.1971,-0.0021417
-4.6188,24.846,1.0171,-12.446,0.028919,0.20471,-0.0021107
-4.6616,24.96,1.0758,-12.484,0.030849,0.21171,-0.0020797
-4.6991,25.07,1.1306,-12.517,0.032584,0.21808,-0.0020491
-4.7314,25.179,1.1815,-12.545,0.034119,0.22381,-0.0020191
-4.7585,25.284,1.2285,-12.568,0.035449,0.22887,-0.0019899
-4.7806,25.387,1.2716,-12.587,0.036568,0.23326,-0.0019618
-4.7974,25.488,1.3108,-12.601,0.037475,0.23697,-0.0019348
-4.8092,25.585,1.346,-12.61,0.038164,0.23999,-0.0019092
-4.8157,25.68,1.3771,-12.613,0.038632,0.24231,-0.001885
-4.817,25.773,1.404,-12.612,0.038877,0.24394,-0.0018623
-4.8131,25.862,1.4269,-12.606,0.038897,0.24487,-0.0018412
-4.8038,25.949,1.4454,-12.595,0.038688,0.24512,-0.0018215
-4.7892,26.033,1.4597,-12.579,0.038251,0.24468,-0.0018034
-4.7692,26.114,1.4696,-12.558,0.037583,0.24356,-0.0017868
-4.7437,26.193,1.475,-12.533,0.036684,0.24178,-0.0017716
-4.7128,26.268,1.4759,-12.502,0.035553,0.23935,-0.0017577
-4.6763,26.341,1.4721,-12.466,0.034192,0.23628,-0.001745
-4.6341,26.411,1.4637,-12.426,0.0326,0.23259,-0.0017334
-4.5864,26.477,1.4505,-12.38,0.03078,0.2283,-0.0017227
-4.5329,26.541,1.4325,-12.33,0.028735,0.22343,-0.0017126
-4.4738,26.602,1.4096,-12.276,0.026466,0.218,-0.001703
-4.4089,26.659,1.3817,-12.216,0.023978,0.21204,-0.0016937
-4.3382,26.713,1.3488,-12.153,0.021277,0.20558,-0.0016843
-4.2619,26.764,1.3108,-12.084,0.018366,0.19865,-0.0016747
-4.1797,26.811,1.2678,-12.012,0.015254,0.19128,-0.0016645
-4.0918,26.855,1.2195,-11.935,0.011947,0.1835,-0.0016535
-3.9982,26.896,1.1661,-11.854,0.0084536,0.17534,-0.0016414
-3.8989,26.933,1.1074,-11.77,0.0047841,0.16685,-0.0016277
-3.794,26.966,1.0434,-11.681,0.00094837,0.15806,-0.0016123
-3.6834,26.996,0.97426,-11.59,-0.0030421,0.14901,-0.0015948
-3.5673,27.023,0.89981,-11.495,-0.0071749,0.13973,-0.0015749
-3.4458,27.046,0.82011,-11.397,-0.011437,0.13028,-0.0015521
-3.3189,27.065,0.7352,-11.296,-0.015814,0.12068,-0.0015264
-3.1866,27.081,0.64509,-11.193,-0.020292,0.11099,-0.0014972
-3.0493,27.094,0.54986,-11.088,-0.024855,0.10124,-0.0014644
-2.9069,27.103,0.44956,-10.981,-0.029488,0.091475,-0.0014276
-2.7595,27.109,0.34428,-10.873,-0.034174,0.081739,-0.0013866
-2.6075,27.112,0.23413,-10.763,-0.038897,0.072072,-0.0013411
-2.4509,27.112,0.11923,-10.653,-0.04364,0.062514,-0.0012911
-2.2898,27.109,-0.00027359,-10.543,-0.048388,0.053105,-0.0012362
-2.1247,27.104,-0.12422,-10.432,-0.053124,0.043883,-0.0011764
-1.9555,27.095,-0.25241,-10.323,-0.057834,0.034886,-0.0011117
-1.7827,27.085,-0.38464,-10.214,-0.062502,0.026149,-0.0010418
-1.6064,27.072,-0.52068,-10.106,-0.067115,0.017705,-0.00096704
-1.427,27.057,-0.66026,-10,-0.071661,0.0095868,-0.0008873
-1.2448,27.04,-0.80311,-9.8967,-0.076128,0.0018225,-0.00080277
-1.06,27.021,-0.94891,-9.7955,-0.080507,-0.0055609,-0.00071365
-0.87304,27.001,-1.0974,-9.6972,-0.084788,-0.012539,-0.00062018
-0.68428,26.979,-1.2481,-9.6021,-0.088966,-0.019091,-0.00052269
-0.49409,26.957,-1.4007,-9.5106,-0.093034,-0.025199,-0.00042155
-0.30285,26.933,-1.5549,-9.4229,-0.09699,-0.030846,-0.00031718
-0.11097,26.908,-1.7102,-9.3393,-0.10083,-0.036022,-0.00021007
0.081141,26.882,-1.8663,-9.26,-0.10456,-0.040717,-0.00010074
0.27306,26.856,-2.0226,-9.1852,-0.10817,-0.044926,1.0236e-05
0.46438,26.83,-2.1789,-9.1152,-0.11167,-0.048646,0.00012227
0.65467,26.804,-2.3346,-9.05,-0.11505,-0.051879,0.00023474
0.84353,26.777,-2.4893,-8.9896,-0.11834,-0.054628,0.00034702
1.0305,26.751,-2.6426,-8.9342,-0.12151,-0.056901,0.00045846
1.2153,26.726,-2.7941,-8.8837,-0.12459,-0.058708,0.00056843
1.3974,26.701,-2.9433,-8.838,-0.12757,-0.060061,0.00067633
1.5766,26.678,-3.09,-8.7972,-0.13046,-0.060978,0.00078157
1.7524,26.655,-3.2336,-8.761,-0.13326,-0.061476,0.0008836
1.9245,26.634,-3.3739,-8.7293,-0.13598,-0.061574,0.0009819
2.0926,26.615,-3.5105,-8.702,-0.1386,-0.061297,0.001076
2.2565,26.598,-3.643,-8.6788,-0.14114,-0.060668,0.0011656
2.4159,26.582,-3.7712,-8.6595,-0.1436,-0.059713,0.0012502
2.5704,26.57,-3.8949,-8.6439,-0.14596,-0.058458,0.0013297
2.7201,26.559,-4.0136,-8.6316,-0.14824,-0.056931,0.0014038
2.8645,26.552,-4.1273,-8.6224,-0.15042,-0.055161,0.0014723
3.0036,26.547,-4.2357,-8.6161,-0.1525,-0.053176,0.0015352
3.1372,26.546,-4.3385,-8.6122,-0.15447,-0.051006,0.0015925
3.2652,26.548,-4.4358,-8.6106,-0.15633,-0.048678,0.0016442
3.3873,26.553,-4.5272,-8.6109,-0.15807,-0.046222,0.0016904
3.5037,26.562,-4.6126,-8.6129,-0.15968,-0.043663,0.0017312
3.614,26.575,-4.692,-8.6162,-0.16116,-0.041031,0.0017669
3.7183,26.591,-4.7652,-8.6206,-0.16249,-0.038349,0.0017975
3.8164,26.611,-4.8322,-8.6259,-0.16368,-0.035642,0.0018234
3.9083,26.635,-4.8928,-8.6318,-0.1647,-0.032934,0.0018449
3.994,26.663,-4.947,-8.6381,-0.16556,-0.030245,0.0018621
4.0734,26.695,-4.9948,-8.6445,-0.16626,-0.027597,0.0018755
4.1463,26.731,-5.0361,-8.6509,-0.16677,-0.025007,0.0018851
4.2129,26.77,-5.0708,-8.6571,-0.1671,-0.022492,0.0018914
4.273,26.814,-5.0989,-8.6629,-0.16725,-0.020067,0.0018946
4.3266,26.86,-5.1205,-8.6681,-0.16721,-0.017746,0.001895
4.3738,26.911,-5.1354,-8.6728,-0.16698,-0.015538,0.0018928
4.4144,26.965,-5.1437,-8.6766,-0.16656,-0.013454,0.0018881
4.4485,27.022,-5.1454,-8.6796,-0.16594,-0.011501,0.0018814
4.4761,27.082,-5.1405,-8.6817,-0.16513,-0.0096856,0.0018726
4.4972,27.145,-5.1289,-8.6827,-0.16413,-0.0080113,0.001862
4.5118,27.211,-5.1108,-8.6826,-0.16294,-0.0064806,0.0018497
4.52,27.279,-5.0862,-8.6815,-0.16157,-0.0050942,0.0018359
4.5217,27.35,-5.055,-8.6792,-0.16002,-0.0038511,0.0018205
4.5171,27.423,-5.0173,-8.6757,-0.15829,-0.0027489,0.0018037
4.5061,27.499,-4.9732,-8.6711,-0.15639,-0.0017835,0.0017855
4.489,27.576,-4.9228,-8.6653,-0.15432,-0.00094956,0.0017659
4.4656,27.655,-4.866,-8.6584,-0.1521,-0.00024016,0.001745
4.4362,27.736,-4.8029,-8.6504,-0.14972,0.00035279,0.0017227
4.4008,27.818,-4.7337,-8.6414,-0.1472,0.00083863,0.001699
4.3596,27.902,-4.6585,-8.6314,-0.14455,0.0012278,0.0016738
4.3126,27.986,-4.5772,-8.6204,-0.14178,0.001532,0.0016471
4.26,28.072,-4.49,-8.6086,-0.13889,0.0017635,0.0016188
4.202,28.159,-4.3971,-8.596,-0.13589,0.0019357,0.0015889
4.1386,28.246,-4.2985,-8.5828,-0.13279,0.0020628,0.0015573
4.0701,28.334,-4.1943,-8.569,-0.12961,0.0021596,0.001524
3.9966,28.422,-4.0847,-8.5547,-0.12636,0.0022415,0.0014887
3.9183,28.511,-3.9699,-8.5401,-0.12303,0.0023241,0.0014516
3.8353,28.6,-3.8499,-8.5253,-0.11965,0.0024238,0.0014124
3.7479,28.69,-3.725,-8.5104,-0.11622,0.0025569,0.0013713
3.6563,28.78,-3.5952,-8.4956,-0.11276,0.0027398,0.001328
3.5607,28.87,-3.4608,-8.4809,-0.10927,0.0029891,0.0012827
3.4612,28.96,-3.3219,-8.4666,-0.10576,0.0033211,0.0012352
3.3582,29.05,-3.1788,-8.4527,-0.10224,0.0037519,0.0011856
3.2518,29.14,-3.0316,-8.4395,-0.09872,0.0042973,0.0011339
3.1424,29.231,-2.8804,-8.4271,-0.095206,0.0049725,0.0010801
3.0301,29.321,-2.7256,-8.4155,-0.091706,0.0057922,0.0010243
2.9152,29.412,-2.5673,-8.4051,-0.088226,0.0067702,0.00096659
2.7979,29.502,-2.4057,-8.3958,-0.084772,0.0079198,0.000907
2.6786,29.593,-2.2411,-8.3878,-0.081348,0.009253,0.00084567
2.5576,29.684,-2.0737,-8.3813,-0.07796,0.010781,0.00078275
2.435,29.775,-1.9038,-8.3764,-0.074611,0.012514,0.00071838
2.3113,29.866,-1.7314,-8.3731,-0.071303,0.014461,0.00065274
2.1866,29.958,-1.557,-8.3716,-0.068038,0.016629,0.00058603
2.0613,30.049,-1.3808,-8.372,-0.064819,0.019024,0.00051845
1.9356,30.141,-1.2029,-8.3743,-0.061644,0.021652,0.00045022
1.8099,30.234,-1.0236,-8.3787,-0.058515,0.024516,0.00038159
1.6844,30.326,-0.84327,-8.3851,-0.055429,0.027618,0.00031279
1.5595,30.419,-0.66201,-8.3936,-0.052387,0.030959,0.00024409
1.4353,30.512,-0.48012,-8.4042,-0.049385,0.034537,0.00017573
1.3122,30.606,-0.29783,-8.417,-0.046422,0.038351,0.00010798
1.1904,30.7,-0.11537,-8.4319,-0.043494,0.042397,4.1104e-05
1.0703,30.794,0.067036,-8.4489,-0.040599,0.04667,-2.4642e-05
0.95191,30.889,0.24916,-8.468,-0.037732,0.051164,-8.9006e-05
0.8356,30.984,0.43078,-8.4892,-0.034892,0.05587,-0.00015174
0.72154,31.08,0.6117,-8.5124,-0.032074,0.060781,-0.00021263
0.60993,31.176,0.79172,-8.5374,-0.029276,0.065886,-0.00027143
0.50095,31.272,0.97065,-8.5644,-0.026492,0.071175,-0.00032795
0.39474,31.369,1.1483,-8.5931,-0.023722,0.076637,-0.00038201
0.29145,31.467,1.3245,-8.6234,-0.020961,0.082257,-0.00043343
0.1912,31.565,1.4991,-8.6553,-0.018207,0.088024,-0.00048207
0.094083,31.663,1.6719,-8.6887,-0.015458,0.093923,-0.0005278
0.00018217,31.761,1.8429,-8.7233,-0.012711,0.09994,-0.00057052
-0.090445,31.86,2.0118,-8.7592,-0.0099663,0.10606,-0.00061015
-0.17776,31.96,2.1786,-8.7962,-0.0072216,0.11227,-0.00064663
-0.26173,32.06,2.3431,-8.834,-0.0044764,0.11855,-0.00067991
-0.34237,32.16,2.5052,-8.8727,-0.0017305,0.12489,-0.00071
-0.41968,32.26,2.6649,-8.9121,0.0010159,0.13128,-0.00073688
-0.49368,32.361,2.8221,-8.952,0.0037624,0.13769,-0.00076058
-0.56443,32.463,2.9767,-8.9924,0.006508,0.14412,-0.00078116
-0.63198,32.565,3.1286,-9.033,0.0092514,0.15055,-0.00079866
-0.69638,32.667,3.2777,-9.0738,0.011991,0.15696,-0.00081317
-0.75772,32.769,3.4241,-9.1147,0.014725,0.16334,-0.00082478
-0.81608,32.872,3.5677,-9.1555,0.017451,0.16968,-0.00083358
-0.87155,32.976,3.7083,-9.1961,0.020167,0.17597,-0.00083971
-0.92422,33.08,3.8461,-9.2364,0.02287,0.18219,-0.00084328
-0.97419,33.184,3.981,-9.2763,0.025557,0.18834,-0.00084442
-1.0216,33.289,4.1128,-9.3158,0.028226,0.19439,-0.00084327
-1.0664,33.395,4.2417,-9.3548,0.030874,0.20035,-0.00083998
-1.1089,33.5,4.3676,-9.3931,0.033498,0.2062,-0.00083469
-1.1491,33.607,4.4905,-9.4307,0.036094,0.21194,-0.00082756
-1.1871,33.713,4.6104,-9.4675,0.03866,0.21755,-0.00081872
-1.2229,33.821,4.7272,-9.5036,0.041192,0.22304,-0.00080833
-1.2568,33.928,4.8409,-9.5387,0.043689,0.22838,-0.00079654
-1.2887,34.037,4.9516,-9.573,0.046147,0.23358,-0.00078349
-1.3187,34.145,5.0593,-9.6063,0.048563,0.23864,-0.00076931
-1.347,34.254,5.1639,-9.6386,0.050935,0.24354,-0.00075415
-1.3735,34.364,5.2655,-9.67,0.053261,0.24828,-0.00073813
-1.3984,34.473,5.364,-9.7003,0.055537,0.25286,-0.00072139
-1.4217,34.584,5.4595,-9.7296,0.057763,0.25729,-0.00070403
-1.4434,34.694,5.5519,-9.7579,0.059936,0.26154,-0.00068617
-1.4636,34.805,5.6414,-9.7851,0.062054,0.26563,-0.00066792
-1.4823,34.916,5.7278,-9.8113,0.064116,0.26955,-0.00064937
-1.4995,35.027,5.8113,-9.8365,0.06612,0.27331,-0.00063062
-1.5153,35.138,5.8918,-9.8606,0.068065,0.27689,-0.00061176
-1.5297,35.249,5.9694,-9.8837,0.06995,0.28031,-0.00059285
-1.5427,35.36,6.0441,-9.9059,0.071774,0.28356,-0.00057397
-1.5544,35.472,6.1159,-9.9271,0.073536,0.28664,-0.00055519
-1.5647,35.583,6.1848,-9.9473,0.075236,0.28955,-0.00053657
-1.5736,35.693,6.251,-9.9666,0.076873,0.29231,-0.00051815
-1.5811,35.804,6.3143,-9.9849,0.078446,0.29489,-0.00049998
-1.5873,35.914,6.3749,-10.002,0.079957,0.29732,-0.00048211
-1.5922,36.024,6.4329,-10.019,0.081404,0.29959,-0.00046456
-1.5957,36.133,6.4882,-10.035,0.082788,0.3017,-0.00044737
-1.5979,36.242,6.5409,-10.05,0.08411,0.30366,-0.00043056
-1.5988,36.35,6.591,-10.064,0.085368,0.30547,-0.00041415
-1.5983,36.458,6.6387,-10.078,0.086565,0.30714,-0.00039816
-1.5964,36.564,6.6839,-10.09,0.0877,0.30866,-0.0003826
-1.5933,36.67,6.7267,-10.103,0.088774,0.31003,-0.00036749
-1.5888,36.775,6.7672,-10.114,0.089788,0.31127,-0.00035282
-1.583,36.879,6.8055,-10.125,0.090742,0.31238,-0.0003386
-1.5759,36.981,6.8415,-10.135,0.091638,0.31336,-0.00032483
-1.5675,37.083,6.8754,-10.144,0.092477,0.3142,-0.00031151
-1.5579,37.184,6.9073,-10.154,0.093258,0.31493,-0.00029864
-1.547,37.283,6.9371,-10.162,0.093985,0.31554,-0.00028621
-1.5348,37.381,6.965,-10.17,0.094657,0.31603,-0.00027421
-1.5215,37.477,6.9911,-10.177,0.095276,0.3164,-0.00026263
-1.5069,37.572,7.0153,-10.184,0.095842,0.31668,-0.00025147
-1.4912,37.666,7.0378,-10.191,0.096358,0.31684,-0.00024072
-1.4744,37.758,7.0587,-10.197,0.096824,0.31691,-0.00023036
-1.4564,37.849,7.0779,-10.203,0.097242,0.31688,-0.00022038
-1.4374,37.938,7.0956,-10.208,0.097613,0.31676,-0.00021077
-1.4174,38.026,7.1119,-10.213,0.097938,0.31654,-0.00020152
-1.3964,38.112,7.1268,-10.218,0.098218,0.31625,-0.00019262
-1.3745,38.196,7.1404,-10.222,0.098455,0.31587,-0.00018404
-1.3516,38.278,7.1527,-10.226,0.098651,0.31542,-0.00017579
-1.3279,38.359,7.1638,-10.23,0.098806,0.31489,-0.00016784
-1.3034,38.438,7.1738,-10.233,0.098922,0.3143,-0.00016019
-1.2781,38.515,7.1827,-10.236,0.098999,0.31363,-0.00015281
-1.2521,38.591,7.1907,-10.239,0.099041,0.31291,-0.00014571
-1.2255,38.665,7.1977,-10.241,0.099047,0.31213,-0.00013887
-1.1982,38.737,7.2038,-10.243,0.099019,0.31129,-0.00013227
-1.1704,38.807,7.2091,-10.245,0.098959,0.31041,-0.0001259
-1.1421,38.875,7.2136,-10.247,0.098868,0.30947,-0.00011976
-1.1134,38.942,7.2175,-10.248,0.098746,0.30849,-0.00011384
-1.0842,39.006,7.2206,-10.25,0.098596,0.30748,-0.00010812
-1.0547,39.069,7.2232,-10.251,0.098419,0.30642,-0.0001026
-1.0249,39.131,7.2253,-10.251,0.098215,0.30533,-9.7259e-05
-0.99488,39.19,7.2268,-10.252,0.097987,0.30421,-9.2101e-05
-0.96467,39.248,7.2279,-10.252,0.097735,0.30306,-8.7114e-05
-0.93433,39.303,7.2285,-10.252,0.09746,0.30189,-8.2291e-05
-0.90392,39.358,7.2288,-10.252,0.097165,0.3007,-7.7625e-05
-0.87347,39.41,7.2288,-10.252,0.096849,0.29949,-7.311e-05
-0.84306,39.461,7.2285,-10.252,0.096514,0.29827,-6.874e-05
-0.81271,39.51,7.228,-10.251,0.096162,0.29703,-6.4509e-05
-0.7825,39.557,7.2272,-10.251,0.095793,0.29579,-6.0413e-05
-0.75246,39.602,7.2263,-10.25,0.095409,0.29453,-5.6446e-05
-0.72264,39.646,7.2253,-10.249,0.09501,0.29328,-5.2605e-05
-0.6931,39.689,7.2241,-10.247,0.094598,0.29202,-4.8887e-05
-0.66387,39.729,7.2229,-10.246,0.094173,0.29076,-4.5287e-05
-0.635,39.769,7.2216,-10.245,0.093738,0.28951,-4.1803e-05
-0.60653,39.806,7.2204,-10.243,0.093292,0.28826,-3.8431e-05
-0.57852,39.842,7.2191,-10.241,0.092837,0.28702,-3.517e-05
-0.55099,39.877,7.218,-10.239,0.092374,0.2858,-3.2018e-05
-0.524,39.91,7.2168,-10.238,0.091904,0.28458,-2.8972e-05
-0.49757,39.942,7.2158,-10.235,0.091427,0.28338,-2.6032e-05
-0.47175,39.972,7.2149,-10.233,0.090944,0.28219,-2.3195e-05
-0.44658,40.001,7.2142,-10.231,0.090458,0.28102,-2.0462e-05
-0.4221,40.028,7.2136,-10.229,0.089967,0.27987,-1.783e-05
-0.39833,40.054,7.2132,-10.226,0.089474,0.27875,-1.53e-05
-0.37531,40.079,7.2129,-10.224,0.088978,0.27764,-1.2871e-05
-0.35308,40.103,7.213,-10.221,0.088482,0.27656,-1.0543e-05
-0.33167,40.125,7.2132,-10.218,0.087985,0.27551,-8.3151e-06
-0.3111,40.146,7.2137,-10.215,0.087488,0.27448,-6.1884e-06
-0.29142,40.165,7.2145,-10.213,0.086993,0.27348,-4.1627e-06
-0.27266,40.184,7.2156,-10.21,0.086499,0.27251,-2.2383e-06
-0.25483,40.201,7.217,-10.207,0.086008,0.27157,-4.1573e-07
-0.23797,40.217,7.2187,-10.204,0.085519,0.27066,1.3045e-06
-0.22211,40.232,7.2207,-10.201,0.085035,0.26978,2.9219e-06
-0.20728,40.246,7.223,-10.197,0.084555,0.26894,4.4356e-06
-0.1935,40.259,7.2257,-10.194,0.084081,0.26813,5.8449e-06
-0.1808,40.271,7.2288,-10.191,0.083612,0.26735,7.1489e-06
-0.1692,40.281,7.2323,-10.188,0.083149,0.26661,8.3468e-06
-0.15873,40.291,7.2361,-10.185,0.082693,0.26591,9.4375e-06
-0.14942,40.299,7.2404,-10.181,0.082244,0.26524,1.042e-05
-0.14129,40.306,7.245,-10.178,0.081804,0.26461,1.1293e-05
-0.13436,40.313,7.2501,-10.175,0.081372,0.26401,1.2056e-05
-0.12866,40.318,7.2555,-10.171,0.080948,0.26345,1.2708e-05
-0.12421,40.322,7.2614,-10.168,0.080534,0.26293,1.3247e-05
-0.12103,40.325,7.2678,-10.165,0.08013,0.26244,1.3672e-05
-0.11916,40.328,7.2746,-10.161,0.079736,0.26199,1.3982e-05
-0.1186,40.329,7.2818,-10.158,0.079353,0.26158,1.4176e-05
