0,0,0,0,-0,0,0
0,0,0,0,-0,0,0
0,0,0,0,0,0,0
0,0,0,0,0,0,0
0,0,0,0,0,0,0
0.13806,2.2547,0.63195,0.11177,0.005748,-0.065589,0.00014369
0.13651,2.2597,0.63248,0.11074,0.0036846,-0.065066,0.0001085
0.13164,2.2705,0.6305,0.108,0.0022585,-0.064531,8.7509e-05
0.12509,2.2845,0.62722,0.10437,0.0012469,-0.064021,7.4917e-05
-0.11952,2.3295,0.56536,0.2112,-0.008322,-0.075212,-0.00013144
0.018404,2.4402,0.6995,0.17267,-0.0039648,-0.072559,-0.00013188
0.074679,2.5564,0.77131,0.13371,-0.0012189,-0.069999,-0.0001312
0.082011,2.6726,0.80489,0.095719,0.00053934,-0.06758,-0.0001306
0.060661,2.7853,0.81524,0.059557,0.0016892,-0.06534,-0.00013078
-0.42698,2.5572,0.42373,0.13713,-0.011831,-0.072182,-0.0001338
-0.42247,2.5661,0.45737,0.13616,-0.010706,-0.072597,-0.00015298
-0.42824,2.5801,0.4751,0.1334,-0.0099655,-0.072921,-0.00016929
-0.43973,2.5974,0.483,0.12939,-0.0094644,-0.073178,-0.00018402
-0.45412,2.6166,0.48494,0.12453,-0.0091101,-0.073387,-0.00019795
-0.4691,2.5787,0.45598,0.066704,-0.0064651,-0.064413,-7.9187e-05
-0.56123,2.6037,0.41397,0.060727,-0.0078394,-0.06498,-9.8531e-05
-0.62908,2.6291,0.38391,0.054026,-0.0086367,-0.065479,-0.00011091
-0.6802,2.6547,0.36206,0.046708,-0.0090614,-0.065914,-0.00011931
-0.71957,2.6806,0.34598,0.038785,-0.0092448,-0.066283,-0.00012562
-0.54592,2.6298,0.42465,0.02212,-0.0059991,-0.058117,-6.8303e-05
-0.55012,2.6528,0.42949,0.012056,-0.0059563,-0.057597,-8.9658e-05
-0.55167,2.677,0.4339,0.0013704,-0.0058484,-0.057014,-0.00010744
-0.55146,2.7021,0.43816,-0.0098441,-0.0057002,-0.056371,-0.00012281
-0.55003,2.7279,0.44243,-0.021539,-0.0055273,-0.055665,-0.0001365
-0.035758,2.9295,0.69749,-0.078548,-0.0023498,-0.043893,-1.9785e-05
-0.041884,2.9849,0.70538,-0.095775,-0.001532,-0.043888,-4.4384e-05
-0.044547,3.0348,0.71432,-0.11089,-0.00082061,-0.044089,-6.7024e-05
-0.044828,3.0839,0.72446,-0.12573,-0.00014642,-0.044328,-8.8672e-05
-0.043254,3.134,0.73581,-0.14096,0.0005176,-0.044548,-0.00010982
-0.085263,3.0465,0.70014,-0.10504,-0.0039035,-0.038367,-8.671e-06
-0.085502,3.0955,0.71376,-0.1184,-0.0030806,-0.038432,-3.0095e-05
-0.08195,3.1441,0.72874,-0.13122,-0.0023732,-0.038562,-4.965e-05
-0.075626,3.1935,0.7452,-0.14414,-0.0017183,-0.038679,-6.8207e-05
-0.067042,3.2443,0.76312,-0.15737,-0.0010907,-0.038762,-8.6219e-05
-0.12105,3.1085,0.70417,-0.12666,-0.0051487,-0.030539,-2.2948e-05
-0.10551,3.158,0.72793,-0.13883,-0.0043007,-0.030113,-4.2829e-05
-0.086746,3.2073,0.75296,-0.15053,-0.0035459,-0.029672,-6.0214e-05
-0.065389,3.2574,0.77946,-0.1622,-0.0028379,-0.029178,-7.6274e-05
-0.041792,3.3087,0.80749,-0.17396,-0.0021585,-0.02862,-9.1555e-05
-0.17324,3.1286,0.68158,-0.14606,-0.0074621,-0.024268,-3.3157e-05
-0.14758,3.1778,0.71166,-0.15778,-0.0066566,-0.023101,-5.0577e-05
-0.11943,3.2253,0.74259,-0.16846,-0.0059766,-0.021929,-6.6322e-05
-0.089294,3.2728,0.7746,-0.17872,-0.0053718,-0.020716,-8.1223e-05
-0.057441,3.3208,0.80779,-0.18875,-0.0048221,-0.019448,-9.5659e-05
-0.14382,3.0351,0.69268,-0.086335,-0.0058953,-0.027692,-1.1982e-05
-0.10934,3.0792,0.72704,-0.095869,-0.0051901,-0.025887,-2.6406e-05
-0.073339,3.1214,0.76139,-0.104,-0.0047045,-0.024165,-4.1035e-05
-0.036363,3.1631,0.79607,-0.11138,-0.0043529,-0.022476,-5.5925e-05
0.0013811,3.2049,0.83124,-0.11826,-0.004101,-0.020796,-7.1118e-05
-0.0041384,2.9851,0.75789,-0.046246,-0.0034429,-0.031561,-2.3864e-05
0.028542,3.0216,0.78989,-0.052837,-0.0031103,-0.029559,-3.7138e-05
0.061548,3.0559,0.82094,-0.057782,-0.0030287,-0.027754,-5.1774e-05
0.094519,3.0894,0.85161,-0.061738,-0.0030913,-0.026074,-6.7533e-05
0.12737,3.1225,0.88214,-0.064981,-0.0032559,-0.024478,-8.4304e-05
-0.082403,2.9136,0.68146,-0.058954,-0.0086862,-0.02577,-6.9566e-05
-0.051086,2.9344,0.70874,-0.057895,-0.0087832,-0.024738,-8.6714e-05
-0.020098,2.9544,0.73614,-0.055243,-0.0086147,-0.02395,-9.9201e-05
0.010609,2.9736,0.76367,-0.051122,-0.0082068,-0.023375,-0.00010752
0.041081,2.9921,0.79138,-0.045635,-0.0075826,-0.022985,-0.00011214
-0.12362,2.8902,0.64677,-0.071376,-0.011012,-0.02696,-9.6701e-05
-0.10163,2.9057,0.6697,-0.066964,-0.0099703,-0.026814,-9.2815e-05
-0.080013,2.9218,0.69239,-0.06257,-0.0092358,-0.026634,-9.4698e-05
-0.058718,2.9387,0.71494,-0.058132,-0.0087736,-0.026429,-0.00010185
-0.037687,2.9562,0.7374,-0.053593,-0.0085532,-0.026202,-0.00011381
-0.19021,2.8877,0.60465,-0.09446,-0.01773,-0.025616,-0.0002129
-0.17415,2.9024,0.62475,-0.090731,-0.016988,-0.025549,-0.00021442
-0.1583,2.9168,0.64488,-0.085629,-0.016027,-0.025742,-0.00021354
-0.14269,2.9307,0.66508,-0.079227,-0.01486,-0.026175,-0.00021053
-0.1273,2.9443,0.68535,-0.071587,-0.013502,-0.026828,-0.00020563
-0.25797,2.8739,0.56471,-0.10949,-0.025259,-0.025283,-0.00037044
-0.24433,2.8861,0.58456,-0.10208,-0.023312,-0.026201,-0.00035719
-0.23099,2.8993,0.60429,-0.09487,-0.021641,-0.027054,-0.00034871
-0.2179,2.9133,0.62396,-0.087767,-0.020211,-0.02786,-0.00034454
-0.20506,2.9281,0.64361,-0.080691,-0.01899,-0.028634,-0.00034429
-0.27638,2.9013,0.56093,-0.13897,-0.030316,-0.019831,-0.00044809
-0.26368,2.9157,0.57796,-0.13398,-0.032491,-0.020483,-0.00051627
-0.25076,2.9298,0.59581,-0.12775,-0.033902,-0.021304,-0.00056963
-0.23767,2.9435,0.61441,-0.12035,-0.034631,-0.022283,-0.00061001
-0.22443,2.9569,0.63371,-0.11184,-0.034752,-0.023411,-0.00063906
-0.27729,2.8193,0.55863,-0.097767,-0.022475,-0.022045,-0.00030036
-0.26097,2.8251,0.57921,-0.083902,-0.020943,-0.023864,-0.00030041
-0.24514,2.8319,0.59911,-0.070425,-0.020361,-0.025573,-0.00031792
-0.22973,2.8395,0.61844,-0.057247,-0.020637,-0.027195,-0.00035125
-0.21471,2.8478,0.63726,-0.044287,-0.021687,-0.028748,-0.0003989
-0.058683,2.7366,0.69339,-0.047507,-0.0070559,-0.017038,-5.525e-05
-0.043956,2.7281,0.70764,-0.029713,-0.0070012,-0.019556,-7.2615e-05
-0.030459,2.7191,0.72165,-0.010359,-0.0069859,-0.022049,-9.0524e-05
-0.018079,2.7094,0.73545,0.010606,-0.0070141,-0.024522,-0.00010903
-0.006715,2.6991,0.74902,0.033213,-0.0070892,-0.02698,-0.00012816
-0.091726,2.6175,0.65669,0.030456,-0.0078937,-0.016849,-6.786e-05
-0.082587,2.6005,0.66658,0.058985,-0.0080394,-0.019494,-8.6275e-05
-0.075109,2.5824,0.67585,0.089712,-0.0082611,-0.022141,-0.00010515
-0.069043,2.5632,0.68458,0.1225,-0.0085563,-0.024791,-0.00012449
-0.064164,2.5431,0.69283,0.15718,-0.0089219,-0.027444,-0.00014427
-0.10534,2.6312,0.65226,0.0081308,-0.008299,-0.0025497,-5.2518e-05
-0.10014,2.6105,0.65922,0.040502,-0.0088092,-0.0044423,-7.1635e-05
-0.096049,2.5897,0.66587,0.073883,-0.009373,-0.0062302,-9.08e-05
-0.092864,2.5686,0.67223,0.10817,-0.0099853,-0.0079362,-0.00011001
-0.09042,2.5474,0.67833,0.14325,-0.010641,-0.009581,-0.00012924
-0.050238,2.5921,0.65997,-0.0073139,-0.007944,0.0020339,-3.7424e-05
-0.041826,2.5654,0.66567,0.026136,-0.0085212,0.00036062,-5.2678e-05
-0.033902,2.539,0.67117,0.059384,-0.009098,-0.001286,-6.7486e-05
-0.02646,2.513,0.67641,0.092399,-0.0096725,-0.002921,-8.19e-05
-0.019504,2.4873,0.68135,0.12515,-0.010243,-0.0045561,-9.5959e-05
-0.07124,2.4633,0.6067,0.018855,-0.0075028,-0.0064481,-2.5019e-06
-0.0632,2.4374,0.60994,0.046111,-0.0080708,-0.0079394,-1.7438e-05
-0.055712,2.4124,0.61286,0.072338,-0.0086052,-0.0094559,-3.1503e-05
-0.048778,2.3882,0.61543,0.097626,-0.0091071,-0.010998,-4.4757e-05
-0.042397,2.3647,0.61762,0.12207,-0.0095779,-0.012566,-5.7246e-05
-0.063712,2.4144,0.59284,-0.00025539,-0.0086245,-0.0051829,-4.3764e-05
-0.055951,2.3886,0.59344,0.022045,-0.0089361,-0.0070354,-5.3914e-05
-0.048725,2.3636,0.59369,0.043632,-0.0092152,-0.008897,-6.3191e-05
-0.042031,2.339,0.59355,0.064641,-0.0094644,-0.010768,-7.1623e-05
-0.035864,2.3148,0.593,0.085206,-0.0096865,-0.012648,-7.9235e-05
-0.12851,2.3518,0.52574,-0.019526,-0.012376,8.0376e-05,-2.5728e-05
-0.12633,2.3217,0.52056,0.0074272,-0.012335,-0.0030085,-3.2684e-05
-0.12511,2.2916,0.51448,0.034807,-0.01227,-0.0061954,-3.8434e-05
-0.12838,2.2623,0.50673,0.060787,-0.011891,-0.0095744,-4.8784e-05
-0.14939,2.2362,0.49437,0.078738,-0.010119,-0.013483,-8.4983e-05
-0.028465,2.5161,0.61565,-0.01793,-0.011068,0.0044724,-7.8681e-05
-0.026694,2.4867,0.60873,0.0113,-0.011077,0.001282,-8.1175e-05
-0.024683,2.458,0.60214,0.040048,-0.011086,-0.0015656,-8.2894e-05
0.028651,2.4532,0.6257,0.079252,-0.012169,-0.0033439,-8.1154e-05
0.047384,2.4321,0.62895,0.11082,-0.012502,-0.0053692,-8.1076e-05
-0.082916,2.4487,0.57524,-0.0044498,-0.011751,0.0074295,-0.00012616
-0.082985,2.416,0.56553,0.025312,-0.011579,0.0049199,-0.00012758
-0.13672,2.3661,0.52456,0.039602,-0.010348,0.0018089,-0.00012509
-0.15861,2.3271,0.50134,0.064561,-0.0097568,-0.00084925,-0.00012217
-0.15872,2.2959,0.49044,0.096264,-0.0096233,-0.0030239,-0.00011882
0.013735,2.4617,0.61849,0.050023,-0.014634,0.0089189,-0.00010642
0.012199,2.4282,0.60634,0.077617,-0.014649,0.0072901,-0.00010583
-0.0025296,2.3891,0.58679,0.10115,-0.014269,0.005603,-0.00010556
-0.043202,2.3389,0.5528,0.11632,-0.013142,0.003794,-0.00010639
-0.055213,2.3028,0.53378,0.14185,-0.012813,0.0022473,-0.00010067
0.0021637,2.4221,0.60636,0.059104,-0.017288,0.012085,-0.00017291
0.0072151,2.3912,0.59531,0.088146,-0.017625,0.011001,-0.00016688
-0.0062872,2.3512,0.57416,0.10985,-0.017156,0.0098454,-0.00015895
-0.026867,2.3082,0.549,0.12866,-0.01633,0.008672,-0.00014922
-0.038159,2.2707,0.52874,0.15084,-0.015831,0.0076576,-0.00013821
-0.021136,2.3837,0.5894,0.038505,-0.018066,0.0095781,-0.00022977
-0.021825,2.3511,0.57419,0.061518,-0.018125,0.0088348,-0.00022153
-0.031556,2.3149,0.55369,0.080438,-0.017838,0.0081713,-0.00021113
-0.046258,2.2773,0.53008,0.097117,-0.017353,0.0075354,-0.00019874
-0.059412,2.2416,0.50682,0.11456,-0.016936,0.0068786,-0.00018477
-0.24197,2.2668,0.44905,0.028378,-0.0098242,0.015214,1.0375e-05
-0.23479,2.2351,0.43726,0.038523,-0.010212,0.014676,9.874e-06
-0.22825,2.2053,0.42551,0.047548,-0.010495,0.014056,9.7362e-06
-0.224,2.1764,0.41273,0.054962,-0.010656,0.013345,1.0028e-05
-0.22298,2.148,0.39836,0.060386,-0.010691,0.012548,1.0726e-05
-0.091887,2.1588,0.49602,-0.14152,-0.0095031,0.0092954,-1.8879e-05
-0.10148,2.1344,0.47774,-0.13221,-0.0093667,0.0084154,-1.0285e-05
-0.10986,2.1114,0.46053,-0.1238,-0.0092717,0.0077859,-2.6039e-06
-0.11695,2.0899,0.44444,-0.11633,-0.0092159,0.0073923,4.2258e-06
-0.12286,2.07,0.42941,-0.10989,-0.0091956,0.0072214,1.0264e-05
-0.30463,2.29,0.40899,0.058431,-0.010441,0.016627,6.8307e-05
-0.30414,2.2696,0.39673,0.058647,-0.010483,0.016493,7.4112e-05
-0.30092,2.2495,0.386,0.054216,-0.010435,0.01619,7.9137e-05
-0.26013,2.2141,0.39184,0.017616,-0.010246,0.014815,7.0622e-05
-0.23309,2.1857,0.3921,-0.011208,-0.010006,0.013729,6.6705e-05
-0.25547,2.2745,0.41215,-0.0077296,-0.011247,0.012716,5.2505e-05
-0.29557,2.2798,0.38606,0.023973,-0.010974,0.013428,7.5437e-05
-0.33935,2.29,0.35948,0.061065,-0.01077,0.014636,0.00010098
-0.34957,2.2882,0.34743,0.06551,-0.010656,0.015393,0.00011427
-0.34779,2.2824,0.3407,0.055381,-0.010503,0.015845,0.00012314
-0.17331,2.2673,0.41656,-0.12521,-0.012863,0.0076547,5.1863e-05
-0.17314,2.2678,0.41026,-0.14246,-0.012558,0.0077381,6.0386e-05
-0.18913,2.2802,0.39916,-0.14248,-0.012157,0.0085469,7.591e-05
-0.21236,2.2992,0.38633,-0.13459,-0.011734,0.0098404,9.4962e-05
-0.22903,2.3167,0.37659,-0.13372,-0.011355,0.011127,0.000112
-0.21298,2.3438,0.39709,-0.057523,-0.013249,0.0058761,6.3841e-05
-0.1941,2.3534,0.40305,-0.087507,-0.012931,0.0063706,7.0777e-05
-0.1697,2.3635,0.41219,-0.12141,-0.012585,0.0067395,7.6514e-05
-0.15669,2.3819,0.41735,-0.14871,-0.012177,0.0075117,8.6485e-05
-0.16197,2.411,0.41549,-0.16544,-0.011715,0.0089515,0.00010284
-0.044321,2.4262,0.52249,-0.020737,-0.010951,0.012697,1.391e-05
-0.040195,2.4587,0.52614,-0.037826,-0.010404,0.014082,2.8669e-05
-0.029853,2.4863,0.52975,-0.069843,-0.0099321,0.014759,4.3077e-05
-0.019007,2.5145,0.53277,-0.10774,-0.0094651,0.015196,5.7987e-05
-0.013457,2.5494,0.53524,-0.13993,-0.0089472,0.016051,7.4272e-05
-0.031399,2.4436,0.51043,-0.04341,-0.013187,0.0060886,3.1268e-05
-0.034626,2.4925,0.51492,-0.0539,-0.012568,0.0083464,4.9005e-05
-0.034328,2.5414,0.52089,-0.068278,-0.012007,0.010526,6.7179e-05
-0.027729,2.5849,0.5277,-0.096058,-0.011461,0.012144,8.4516e-05
-0.017909,2.6246,0.5341,-0.1364,-0.010879,0.01326,0.00010075
2.2363e-05,2.4642,0.52068,-0.11107,-0.013561,0.0023017,3.7261e-05
-0.014231,2.5193,0.52022,-0.12748,-0.012955,0.0050091,5.7287e-05
-0.033445,2.5815,0.52023,-0.13422,-0.012421,0.0085117,7.8297e-05
-0.04308,2.6386,0.52314,-0.15137,-0.011934,0.011384,9.8324e-05
-0.038343,2.6865,0.52873,-0.18966,-0.011451,0.012871,0.00011658
0.027503,2.4655,0.52963,-0.1558,-0.014694,-0.00051878,2.7428e-05
0.019598,2.5204,0.53348,-0.17985,-0.014013,0.0019242,4.5768e-05
-0.00043142,2.5848,0.53564,-0.18703,-0.013359,0.0052716,6.4458e-05
-0.015769,2.6462,0.53932,-0.20064,-0.012771,0.0084637,8.263e-05
-0.015721,2.6987,0.54615,-0.23734,-0.012239,0.010707,9.9849e-05
0.0493,2.515,0.55137,-0.15758,-0.01433,-0.0045374,2.5681e-05
0.048592,2.5691,0.55948,-0.19088,-0.013739,-0.0017678,4.4078e-05
0.039747,2.6316,0.56819,-0.20947,-0.013192,0.0022031,6.317e-05
0.030284,2.6935,0.57675,-0.2299,-0.012679,0.0061613,8.1858e-05
0.026441,2.7496,0.58439,-0.26642,-0.01217,0.0090408,9.9284e-05
0.051191,2.567,0.56441,-0.14501,-0.015163,-0.006524,-4.3623e-06
0.050387,2.6194,0.57372,-0.18229,-0.014554,-0.0036008,1.3948e-05
0.047762,2.6779,0.58531,-0.20975,-0.014002,0.00021037,3.216e-05
0.044238,2.7368,0.59679,-0.23796,-0.013483,0.0040341,5.0211e-05
0.040493,2.7924,0.60596,-0.27649,-0.012964,0.007076,6.7932e-05
0.017082,2.59,0.5666,-0.12308,-0.014627,-0.0030016,8.8711e-05
0.0089703,2.6415,0.57239,-0.16724,-0.014147,-0.00027759,0.0001041
1.7929e-06,2.6955,0.57836,-0.21189,-0.013705,0.0025179,0.00011992
-0.010725,2.7517,0.584,-0.25701,-0.013295,0.0053668,0.00013632
-0.024074,2.8094,0.58884,-0.30251,-0.012904,0.0082332,0.00015329
0.022849,2.6818,0.59351,-0.11966,-0.014984,-0.00179,7.5568e-05
0.018187,2.732,0.60238,-0.15943,-0.014648,0.0013961,8.8653e-05
0.010718,2.7835,0.61045,-0.19847,-0.014369,0.0047086,0.00010196
-0.0025525,2.8354,0.61608,-0.23757,-0.01412,0.008038,0.00011637
-0.020494,2.8874,0.6198,-0.27713,-0.013888,0.011345,0.00013151
0.042602,2.7445,0.62235,-0.10024,-0.014448,-0.0038225,9.0803e-05
0.039893,2.794,0.63314,-0.13855,-0.014355,4.1155e-05,0.00010034
0.03525,2.8444,0.64304,-0.17749,-0.014303,0.00381,0.00010989
0.021717,2.8943,0.64841,-0.21811,-0.014248,0.0072903,0.00012105
0.00030413,2.9436,0.64987,-0.26044,-0.014164,0.010448,0.00013375
0.060798,2.8241,0.64159,-0.12861,-0.014686,-0.0061335,5.723e-05
0.061513,2.8692,0.6531,-0.16611,-0.014558,-0.0029287,6.5559e-05
0.06435,2.9155,0.66565,-0.20328,-0.014461,0.00018971,7.3034e-05
0.056066,2.9606,0.67266,-0.24141,-0.014364,0.002992,8.3086e-05
0.035439,3.0038,0.67373,-0.28061,-0.014241,0.0054491,9.6153e-05
0.024725,2.8967,0.65337,-0.13795,-0.013784,-0.0063491,5.8675e-05
0.030625,2.934,0.66564,-0.16821,-0.013689,-0.0037434,6.3786e-05
0.043152,2.9718,0.68126,-0.19582,-0.013632,-0.0010366,6.6559e-05
0.042503,3.0087,0.69075,-0.22383,-0.013642,0.0014924,7.1721e-05
0.024337,3.0444,0.69225,-0.25327,-0.0137,0.0037589,8.0259e-05
-0.028273,2.9581,0.66018,-0.13334,-0.013426,-0.0041453,0.00013436
-0.0257,2.9885,0.67123,-0.15557,-0.013507,-0.0015002,0.00014035
-0.01259,3.0191,0.68751,-0.17486,-0.013582,0.001272,0.0001444
-0.011021,3.0489,0.69842,-0.19464,-0.013722,0.0037851,0.00014933
-0.027674,3.0771,0.70086,-0.21617,-0.013929,0.0058658,0.0001561
-0.090391,3.1061,0.66431,-0.14353,-0.016374,-0.0037674,3.2315e-05
-0.084765,3.1299,0.67593,-0.16336,-0.016403,-0.0020393,3.0859e-05
-0.079678,3.1545,0.68737,-0.18222,-0.016437,-0.000544,2.8924e-05
-0.066237,3.1763,0.70018,-0.2032,-0.016454,0.00015243,2.5163e-05
-0.0028599,3.1798,0.72161,-0.24037,-0.016338,-0.0025882,1.3659e-05
-0.034557,3.0634,0.70007,-0.10442,-0.014774,-0.0081687,2.2455e-05
-0.029581,3.0942,0.71471,-0.11433,-0.014828,-0.0066264,1.8995e-05
-0.089637,3.1122,0.7164,-0.068835,-0.014855,-0.0021956,2.1906e-05
-0.092152,3.131,0.72943,-0.064812,-0.01514,-0.00015264,1.6507e-05
-0.080558,3.1511,0.74493,-0.071837,-0.015496,0.0010055,8.4921e-06
0.010348,3.0924,0.74136,-0.099588,-0.014356,-0.0076665,-1.7217e-05
0.025568,3.1084,0.75769,-0.10562,-0.014542,-0.0072561,-2.6841e-05
0.058928,3.1323,0.77424,-0.1391,-0.01484,-0.0089957,-3.6642e-05
0.083588,3.1573,0.78978,-0.16457,-0.015142,-0.010411,-4.681e-05
0.086488,3.1775,0.80387,-0.16316,-0.015432,-0.010127,-5.7863e-05
-0.11932,3.0339,0.71941,0.0051709,-0.013326,-0.0049463,-2.563e-05
-0.12123,3.0378,0.73316,0.026104,-0.013643,-0.0043782,-3.9963e-05
-0.11156,3.048,0.74843,0.030599,-0.014022,-0.0048001,-5.3015e-05
-0.092318,3.0649,0.76489,0.019812,-0.014454,-0.0061522,-6.4734e-05
-0.077485,3.0817,0.78019,0.012348,-0.01493,-0.0076063,-7.7241e-05
-0.041825,3.0264,0.75035,-0.041363,-0.011719,-0.0082384,-1.0042e-05
-0.043525,3.0222,0.76762,-0.0011584,-0.011856,-0.008014,-2.7179e-05
-0.046954,3.0146,0.78513,0.04616,-0.012068,-0.007607,-4.6127e-05
-0.045733,3.0086,0.80018,0.078302,-0.012487,-0.0081558,-6.342e-05
-0.038711,3.0069,0.8117,0.087692,-0.013132,-0.010047,-7.763e-05
-0.042694,2.9701,0.72114,-0.097569,-0.013195,-0.012593,-1.9107e-05
-0.041043,2.9565,0.73413,-0.066102,-0.013405,-0.013963,-3.1935e-05
-0.049745,2.935,0.74736,-0.010744,-0.013554,-0.014345,-4.6772e-05
-0.058999,2.912,0.75961,0.045263,-0.013824,-0.014855,-6.269e-05
-0.060725,2.8932,0.76968,0.08118,-0.014357,-0.016488,-7.8455e-05
-0.066873,2.9313,0.72577,-0.094889,-0.010274,-0.010561,-2.5218e-05
-0.058956,2.9204,0.73642,-0.077263,-0.010706,-0.013295,-3.9499e-05
-0.056076,2.9014,0.74747,-0.043097,-0.01103,-0.015385,-5.4822e-05
-0.057229,2.876,0.75889,0.0050141,-0.011281,-0.016951,-7.1149e-05
-0.05916,2.8499,0.76993,0.054763,-0.011579,-0.018558,-8.7846e-05
-0.10876,2.8354,0.69735,-0.027095,-0.0098263,-0.0071291,-3.3691e-05
-0.10224,2.812,0.70195,-0.0056689,-0.010273,-0.01067,-4.5688e-05
-0.094775,2.7895,0.70549,0.012119,-0.010768,-0.014632,-5.7261e-05
-0.09187,2.7626,0.7092,0.041961,-0.011173,-0.018,-6.9453e-05
-0.095505,2.7303,0.7138,0.089898,-0.011448,-0.02036,-8.2874e-05
-0.10131,2.7436,0.68041,0.031046,-0.0095534,-0.0016225,-4.3332e-05
-0.10063,2.7086,0.67945,0.066503,-0.0098609,-0.0049723,-4.9732e-05
-0.093559,2.6789,0.67786,0.087884,-0.010228,-0.0095156,-5.5827e-05
-0.087595,2.6481,0.67548,0.11118,-0.01059,-0.01403,-6.1698e-05
-0.089399,2.6117,0.67235,0.15038,-0.010901,-0.017428,-6.7562e-05
-0.093669,2.6478,0.6426,0.061299,-0.0088975,-0.0042373,-4.3352e-05
-0.099203,2.605,0.63539,0.10663,-0.0091237,-0.0071831,-4.6929e-05
-0.10206,2.567,0.62685,0.13944,-0.00946,-0.010635,-4.8188e-05
-0.10401,2.5304,0.61715,0.16721,-0.0098325,-0.014347,-4.8153e-05
-0.10805,2.4915,0.60684,0.20124,-0.010144,-0.017886,-4.8554e-05
-0.15251,2.6133,0.57222,-0.0057318,-0.010876,-0.0034249,-6.2425e-06
-0.15816,2.5687,0.56051,0.036474,-0.010896,-0.0062503,-6.4736e-06
-0.1628,2.5251,0.54836,0.077389,-0.010937,-0.0091914,-5.9524e-06
-0.16552,2.4825,0.53585,0.11591,-0.011003,-0.012348,-4.5545e-06
-0.16725,2.4405,0.52289,0.15322,-0.011081,-0.01562,-2.3468e-06
-0.073608,2.5542,0.5771,-0.010435,-0.01093,-0.0052118,-3.2479e-05
-0.07955,2.5108,0.55849,0.020975,-0.011032,-0.0082737,-2.5101e-05
-0.086043,2.4675,0.53965,0.054765,-0.011105,-0.011228,-1.742e-05
-0.093876,2.4242,0.5207,0.092843,-0.011135,-0.013997,-9.7616e-06
-0.10277,2.3817,0.50155,0.13374,-0.011138,-0.016625,-1.9777e-06
-0.0058712,2.347,0.55218,0.056023,-0.0091368,-0.0055815,-1.3208e-05
-0.011792,2.3072,0.52875,0.078529,-0.0093051,-0.0088879,-4.7369e-06
-0.018846,2.2698,0.50405,0.096108,-0.0094603,-0.012342,5.223e-06
-0.02645,2.2314,0.48035,0.12259,-0.0095295,-0.015442,1.4921e-05
-0.034124,2.1909,0.45875,0.16363,-0.0094938,-0.017972,2.3355e-05
-0.033136,2.4032,0.54796,0.031517,-0.010465,-0.00045339,-1.5718e-05
-0.033087,2.3626,0.52577,0.056106,-0.010507,-0.0035417,-6.3841e-06
-0.028848,2.3208,0.50339,0.071023,-0.01049,-0.0072292,4.2941e-06
-0.028959,2.2801,0.47961,0.09011,-0.010429,-0.010637,1.592e-05
-0.037898,2.2434,0.45451,0.12275,-0.010351,-0.013137,2.7741e-05
-0.024155,2.2919,0.53395,0.059908,-0.010063,-0.00034335,-1.1621e-05
-0.026242,2.2549,0.51026,0.083661,-0.010173,-0.002718,-1.4326e-06
-0.025699,2.2198,0.48563,0.094063,-0.010305,-0.0056301,9.852e-06
-0.028839,2.1865,0.45979,0.10532,-0.010349,-0.0085036,2.2171e-05
-0.03805,2.1551,0.43396,0.12957,-0.010252,-0.010787,3.4726e-05
-0.037594,2.3716,0.54589,0.019362,-0.011436,0.0028819,-2.8079e-05
-0.036759,2.3443,0.5257,0.041981,-0.011595,0.0010923,-2.0964e-05
-0.032665,2.3126,0.50402,0.055143,-0.011763,-0.0012019,-1.2164e-05
-0.034232,2.279,0.47897,0.066498,-0.01177,-0.0036402,-7.7799e-08
-0.044001,2.2491,0.4524,0.084209,-0.011579,-0.0057016,1.3954e-05
-0.058525,2.2895,0.51796,-0.00028012,-0.011633,0.0032762,-9.0119e-06
-0.058861,2.274,0.49919,0.016986,-0.01188,0.0019449,9.2945e-07
-0.053783,2.2603,0.4822,0.02929,-0.012205,0.00040004,1.0749e-05
-0.056459,2.2409,0.46057,0.039457,-0.012281,-0.0013164,2.1661e-05
-0.070686,2.216,0.43372,0.051292,-0.012018,-0.0029351,3.3499e-05
-0.053,2.3131,0.52593,-0.026746,-0.012092,0.0046965,-6.8336e-06
-0.043283,2.3073,0.51608,-0.016047,-0.012351,0.0040195,-2.4599e-06
-0.027489,2.3034,0.50863,-0.006617,-0.012749,0.0032281,1.722e-06
-0.023473,2.2937,0.49527,7.982e-05,-0.012826,0.0024308,7.6976e-06
-0.035583,2.2788,0.47486,0.0043557,-0.012462,0.0017976,1.5364e-05
-0.070402,2.2735,0.4941,0.082855,-0.012548,-0.0059809,-3.2008e-05
-0.077511,2.2599,0.47538,0.091412,-0.012396,-0.0069928,-2.5438e-05
-0.083008,2.2494,0.4584,0.098628,-0.012227,-0.0078964,-1.9459e-05
-0.086924,2.242,0.44314,0.10454,-0.012045,-0.0086942,-1.4086e-05
-0.089297,2.2376,0.42953,0.1092,-0.011853,-0.00939,-9.3486e-06
-0.064454,2.3203,0.49377,0.041018,-0.013888,-0.0011713,2.0302e-06
-0.067062,2.3173,0.48109,0.04501,-0.013685,-0.0019637,7.5761e-06
-0.068072,2.3175,0.47018,0.047391,-0.013481,-0.0025975,1.2706e-05
-0.067564,2.3208,0.46094,0.048203,-0.013277,-0.0030843,1.7317e-05
-0.065597,2.327,0.45332,0.047489,-0.013071,-0.0034355,2.1308e-05
-0.018341,2.2966,0.51367,0.09114,-0.014149,-0.0029424,-4.8136e-05
-0.015181,2.3044,0.50839,0.088536,-0.013938,-0.00311,-4.4018e-05
-0.010799,2.3147,0.50452,0.0846,-0.01372,-0.003156,-4.044e-05
-0.005196,2.3273,0.50204,0.079344,-0.013496,-0.0030882,-3.7516e-05
0.0016431,2.3423,0.50093,0.072778,-0.01327,-0.0029127,-3.5338e-05
-0.058958,2.3648,0.47911,-0.053839,-0.017972,0.005955,6.1068e-06
-0.055084,2.3821,0.47761,-0.062526,-0.017707,0.0061939,9.1893e-06
-0.049569,2.4018,0.47774,-0.072533,-0.017457,0.006602,1.1508e-05
-0.042459,2.4238,0.47944,-0.083793,-0.017222,0.0071627,1.3018e-05
-0.033792,2.448,0.48266,-0.096252,-0.017,0.0078624,1.3691e-05
-0.084552,2.3668,0.45559,-0.054486,-0.018051,0.0040986,9.5689e-07
-0.077734,2.3923,0.45885,-0.068406,-0.017829,0.0049582,4.1421e-06
-0.069432,2.4197,0.46358,-0.083392,-0.01762,0.0059504,6.628e-06
-0.059754,2.4491,0.4697,-0.099403,-0.017419,0.0070631,8.3992e-06
-0.04879,2.4802,0.47713,-0.11639,-0.017225,0.0082836,9.447e-06
-0.10632,2.3776,0.44309,-0.051679,-0.018236,0.0051564,8.8265e-06
-0.097006,2.4075,0.45013,-0.069656,-0.018071,0.0064396,1.1511e-05
-0.08665,2.4389,0.45835,-0.088453,-0.01791,0.0078328,1.3815e-05
-0.075381,2.4716,0.46766,-0.10805,-0.01775,0.0093248,1.5736e-05
-0.063305,2.5056,0.47798,-0.12844,-0.017588,0.010905,1.7267e-05
0.0068453,2.3413,0.52215,-0.055511,-0.016563,0.00799,-6.7172e-06
0.012101,2.3759,0.52803,-0.077828,-0.016453,0.0096594,-5.2114e-07
0.017016,2.4119,0.53429,-0.10108,-0.016356,0.011429,5.7148e-06
0.02155,2.4492,0.5409,-0.1252,-0.016272,0.013286,1.1999e-05
0.025642,2.4878,0.5478,-0.15013,-0.0162,0.015212,1.8367e-05
0.008177,2.3555,0.53368,-0.059622,-0.016984,0.0071345,-8.9209e-06
0.011958,2.3913,0.54109,-0.083392,-0.0169,0.0092012,-3.2074e-06
0.015175,2.4283,0.54867,-0.10799,-0.01683,0.011341,2.6835e-06
0.017783,2.4664,0.5564,-0.13335,-0.016773,0.013543,8.7514e-06
0.019721,2.5056,0.56421,-0.1594,-0.016727,0.015787,1.5012e-05
-0.011838,2.4041,0.53214,-0.057568,-0.016826,0.0028303,-3.182e-05
-0.010472,2.44,0.53971,-0.082049,-0.016777,0.005037,-2.415e-05
-0.0096632,2.4771,0.54743,-0.10739,-0.016737,0.0072972,-1.6432e-05
-0.0094605,2.5152,0.55526,-0.13351,-0.016708,0.009601,-8.6511e-06
-0.0099362,2.5543,0.56314,-0.16031,-0.016686,0.011931,-7.7427e-07
-0.021695,2.4212,0.54618,-0.079326,-0.01569,0.0052374,-1.02e-05
-0.021519,2.4572,0.55405,-0.10469,-0.015664,0.0075721,-1.7539e-06
-0.022138,2.4942,0.56186,-0.13063,-0.015647,0.0099269,6.7692e-06
-0.023581,2.5318,0.5696,-0.15706,-0.015639,0.012294,1.5373e-05
-0.025907,2.5702,0.57721,-0.1839,-0.015637,0.014656,2.4085e-05
-0.037507,2.444,0.54307,-0.068061,-0.014961,-0.00070393,-1.3686e-05
-0.037361,2.4801,0.5522,-0.095399,-0.014937,0.0021245,-5.9572e-06
-0.038041,2.5172,0.56119,-0.12331,-0.014921,0.0049264,1.7361e-06
-0.039573,2.5551,0.57002,-0.1517,-0.014914,0.0077022,9.4189e-06
-0.042012,2.5937,0.57865,-0.18049,-0.014913,0.010443,1.7139e-05
-0.067576,2.5079,0.5341,-0.084075,-0.014577,-0.0039338,2.9244e-05
-0.067237,2.5402,0.54329,-0.10877,-0.014504,-0.0013918,3.5173e-05
-0.067714,2.5732,0.55226,-0.13398,-0.014442,0.0011224,4.1093e-05
-0.069034,2.6069,0.56101,-0.15962,-0.01439,0.0036086,4.7022e-05
-0.07125,2.6412,0.56947,-0.18559,-0.014346,0.006059,5.2997e-05
0.026948,2.5865,0.61974,-0.05577,-0.012357,-0.0041162,-4.9823e-06
0.034599,2.6235,0.63294,-0.085108,-0.012393,-0.0014713,2.3507e-07
0.036231,2.6598,0.64286,-0.1152,-0.012339,0.00085301,5.5847e-06
0.032295,2.6953,0.64981,-0.14587,-0.012202,0.0028735,1.1018e-05
0.023811,2.7302,0.65437,-0.17691,-0.011993,0.0046232,1.6624e-05
-0.0017895,2.5742,0.55223,-0.1352,-0.013071,-0.024982,3.4172e-06
-0.0087529,2.6062,0.55867,-0.15942,-0.012711,-0.022743,7.4253e-06
-0.01204,2.6398,0.56726,-0.18344,-0.012477,-0.020199,1.1091e-05
-0.011707,2.6748,0.57794,-0.20725,-0.012366,-0.017351,1.4577e-05
-0.058484,2.7196,0.5951,-0.18183,-0.01195,-0.0049015,1.9921e-05
0.092445,2.6775,0.64829,-0.1011,-0.012075,-0.015236,-3.5419e-05
0.10917,2.7116,0.66564,-0.12679,-0.012068,-0.012589,-3.458e-05
0.12331,2.7461,0.68146,-0.15237,-0.012008,-0.010249,-3.2814e-05
0.13408,2.7805,0.69537,-0.17789,-0.011887,-0.0082091,-3.0295e-05
0.14098,2.8142,0.70711,-0.20338,-0.011703,-0.0064642,-2.7268e-05
0.083917,2.7293,0.62689,-0.16594,-0.011656,-0.025911,-2.6093e-05
0.078758,2.7547,0.63221,-0.18457,-0.011347,-0.024284,-2.0336e-05
0.073238,2.7802,0.63777,-0.20379,-0.01111,-0.022338,-1.5109e-05
0.067851,2.806,0.64379,-0.22344,-0.01094,-0.020095,-1.045e-05
0.063241,2.8321,0.65057,-0.24335,-0.010837,-0.017567,-6.4181e-06
-0.071937,2.7414,0.62021,0.024437,-0.0093846,-0.016095,-1.4423e-06
-0.06226,2.7671,0.63375,0.0015548,-0.0094972,-0.013267,-1.227e-06
-0.05154,2.7943,0.64782,-0.020886,-0.0095815,-0.010618,-7.8648e-07
-0.040482,2.8225,0.66202,-0.042953,-0.0096384,-0.0081271,2.2605e-07
-0.029992,2.8513,0.67589,-0.064728,-0.0096667,-0.0057888,1.8139e-06
0.010522,2.7657,0.63611,-0.074604,-0.010194,-0.026014,-1.8119e-05
0.024628,2.7948,0.64877,-0.10449,-0.010148,-0.024436,-1.5764e-05
0.041739,2.8272,0.66149,-0.14041,-0.010085,-0.023284,-1.3213e-05
0.047601,2.8534,0.67011,-0.16658,-0.0099789,-0.022018,-9.9815e-06
0.036878,2.8697,0.6735,-0.17678,-0.0098379,-0.020285,-6.2492e-06
0.01365,2.7633,0.66502,-0.046756,-0.0078226,-0.020694,6.8624e-06
0.010669,2.7803,0.67251,-0.058982,-0.0077126,-0.018455,1.0711e-05
0.0079568,2.7975,0.68011,-0.071176,-0.0076198,-0.016249,1.4382e-05
0.0060915,2.8154,0.68792,-0.08414,-0.0075408,-0.01416,1.7699e-05
0.0054293,2.8342,0.69596,-0.098398,-0.0074698,-0.01225,2.0536e-05
0.050072,2.7939,0.68316,-0.067637,-0.0080743,-0.024851,-1.5136e-05
0.053228,2.8123,0.69128,-0.084132,-0.0080151,-0.023434,-1.3828e-05
0.057099,2.8314,0.69919,-0.10162,-0.0079449,-0.022296,-1.2997e-05
0.060922,2.8506,0.70682,-0.11915,-0.0078634,-0.021327,-1.2448e-05
0.064039,2.8693,0.71416,-0.13582,-0.0077736,-0.020396,-1.1987e-05
0.031529,2.8046,0.67769,-0.052648,-0.0081436,-0.028745,-1.7479e-05
0.033276,2.8194,0.6852,-0.064568,-0.0080383,-0.027353,-1.7021e-05
0.032897,2.8324,0.69216,-0.073699,-0.0079599,-0.025798,-1.6621e-05
0.030937,2.844,0.6988,-0.080595,-0.00791,-0.024081,-1.6259e-05
0.028247,2.8546,0.70541,-0.086145,-0.0078842,-0.022233,-1.5937e-05
0.03379,2.8605,0.69459,-0.041374,-0.0083372,-0.028372,-2.1542e-05
0.037602,2.8736,0.70384,-0.049687,-0.0083189,-0.026481,-2.2061e-05
0.042923,2.8882,0.71304,-0.060103,-0.0082947,-0.024907,-2.305e-05
0.049308,2.9039,0.72211,-0.072019,-0.0082588,-0.023616,-2.4429e-05
0.056208,2.9201,0.73103,-0.084565,-0.0082083,-0.022521,-2.6067e-05
0.090784,2.8368,0.71173,-0.043888,-0.0069631,-0.033194,-3.6352e-05
0.096084,2.8496,0.71906,-0.054252,-0.0069021,-0.032189,-3.7641e-05
0.10021,2.861,0.72614,-0.062707,-0.0068364,-0.031146,-3.8872e-05
0.10305,2.8709,0.73308,-0.068967,-0.0067695,-0.029989,-3.9977e-05
0.10478,2.8794,0.74006,-0.073176,-0.0067044,-0.028668,-4.0934e-05
0.043068,2.7808,0.68253,-0.010006,-0.0074275,-0.033053,-3.8716e-05
0.043856,2.788,0.68893,-0.014075,-0.007429,-0.03159,-4.011e-05
0.0452,2.7956,0.69517,-0.018662,-0.0074422,-0.030306,-4.1674e-05
0.047139,2.8037,0.70134,-0.023762,-0.0074608,-0.029183,-4.3396e-05
0.049728,2.8122,0.70761,-0.029281,-0.0074763,-0.028169,-4.5248e-05
6.6339e-05,2.8068,0.63491,-0.055026,-0.0090746,-0.038081,5.5581e-05
-0.011482,2.8128,0.6391,-0.054699,-0.0090145,-0.036095,5.2732e-05
-0.026734,2.8163,0.64293,-0.050308,-0.0088996,-0.03379,4.9735e-05
-0.034974,2.8227,0.64779,-0.049718,-0.0087791,-0.0323,4.7576e-05
-0.031424,2.8343,0.654,-0.056584,-0.0086699,-0.032237,4.6596e-05
-0.13004,2.8219,0.5846,-0.10757,-0.0067519,-0.04596,0.00010313
-0.12882,2.8214,0.58916,-0.10334,-0.0065077,-0.045906,0.00010081
-0.13736,2.8159,0.59185,-0.090774,-0.0062665,-0.045198,9.8644e-05
-0.14477,2.8127,0.59533,-0.079982,-0.0061213,-0.044195,9.6532e-05
-0.1399,2.8169,0.6021,-0.078618,-0.0061767,-0.043252,9.3567e-05
0.053716,2.7512,0.62395,-0.024471,-0.010932,-0.042855,5.5334e-05
0.048984,2.7549,0.62733,-0.024527,-0.010897,-0.041968,5.2503e-05
0.036475,2.7526,0.62808,-0.017733,-0.010796,-0.041085,4.9595e-05
0.027138,2.752,0.62974,-0.012301,-0.010679,-0.040412,4.6983e-05
0.02863,2.758,0.63459,-0.014016,-0.010576,-0.040161,4.4818e-05
-0.091031,2.7876,0.59326,-0.080562,-0.005884,-0.047697,7.7989e-05
-0.086356,2.7869,0.59746,-0.077666,-0.0057517,-0.047827,7.6393e-05
-0.08968,2.7829,0.59962,-0.070552,-0.0056769,-0.04739,7.4716e-05
-0.094229,2.7796,0.60178,-0.06366,-0.0056694,-0.046642,7.3163e-05
-0.074414,2.777,0.61117,-0.05635,-0.0060072,-0.045325,7.0262e-05
0.067219,2.7383,0.63709,-0.017941,-0.0094488,-0.041257,2.4151e-05
0.059174,2.7407,0.63876,-0.016991,-0.0094566,-0.040331,2.3158e-05
0.04909,2.7412,0.63987,-0.013696,-0.0094109,-0.039396,2.2307e-05
0.044003,2.7439,0.64213,-0.012571,-0.0093459,-0.038904,2.1281e-05
0.036778,2.7527,0.64329,-0.018438,-0.0091232,-0.039321,2.2704e-05
-0.092582,2.7383,0.57445,-0.057911,-0.0066838,-0.050172,8.1329e-05
-0.091068,2.7331,0.57686,-0.05091,-0.0065113,-0.050495,7.911e-05
-0.094188,2.7245,0.57889,-0.039138,-0.0063071,-0.050304,7.7202e-05
-0.096245,2.7185,0.58157,-0.02986,-0.0061954,-0.049841,7.5545e-05
-0.081509,2.7166,0.58833,-0.024568,-0.0064419,-0.049138,7.0928e-05
0.016575,2.848,0.62794,-0.015517,-0.0098693,-0.049808,-5.2655e-05
0.023808,2.8506,0.6336,-0.011338,-0.010046,-0.049251,-5.5878e-05
0.027059,2.8497,0.63855,-0.0034305,-0.010145,-0.048493,-5.7966e-05
0.029597,2.8489,0.64309,0.0034855,-0.010255,-0.047718,-5.9843e-05
0.034342,2.8513,0.64753,0.0057499,-0.010442,-0.047107,-6.2469e-05
-0.014006,2.8921,0.6243,-0.041398,-0.0097475,-0.048339,-5.1798e-05
-0.0134,2.8923,0.62703,-0.0387,-0.0097853,-0.047889,-5.3507e-05
-0.015664,2.891,0.62968,-0.034135,-0.0097152,-0.047281,-5.4789e-05
-0.018844,2.8899,0.63159,-0.031004,-0.0096342,-0.046783,-5.5843e-05
-0.021347,2.8901,0.63233,-0.031461,-0.0096074,-0.046614,-5.6884e-05
-0.06828,2.8695,0.59169,-0.041128,-0.0086434,-0.052277,-2.4796e-05
-0.072604,2.8668,0.59146,-0.039529,-0.0085235,-0.052252,-2.5516e-05
-0.07912,2.8624,0.59102,-0.035728,-0.0083504,-0.052048,-2.6e-05
-0.08487,2.8586,0.59063,-0.032605,-0.0081983,-0.051886,-2.6488e-05
-0.087656,2.8571,0.59049,-0.032241,-0.0081173,-0.051951,-2.7184e-05
-0.0033459,2.8163,0.61249,-0.0072815,-0.0077907,-0.052556,-4.5372e-05
-0.003683,2.8138,0.61325,-0.0042544,-0.0077038,-0.052602,-4.6324e-05
-0.0048835,2.81,0.61419,0.0010764,-0.007611,-0.052475,-4.7035e-05
-0.0045199,2.8073,0.61543,0.0053594,-0.0075786,-0.052318,-4.787e-05
-0.0010975,2.8069,0.61697,0.0064982,-0.0076413,-0.052249,-4.9088e-05
0.012699,2.8359,0.6177,-0.01073,-0.0083818,-0.050596,-3.3197e-05
