0,0,0,0,0,0,0
0.022985,-0.020513,-0.038666,-0.022735,0.035013,0.05809,-0.015839
0.045068,-0.037688,-0.073334,-0.041279,0.067321,0.10821,-0.030551
0.066265,-0.051913,-0.10442,-0.056109,0.097121,0.15154,-0.044163
0.086596,-0.063534,-0.13229,-0.067655,0.1246,0.18907,-0.056707
0.10609,-0.072861,-0.15728,-0.076298,0.14992,0.22167,-0.068221
0.095325,-0.061548,-0.12225,-0.063665,0.13561,0.1731,-0.059929
0.088832,-0.051308,-0.094504,-0.052897,0.12023,0.12909,-0.051901
0.084986,-0.042085,-0.071687,-0.04376,0.1047,0.089188,-0.044236
0.082789,-0.033813,-0.052295,-0.036043,0.089569,0.052973,-0.036997
0.057212,-0.027344,0.00093814,-0.037026,0.022916,-0.032516,-0.014038
0.040355,-0.020969,0.043616,-0.038331,-0.040299,-0.10882,0.0066425
0.029095,-0.01482,0.078608,-0.039867,-0.099461,-0.17698,0.025204
0.021466,-0.0089959,0.10787,-0.041588,-0.15434,-0.23807,0.041798
0.016226,-0.0035816,0.13279,-0.043526,-0.20494,-0.29337,0.056567
-0.0048319,-0.0011529,0.1731,-0.048774,-0.28186,-0.35796,0.082154
-0.018099,0.00084095,0.20354,-0.053764,-0.35364,-0.41698,0.10489
-0.026336,0.0024034,0.22748,-0.058533,-0.41991,-0.47099,0.12497
-0.031313,0.0035563,0.2471,-0.063097,-0.48065,-0.52046,0.14259
-0.03417,0.004328,0.26383,-0.067462,-0.53604,-0.56588,0.15798
-0.046301,0.0035339,0.29315,-0.073219,-0.58441,-0.59917,0.17499
-0.053634,0.0026483,0.31519,-0.078585,-0.62962,-0.6323,0.18998
-0.057898,0.0016544,0.33267,-0.083604,-0.67135,-0.6651,0.2031
-0.060195,0.00055097,0.34732,-0.088285,-0.70954,-0.69738,0.21449
-0.061228,-0.00065223,0.36026,-0.092608,-0.7443,-0.72888,0.22431
-0.067351,-0.0018668,0.38058,-0.092738,-0.75152,-0.72962,0.23228
-0.070854,-0.0030382,0.39727,-0.092679,-0.75886,-0.73207,0.23901
-0.072694,-0.0041778,0.41162,-0.09243,-0.76598,-0.73595,0.24463
-0.073479,-0.0052908,0.42446,-0.091987,-0.77271,-0.74101,0.24927
-0.0736,-0.006379,0.43632,-0.091339,-0.77896,-0.74705,0.25303
-0.08188,-0.0050816,0.4597,-0.082117,-0.7226,-0.70897,0.25689
-0.088489,-0.0037894,0.48151,-0.073161,-0.70051,-0.6778,0.25967
-0.093911,-0.0025393,0.50157,-0.064482,-0.69143,-0.65288,0.26164
-0.098374,-0.0013436,0.51991,-0.056079,-0.68729,-0.63355,0.26298
-0.102,-0.00020404,0.53663,-0.047946,-0.68504,-0.61921,0.26378
-0.11079,0.0018475,0.55601,-0.032358,-0.64138,-0.56536,0.2677
-0.11791,0.0039145,0.57419,-0.017313,-0.62435,-0.51927,0.2707
-0.12382,0.0059749,0.59096,-0.0028082,-0.61751,-0.48011,0.27303
-0.12875,0.0080173,0.60633,0.01118,-0.61458,-0.44713,0.27488
-0.13282,0.010036,0.62038,0.024686,-0.61317,-0.41967,0.27634
-0.137,0.012438,0.63002,0.043033,-0.57888,-0.35992,0.28159
-0.13999,0.014974,0.63931,0.060911,-0.56563,-0.30746,0.28591
-0.14217,0.017608,0.648,0.078313,-0.56042,-0.26143,0.28958
-0.14374,0.020318,0.65605,0.095264,-0.55832,-0.22108,0.29277
-0.14482,0.023089,0.66345,0.1118,-0.55746,-0.18576,0.29561
-0.14264,0.025764,0.66099,0.13015,-0.52824,-0.13337,0.30122
-0.13987,0.028724,0.65925,0.14829,-0.5169,-0.086249,0.30599
-0.13684,0.031914,0.65792,0.1662,-0.51241,-0.043731,0.3102
-0.13371,0.035295,0.65685,0.18388,-0.5106,-0.0052677,0.314
-0.13056,0.03884,0.65598,0.20137,-0.50985,0.029616,0.31752
-0.12281,0.041732,0.64436,0.21835,-0.4825,0.058551,0.32108
-0.115,0.045052,0.63429,0.23532,-0.47194,0.085979,0.3242
-0.10742,0.048725,0.62534,0.25224,-0.46783,0.11201,0.3271
-0.10021,0.052699,0.61732,0.26914,-0.46624,0.13673,0.3299
-0.093403,0.056934,0.61009,0.28604,-0.46567,0.16022,0.33267
-0.082737,0.059843,0.59482,0.2986,-0.43966,0.15887,0.33245
-0.072368,0.06328,0.58132,0.31164,-0.42982,0.15949,0.33232
-0.062551,0.067155,0.56918,0.32507,-0.42616,0.16167,0.3324
-0.05337,0.071407,0.55815,0.33888,-0.42489,0.16506,0.33275
-0.044847,0.075986,0.54809,0.35306,-0.42458,0.1694,0.33338
-0.034782,0.078142,0.53318,0.36073,-0.42332,0.15233,0.20477
-0.02578,0.080859,0.52034,0.36946,-0.42256,0.13741,0.089113
-0.017796,0.084068,0.50935,0.3792,-0.42213,0.12414,-0.014876
-0.010788,0.087704,0.5,0.38986,-0.4219,0.11213,-0.10836
-0.0047137,0.091709,0.49213,0.40139,-0.42176,0.10106,-0.19238
0.0014567,0.09393,0.4824,0.40737,-0.41793,0.06637,-0.069161
0.0068359,0.096698,0.47424,0.41464,-0.41432,0.034343,0.041691
0.011444,0.09994,0.46747,0.42311,-0.41109,0.0047549,0.14146
0.015304,0.10359,0.46192,0.43265,-0.40838,-0.022602,0.23128
0.018435,0.10758,0.45748,0.44318,-0.4063,-0.047918,0.16587
0.020739,0.10992,0.4524,0.44938,-0.40196,-0.086646,0.052713
0.022489,0.11274,0.44844,0.45694,-0.39822,-0.12272,-0.049174
0.023684,0.11597,0.44548,0.46573,-0.39493,-0.15665,-0.14095
0.024327,0.11955,0.44338,0.47561,-0.39194,-0.18889,-0.22365
0.024426,0.12341,0.44204,0.48646,-0.38914,-0.2198,-0.23417
0.02359,0.12617,0.43983,0.49543,-0.3868,-0.25217,-0.10829
0.022346,0.1293,0.43846,0.5055,-0.38421,-0.28375,0.0046962
0.020681,0.13273,0.43782,0.51652,-0.38157,-0.31448,0.10614
0.018591,0.13639,0.43781,0.52837,-0.37903,-0.34436,0.19725
0.016069,0.14023,0.43834,0.54093,-0.37672,-0.37338,0.2791
0.013309,0.14384,0.43679,0.55391,-0.37653,-0.38612,0.1538
0.010138,0.14766,0.43594,0.56764,-0.37803,-0.39992,0.040902
0.006555,0.15164,0.4357,0.58199,-0.38065,-0.41478,-0.060843
0.0025605,0.15572,0.43598,0.59686,-0.38392,-0.43067,-0.15255
-0.0018455,0.15986,0.43671,0.61214,-0.38745,-0.4476,-0.23522
-0.0055554,0.16449,0.43351,0.6306,-0.38555,-0.44385,-0.10977
-0.0097501,0.16917,0.43104,0.64914,-0.38331,-0.44353,0.0028955
-0.014423,0.17385,0.4292,0.66766,-0.38131,-0.4461,0.10415
-0.019566,0.17848,0.42791,0.68609,-0.38,-0.4511,0.19521
-0.02517,0.18302,0.42708,0.70438,-0.37975,-0.45815,0.27716
-0.028777,0.18954,0.4205,0.72897,-0.36602,-0.41873,0.34469
-0.033572,0.19642,0.41447,0.75485,-0.35445,-0.37787,0.40016
-0.039423,0.20355,0.40892,0.78166,-0.34501,-0.3361,0.43953
-0.046209,0.21083,0.40378,0.80909,-0.33767,-0.29392,0.46019
-0.053821,0.21815,0.399,0.83685,-0.33243,-0.25185,0.45902
-0.059455,0.22672,0.3873,0.86685,-0.31709,-0.18092,0.45638
-0.066102,0.23509,0.37674,0.89656,-0.30477,-0.11496,0.4726
-0.073601,0.24317,0.36721,0.92567,-0.29545,-0.054354,0.50826
-0.081816,0.25085,0.35857,0.9539,-0.28909,0.00060552,0.56105
-0.090627,0.25807,0.35072,0.98103,-0.28564,0.049715,0.6093
-0.095612,0.26447,0.33745,1.0009,-0.27301,0.10159,0.62415
-0.10154,0.27038,0.32546,1.0203,-0.26303,0.1453,0.64389
-0.10827,0.27577,0.31459,1.0388,-0.25558,0.18123,0.6668
-0.11567,0.2806,0.30466,1.0564,-0.25054,0.20978,0.69068
-0.12365,0.28487,0.29553,1.0729,-0.24779,0.2314,0.71415
-0.12693,0.28723,0.2821,1.0785,-0.23709,0.22329,0.6977
-0.13119,0.28921,0.26981,1.0842,-0.22845,0.2103,0.70565
-0.13633,0.29084,0.25846,1.0897,-0.22169,0.19335,0.73312
-0.14227,0.29217,0.24786,1.0951,-0.21667,0.17328,0.76519
-0.14896,0.29321,0.23785,1.1003,-0.21322,0.15089,0.79437
-0.15221,0.29282,0.22396,1.097,-0.20217,0.094871,0.76834
-0.1565,0.29231,0.211,1.0943,-0.19303,0.040725,0.74726
-0.16179,0.29171,0.19875,1.0923,-0.18561,-0.010731,0.7297
-0.16802,0.29106,0.187,1.091,-0.17973,-0.058813,0.71326
-0.17517,0.29038,0.17559,1.0903,-0.17522,-0.10296,0.69593
-0.18046,0.28958,0.16128,1.0853,-0.1651,-0.15144,0.63322
-0.18693,0.28882,0.14741,1.0817,-0.15641,-0.19464,0.5866
-0.19452,0.28812,0.13383,1.0792,-0.149,-0.23214,0.55451
-0.20316,0.28748,0.12038,1.0778,-0.14275,-0.26367,0.53558
-0.2128,0.28693,0.10694,1.0774,-0.13754,-0.28909,0.52849
-0.22574,0.28646,0.086354,1.0748,-0.026969,-0.28604,0.37978
-0.23917,0.28595,0.066116,1.0727,0.07243,-0.28431,0.24583
-0.25306,0.28534,0.046123,1.0707,0.16177,-0.28369,0.12519
-0.26647,0.2849,0.027393,1.0696,0.21246,-0.28465,0.015983
-0.27502,0.28602,0.015077,1.073,0.090165,-0.28997,-0.085341
-0.28403,0.28989,0.0018148,1.0784,-0.020232,-0.26268,-0.17523
-0.29379,0.29326,-0.011923,1.083,-0.11985,-0.23882,-0.25596
-0.30423,0.29613,-0.026162,1.0866,-0.20979,-0.21753,-0.32831
-0.31997,0.29716,-0.046519,1.0851,-0.14588,-0.19496,-0.19106
-0.33771,0.29726,-0.069154,1.081,-0.03651,-0.17298,-0.066608
-0.35726,0.2979,-0.092727,1.077,0.064105,-0.12658,0.041949
-0.37684,0.29815,-0.11638,1.072,0.15446,-0.0851,0.13959
-0.39179,0.29931,-0.13449,1.0699,0.095929,-0.051365,0.18002
-0.40502,0.30054,-0.15072,1.0678,-0.014552,-0.022406,0.061596
-0.41853,0.30129,-0.16757,1.064,-0.11428,0.0039579,-0.045628
-0.43949,0.30043,-0.1916,1.0522,-0.0092796,0.042432,-0.13601
-0.46021,0.29915,-0.21595,1.0392,0.084837,0.076949,-0.10071
-0.47926,0.29786,-0.2388,1.0258,0.12821,0.10699,0.013279
-0.49383,0.29729,-0.25659,1.0144,0.04207,0.13131,0.11382
-0.50735,0.29654,-0.27374,1.002,-0.067248,0.15273,0.12777
-0.52659,0.29387,-0.29502,0.9808,-0.032302,0.17238,0.019107
-0.54654,0.29057,-0.31827,0.95734,0.030559,0.19049,-0.078114
-0.56495,0.28724,-0.34054,0.9333,0.05718,0.20591,-0.16602
-0.58096,0.28409,-0.36069,0.90924,0.025791,0.21844,-0.23844
-0.59575,0.28082,-0.38023,0.8841,-0.026546,0.22932,-0.11163
-0.61369,0.27611,-0.39898,0.8509,-0.014759,0.21997,0.0022332
-0.63145,0.27102,-0.41889,0.81605,0.010778,0.21177,0.10493
-0.64807,0.26579,-0.43864,0.78023,0.023697,0.20439,0.19669
-0.66309,0.26055,-0.45759,0.74373,0.012853,0.19775,0.15327
-0.67689,0.2552,-0.47618,0.70615,-0.0085256,0.19218,0.039935
-0.68736,0.24084,-0.48724,0.64608,-0.029124,0.086953,-0.057636
-0.69757,0.22714,-0.49931,0.58659,-0.036813,-0.0072003,-0.089013
-0.70744,0.21397,-0.51218,0.52739,-0.031343,-0.091559,0.0017695
-0.71676,0.20124,-0.52544,0.46835,-0.017078,-0.16735,0.099908
-0.72521,0.18891,-0.53858,0.40942,-0.00075937,-0.23573,0.18579
-0.74317,0.18999,-0.55337,0.37735,0.00076552,-0.15592,0.15031
-0.75897,0.19035,-0.5671,0.343,-0.00010654,-0.082771,0.04332
-0.77262,0.18998,-0.57967,0.3065,-0.0022083,-0.015112,-0.05108
-0.78414,0.18886,-0.59099,0.26795,-0.0041358,0.04805,-0.056477
-0.79356,0.18698,-0.60102,0.22751,-0.0047781,0.10755,0.029771
-0.79622,0.17198,-0.59849,0.15942,-0.0061754,0.024508,-0.036274
-0.7974,0.1573,-0.59564,0.09209,-0.0050067,-0.04923,-0.052936
-0.79735,0.14341,-0.5925,0.026647,-0.0022402,-0.10832,-0.0067387
-0.79963,0.13618,-0.59202,-0.02443,0.0022595,-0.086515,0.04339
-0.80293,0.1337,-0.59285,-0.065105,0.006385,-0.0060049,0.057005
-0.80692,0.13232,-0.58822,-0.10278,-0.011489,0.085357,-0.045374
-0.80545,0.12429,-0.57939,-0.1531,-0.023086,0.112,-0.09665
-0.79811,0.10846,-0.56594,-0.21837,-0.025294,0.061755,-0.065525
-0.78815,0.090387,-0.55082,-0.2872,-0.01762,-0.0045763,0.01662
-0.77679,0.072286,-0.53499,-0.35484,-0.0039753,-0.063012,0.086592
-0.76978,0.063672,-0.52047,-0.40304,-0.0050599,-0.024623,0.0095403
-0.76156,0.055429,-0.50534,-0.44835,-0.003132,0.028813,-0.059684
-0.75026,0.044156,-0.48771,-0.4976,0.00013686,0.05949,-0.075797
-0.73501,0.028206,-0.46668,-0.55418,0.003106,0.048531,-0.023851
-0.71651,0.0086795,-0.4429,-0.61584,0.0049524,0.0070986,0.029371
-0.69633,-0.011269,-0.41562,-0.67461,-0.017723,-0.037219,0.052348
-0.67659,-0.029243,-0.38946,-0.72739,-0.029032,-0.05027,0.020939
-0.65776,-0.044705,-0.36482,-0.77291,-0.026356,-0.026138,-0.023942
-0.63888,-0.059389,-0.34061,-0.81466,-0.013063,0.015268,-0.048894
-0.61843,-0.075873,-0.31521,-0.85792,0.0038788,0.044095,-0.030348
-0.59286,-0.098648,-0.28334,-0.90923,0.00020115,0.014676,0.053334
-0.56637,-0.12229,-0.25117,-0.9609,-0.0028013,-0.022122,0.076157
-0.54055,-0.14413,-0.22031,-1.0072,-0.0031044,-0.036285,0.020993
-0.51588,-0.1634,-0.19115,-1.0463,-0.00060918,-0.018995,-0.049387
-0.49152,-0.18161,-0.16276,-1.0813,0.0028734,0.012588,-0.062967
-0.46604,-0.20056,-0.13422,-1.1127,-0.01309,0.039613,0.045493
-0.43906,-0.22239,-0.10451,-1.1496,-0.020468,0.033997,0.11237
-0.41115,-0.24632,-0.074289,-1.1906,-0.016165,0.0034651,0.060992
-0.38352,-0.26997,-0.044744,-1.2304,-0.0031478,-0.025364,-0.042333
-0.35701,-0.29139,-0.016633,-1.2642,0.01132,-0.03005,-0.096469
-0.33228,-0.3068,0.0077353,-1.2797,-0.0020759,0.037849,0.014535
-0.30608,-0.32498,0.033475,-1.301,-0.012893,0.070381,0.11461
-0.27767,-0.34767,0.061192,-1.3326,-0.016199,0.045495,0.11664
-0.24834,-0.37259,0.089551,-1.3697,-0.010638,-0.011476,0.0074368
-0.22014,-0.39566,0.11652,-1.4025,0.00083929,-0.052655,-0.091121
-0.1956,-0.40932,0.13685,-1.4082,-0.002919,0.021632,0.0044973
-0.1704,-0.42436,0.15804,-1.4176,-0.0043738,0.072279,0.085991
-0.14295,-0.44376,0.18151,-1.4379,-0.0037451,0.061434,0.07378
-0.11395,-0.46618,0.20647,-1.4664,-0.0014107,0.0039322,-0.010675
-0.085589,-0.48754,0.23078,-1.4931,0.0020869,-0.050029,-0.076287
-0.060542,-0.4993,0.24862,-1.4923,-0.010689,0.0074495,0.02091
-0.035772,-0.51124,0.26654,-1.4928,-0.01606,0.054585,0.087368
-0.0097579,-0.52615,0.28582,-1.5021,-0.01268,0.055384,0.060236
0.017373,-0.54362,0.30627,-1.5193,-0.0031986,0.013739,-0.024045
0.044127,-0.56069,0.32651,-1.5366,0.0074591,-0.033756,-0.076009
0.06892,-0.57015,0.34122,-1.5308,-0.0053454,0.0038696,0.032074
0.093174,-0.57926,0.35596,-1.5255,-0.01353,0.035835,0.098869
0.1179,-0.58988,0.37146,-1.526,-0.013776,0.037678,0.060372
0.14303,-0.60184,0.38759,-1.5317,-0.0067765,0.010809,-0.034366
0.1676,-0.61331,0.40353,-1.5375,0.0035022,-0.021281,-0.085397
0.19197,-0.62127,0.41543,-1.531,0.0016657,-0.015114,0.025963
0.21548,-0.6281,0.42722,-1.5234,-0.00084605,-0.0076638,0.12615
0.23809,-0.6339,0.43884,-1.5149,-0.0016194,7.604e-05,0.10812
0.25986,-0.63876,0.45027,-1.5054,-0.00024243,0.0071638,-0.00029412
0.28088,-0.64273,0.46153,-1.4951,0.0016363,0.012777,-0.098091
0.30185,-0.64281,0.46935,-1.4722,-0.0063684,0.052364,0.014645
0.32207,-0.64254,0.47712,-1.4504,-0.0068557,0.084239,0.11609
0.34166,-0.64211,0.48492,-1.43,-0.00067344,0.10605,0.20743
0.36089,-0.64156,0.49292,-1.4111,0.0052977,0.1164,0.28964
0.37994,-0.64086,0.50125,-1.3934,0.0055031,0.11507,0.33318
0.39986,-0.63771,0.50719,-1.3678,-0.012301,0.11917,0.40353
0.41893,-0.63449,0.51298,-1.3445,-0.01576,0.11328,0.26703
0.43705,-0.6311,0.51851,-1.3231,-0.003937,0.098479,0.14435
0.45452,-0.62732,0.52403,-1.3025,0.0097963,0.076208,0.033948
0.47159,-0.6229,0.52978,-1.2819,0.012443,0.048434,-0.06558
0.4887,-0.61473,0.53283,-1.2498,-0.013827,0.040315,0.043631
0.50446,-0.60602,0.53551,-1.2185,-0.022709,0.029761,0.14202
0.51866,-0.59676,0.53759,-1.1875,-0.0087419,0.017712,0.11196
0.53169,-0.58677,0.53942,-1.156,0.01145,0.0046924,0.0036359
0.54404,-0.57586,0.54147,-1.1233,0.018142,-0.0088031,-0.094078
0.55507,-0.56054,0.54191,-1.0759,-0.012945,0.013519,0.0071361
0.5648,-0.54482,0.54191,-1.0292,-0.026635,0.032557,0.090323
0.57301,-0.5289,0.54126,-0.98359,-0.013138,0.046971,0.068766
0.58019,-0.51275,0.54036,-0.93876,0.010551,0.055354,-0.031266
0.587,-0.49621,0.5398,-0.89411,0.020776,0.056773,-0.10239
0.59245,-0.47678,0.53933,-0.83921,-0.011118,0.078837,0.011855
0.59699,-0.45745,0.53858,-0.7863,-0.027451,0.091815,0.11504
0.60027,-0.43838,0.53725,-0.73571,-0.015715,0.095541,0.20735
0.60266,-0.41944,0.53569,-0.68688,0.0085887,0.089976,0.091999
0.60476,-0.40036,0.53442,-0.63888,0.020879,0.075609,-0.011739
0.60808,-0.38196,0.53479,-0.59525,-0.00096942,0.01811,-0.071243
0.61026,-0.36288,0.53478,-0.55042,-0.02057,-0.035069,-0.08115
0.61129,-0.34318,0.5344,-0.50446,-0.036748,-0.08477,-0.13088
0.61038,-0.32209,0.53319,-0.45424,-0.048407,-0.11823,-0.19227
0.60338,-0.29496,0.5287,-0.38192,-0.053554,-0.061146,-0.17126
0.5916,-0.26356,0.52341,-0.29147,-0.072127,0.058601,-0.20517
0.57929,-0.23271,0.51817,-0.20362,-0.083931,0.16737,-0.23197
0.57351,-0.21043,0.51715,-0.14813,-0.091727,0.1394,-0.26896
0.56816,-0.18969,0.51661,-0.09901,-0.093297,0.085609,-0.25558
0.56155,-0.16865,0.51556,-0.049144,-0.088544,0.036016,-0.27356
0.55451,-0.14909,0.51511,-0.0030094,-0.089329,-0.034674,-0.29405
0.54588,-0.12881,0.51406,0.04558,-0.083937,-0.093335,-0.27138
0.53192,-0.10399,0.51028,0.11161,-0.07191,-0.076815,-0.24778
0.51372,-0.075916,0.50451,0.19059,-0.055129,-0.0042948,-0.2209
0.49486,-0.048328,0.49888,0.26828,-0.036672,0.064194,-0.23416
0.48114,-0.027302,0.4969,0.32371,-0.036767,0.0391,-0.23392
0.46821,-0.0080703,0.49577,0.37245,-0.035714,-0.012376,-0.23373
0.4539,0.011535,0.49422,0.42308,-0.032913,-0.053336,-0.21519
0.43622,0.033381,0.49118,0.48323,-0.027992,-0.050925,-0.18789
0.41551,0.057038,0.48686,0.55149,-0.021624,-0.010748,-0.16442
0.39395,0.081163,0.48038,0.62327,-0.031092,0.05342,-0.19673
0.37452,0.102,0.47583,0.68326,-0.039364,0.06989,-0.22108
0.35778,0.11905,0.4734,0.72939,-0.046344,0.030297,-0.23597
0.34161,0.13434,0.47177,0.76978,-0.050996,-0.030026,-0.24476
0.32305,0.15059,0.46918,0.81548,-0.05218,-0.062864,-0.24617
0.29981,0.17195,0.45828,0.88083,-0.057129,0.0076234,-0.24591
0.27656,0.19191,0.44854,0.94238,-0.058655,0.065057,-0.21796
0.25606,0.20797,0.44134,0.9901,-0.058076,0.066526,-0.19278
0.23815,0.22037,0.43639,1.0248,-0.055718,0.015827,-0.16671
0.22016,0.23158,0.43203,1.0565,-0.051083,-0.043367,-0.1595
0.20085,0.24639,0.42002,1.0982,-0.043529,-0.033733,-0.15116
0.17913,0.26184,0.40792,1.1447,-0.031964,-6.3381e-05,-0.15173
0.15691,0.2763,0.39667,1.1894,-0.018693,0.029691,-0.15104
0.13574,0.2885,0.387,1.227,-0.0058776,0.032906,-0.15016
0.11573,0.29845,0.37883,1.2576,0.0050566,0.009447,-0.14928
0.10161,0.30733,0.36548,1.2775,0.0031368,-0.03595,-0.13441
0.084679,0.31725,0.35195,1.3038,0.001143,-0.051088,-0.13564
0.064408,0.32866,0.3378,1.3383,-0.00052226,-0.026534,-0.13536
0.042315,0.34027,0.32372,1.3756,-0.0021736,0.015513,-0.13494
0.020673,0.35021,0.31086,1.408,-0.0043555,0.041083,-0.13411
0.0091987,0.35642,0.29465,1.4171,-0.013297,-0.0080519,-0.11968
-0.0039454,0.36252,0.27889,1.428,-0.020181,-0.048402,-0.12049
-0.020665,0.37015,0.26234,1.447,-0.023848,-0.049193,-0.12015
-0.040695,0.37911,0.24497,1.4732,-0.024272,-0.0128,-0.1199
-0.061889,0.38767,0.22785,1.4996,-0.022388,0.029767,-0.11922
-0.074767,0.3937,0.20719,1.5069,-0.018403,0.011364,-0.10606
-0.088115,0.39863,0.18758,1.512,-0.013331,-0.015532,-0.10653
-0.10324,0.40365,0.16808,1.5193,-0.0074349,-0.02879,-0.10588
-0.12064,0.40929,0.14823,1.5306,-0.0012689,-0.018915,-0.10546
-0.13959,0.41503,0.12832,1.5437,0.0042735,0.004555,-0.10493
-0.15374,0.42057,0.10457,1.546,0.0063842,0.0081426,-0.093288
-0.16823,0.42511,0.08183,1.5465,0.0073618,0.0040009,-0.093859
-0.18321,0.42889,0.059793,1.5457,0.007236,-0.0036596,-0.093244
-0.19901,0.43225,0.038083,1.5448,0.0062087,-0.0082623,-0.092809
-0.21578,0.43541,0.016443,1.5444,0.0045148,-0.006207,-0.092393
-0.2298,0.43879,-0.0069444,1.5377,0.0012171,-0.010686,-0.082695
-0.24506,0.44207,-0.030479,1.5322,-0.0016934,-0.0067201,-0.083323
-0.26123,0.44507,-0.054101,1.5268,-0.0040375,0.002114,-0.082892
-0.27773,0.44739,-0.077595,1.5199,-0.0057844,0.0086085,-0.082505
-0.29416,0.44877,-0.10084,1.5104,-0.0069299,0.007999,-0.082078
-0.30782,0.44718,-0.1232,1.4901,0.0021701,-0.020914,-0.072346
-0.32312,0.44645,-0.14656,1.4729,0.0079743,-0.031091,-0.063736
-0.34028,0.44709,-0.17098,1.4602,0.0052179,-0.015888,-0.055496
-0.35834,0.44823,-0.19596,1.4488,-0.0027438,0.01072,-0.04887
-0.37594,0.44844,-0.22091,1.434,-0.0079005,0.026947,-0.042281
-0.39019,0.44488,-0.2418,1.4021,-0.0027395,-0.015775,-0.036478
-0.40571,0.442,-0.26409,1.3727,0.0042002,-0.04252,-0.031597
-0.4236,0.44113,-0.28824,1.3498,0.0062675,-0.033158,-0.027635
-0.44301,0.4417,-0.3137,1.331,0.0017803,0.0019487,-0.024353
-0.46193,0.44185,-0.33934,1.3101,-0.0046463,0.03285,-0.021383
-0.47753,0.43609,-0.35848,1.2716,-0.0095412,-0.006274,-0.01775
-0.49365,0.43066,-0.37921,1.2337,-0.0051633,-0.036589,-0.013241
-0.51173,0.42717,-0.40223,1.2008,0.0036922,-0.034294,-0.011165
-0.53111,0.42553,-0.42684,1.1722,0.0078225,-0.0041108,-0.0095405
-0.54976,0.42406,-0.45153,1.1428,0.0032377,0.027242,-0.008394
-0.56597,0.41881,-0.46824,1.099,-0.017364,0.00065092,-0.0071361
-0.582,0.41335,-0.48653,1.0542,-0.019442,-0.023503,-0.0059522
-0.59915,0.40895,-0.50714,1.012,-0.0023974,-0.025731,-0.0050617
-0.61681,0.40588,-0.52911,0.97273,0.015108,-0.0064086,-0.0027127
-0.63318,0.4032,-0.55064,0.9335,0.015533,0.01675,-0.0021279
-0.6476,0.39705,-0.56348,0.88528,-0.02665,0.0012913,-0.0017923
-0.66157,0.3906,-0.57796,0.83552,-0.038721,-0.012728,-0.0015322
-0.6761,0.38453,-0.59487,0.78602,-0.011487,-0.013712,0.00022505
-0.69023,0.37915,-0.61262,0.73755,0.024302,-0.0025632,0.00034596
-0.70206,0.37411,-0.62884,0.68928,0.032361,0.0099309,-0.00035419
-0.71122,0.36762,-0.63444,0.63677,-0.037965,-0.0025414,0.0021803
-0.72009,0.36074,-0.64194,0.58312,-0.063715,-0.010173,0.0021871
-0.72978,0.35364,-0.6525,0.52877,-0.023691,-0.0067088,0.0019538
-0.73862,0.34652,-0.66365,0.47437,0.036014,0.0032486,0.001629
-0.74402,0.33935,-0.67188,0.42012,0.054383,0.0099374,0.00059081
-0.74942,0.33072,-0.6733,0.36586,0.046606,0.0023375,-0.0038285
-0.75258,0.3218,-0.67397,0.31128,0.03719,-0.0035108,-0.0049282
-0.75355,0.31258,-0.67374,0.25648,0.027097,-0.0076357,-0.0018431
-0.75237,0.303,-0.67249,0.20156,0.017156,-0.010106,0.0020326
-0.74908,0.29304,-0.67014,0.14666,0.008028,-0.011026,0.0028646
-0.74544,0.28192,-0.66182,0.090232,-0.013948,-0.014158,-0.00076553
-0.73984,0.27035,-0.65284,0.034307,-0.030866,-0.016202,-0.003441
-0.73237,0.2583,-0.64313,-0.021049,-0.042514,-0.017106,-0.0023744
-0.72308,0.24578,-0.63261,-0.075754,-0.049064,-0.016885,0.0011393
-0.71206,0.23275,-0.62124,-0.12971,-0.050991,-0.015601,0.0034286
-0.70141,0.21825,-0.60509,-0.18191,-0.054837,-0.012288,-0.0013474
-0.68913,0.20337,-0.58846,-0.23329,-0.054196,-0.0083058,-0.0038402
-0.6753,0.1881,-0.57129,-0.28375,-0.049898,-0.0037764,-0.0017849
-0.65998,0.17245,-0.55353,-0.33319,-0.042866,0.0011587,0.0022664
-0.64328,0.1564,-0.53515,-0.38151,-0.034033,0.0063474,0.0039971
-0.62737,0.13948,-0.51428,-0.42971,-0.034735,0.017459,-0.0045527
-0.61012,0.12221,-0.49293,-0.47642,-0.032623,0.027409,-0.0074794
-0.59163,0.10459,-0.47114,-0.52162,-0.028354,0.036235,-0.0023906
-0.57204,0.086672,-0.44895,-0.56531,-0.022605,0.04396,0.0048272
-0.55145,0.068482,-0.4264,-0.60746,-0.016027,0.050601,0.0067494
-0.53153,0.049344,-0.40172,-0.64631,-0.02353,0.058241,-0.0063333
-0.51081,0.030138,-0.37703,-0.68389,-0.027693,0.064839,-0.011469
-0.48942,0.010894,-0.3524,-0.72015,-0.028861,0.07039,-0.0042872
-0.46747,-0.008352,-0.32786,-0.75506,-0.027511,0.074892,0.0068494
-0.44508,-0.027559,-0.30345,-0.78861,-0.024201,0.07835,0.010429
-0.42367,-0.0473,-0.27803,-0.81816,-0.033607,0.08738,-0.0063906
-0.40197,-0.066802,-0.25301,-0.84669,-0.038684,0.094839,-0.014711
-0.38006,-0.08605,-0.22841,-0.87416,-0.039903,0.10072,-0.0070171
-0.35802,-0.10502,-0.20425,-0.90054,-0.037899,0.10503,0.007443
-0.33593,-0.1237,-0.18054,-0.92579,-0.033405,0.10779,0.013519
-0.31476,-0.14286,-0.15516,-0.9466,-0.044147,0.11746,-0.0060444
-0.29388,-0.16148,-0.13034,-0.96652,-0.053133,0.12557,-0.016784
-0.27334,-0.17956,-0.1061,-0.98553,-0.060477,0.13211,-0.0087742
-0.25317,-0.19712,-0.082423,-1.0036,-0.066295,0.13712,0.0081546
-0.23338,-0.21417,-0.059322,-1.0208,-0.070703,0.1406,0.016226
-0.2145,-0.23083,-0.036352,-1.0334,-0.087152,0.14817,-0.0042158
-0.196,-0.24689,-0.013992,-1.0455,-0.10103,0.15437,-0.017589
-0.17789,-0.26237,0.0077575,-1.057,-0.11248,0.15915,-0.011173
-0.16019,-0.27729,0.028901,-1.068,-0.12168,0.1625,0.0066967
-0.14293,-0.29166,0.049444,-1.0784,-0.12878,0.16441,0.01704
-0.12563,-0.30503,0.068215,-1.0846,-0.14166,0.16499,-0.0033058
-0.10879,-0.31786,0.086522,-1.0906,-0.15197,0.16488,-0.017549
-0.092418,-0.33016,0.10436,-1.0964,-0.15988,0.16401,-0.012047
-0.076523,-0.34194,0.12171,-1.1019,-0.16557,0.16232,0.0057407
-0.061112,-0.3532,0.13858,-1.107,-0.16923,0.15978,0.0168
-0.044759,-0.36372,0.15284,-1.1088,-0.17405,0.16085,-0.003814
-0.029017,-0.37366,0.16677,-1.1105,-0.17688,0.16117,-0.018021
-0.013872,-0.38306,0.18037,-1.112,-0.17791,0.16067,-0.012246
0.0006868,-0.39194,0.19364,-1.1132,-0.1773,0.15929,0.0057447
0.014674,-0.40029,0.20656,-1.114,-0.17524,0.157,0.016742
0.030048,-0.40729,0.21589,-1.1109,-0.17348,0.15226,-0.0061283
0.044734,-0.4138,0.22518,-1.108,-0.17042,0.14819,-0.020372
0.05875,-0.41985,0.2344,-1.105,-0.16621,0.14449,-0.012615
0.072113,-0.42544,0.2435,-1.102,-0.161,0.14096,0.0071811
0.084842,-0.43059,0.25246,-1.0988,-0.15493,0.13741,0.018014
0.099292,-0.43414,0.25746,-1.0921,-0.15107,0.13086,-0.0076169
0.11298,-0.43734,0.26265,-1.0857,-0.14627,0.12525,-0.02312
0.12592,-0.44019,0.26798,-1.0792,-0.14068,0.1203,-0.014012
0.13815,-0.44269,0.27338,-1.0727,-0.13441,0.1158,0.0081614
0.14969,-0.44485,0.27881,-1.0661,-0.12758,0.11158,0.01992
0.16516,-0.44897,0.28291,-1.0684,-0.084243,0.048119,-0.00171
0.17929,-0.45237,0.28644,-1.07,-0.03153,-0.0073758,-0.018351
0.19236,-0.45509,0.28968,-1.0708,0.021127,-0.056468,-0.016949
0.20462,-0.45716,0.29287,-1.0705,0.065248,-0.10049,-0.0016914
0.21629,-0.4586,0.2962,-1.0689,0.094575,-0.14054,0.012241
0.22152,-0.45014,0.29131,-1.0329,0.070609,-0.042804,0.0036495
0.22693,-0.44194,0.2876,-0.99862,0.037748,0.047963,-0.0069426
0.23231,-0.43403,0.28475,-0.96601,0.0021682,0.1328,-0.010065
0.23747,-0.42643,0.28244,-0.93501,-0.030143,0.21269,-0.0040378
0.251,-0.42808,0.28685,-0.9377,-0.057328,0.13437,0.0062551
0.26475,-0.42879,0.28978,-0.93836,-0.074724,0.052411,0.0069701
0.27707,-0.42887,0.29212,-0.93826,-0.078222,-0.019975,0.0018489
0.28806,-0.42843,0.2939,-0.93746,-0.068656,-0.084363,-0.0039917
0.29782,-0.42753,0.29521,-0.93596,-0.048866,-0.14214,-0.0056412
0.30652,-0.42622,0.29619,-0.93375,-0.023038,-0.19451,-0.0025005
0.3053,-0.41551,0.28984,-0.8956,-0.0012815,-0.090104,0.0053806
0.30418,-0.40521,0.28421,-0.85954,0.018608,0.0059513,0.0072698
0.30319,-0.39529,0.2793,-0.82524,0.033643,0.094801,0.0026598
0.30236,-0.38573,0.27505,-0.79244,0.041909,0.17747,-0.0034032
0.30167,-0.3765,0.27142,-0.76091,0.042763,0.2549,-0.0054397
0.30871,-0.3744,0.27536,-0.75459,0.0076231,0.19322,0.0066596
0.31495,-0.37177,0.27876,-0.74764,-0.025124,0.13984,0.011625
0.32033,-0.3687,0.28157,-0.74022,-0.050499,0.09354,0.0063246
0.32481,-0.36529,0.28374,-0.73245,-0.065193,0.053273,-0.0032222
0.32839,-0.36159,0.28529,-0.72438,-0.067933,0.018138,-0.0083664
0.32997,-0.35814,0.28633,-0.71534,-0.058602,-0.027238,0.0037215
0.32974,-0.35331,0.28623,-0.70177,-0.040314,-0.045097,0.01054
0.3271,-0.34655,0.28463,-0.68103,-0.016633,-0.024361,0.0069867
0.32325,-0.33886,0.2824,-0.65699,0.0077852,0.014616,-0.0021596
0.32013,-0.33189,0.28082,-0.63619,0.028357,0.039173,-0.0079978
0.3178,-0.32586,0.28125,-0.61672,0.027991,0.049582,0.0041393
0.31589,-0.32026,0.28189,-0.59986,0.027433,0.050697,0.011021
0.31437,-0.31506,0.28273,-0.58541,0.026695,0.042968,0.0062902
0.3131,-0.31015,0.28367,-0.57284,0.025827,0.028519,-0.0041984
0.31185,-0.30536,0.2846,-0.56138,0.024898,0.010593,-0.0094442
0.31064,-0.30021,0.28548,-0.54848,0.0036465,-0.016192,0.0061092
0.30896,-0.29478,0.28608,-0.53501,-0.015441,-0.036296,0.013821
0.30658,-0.28889,0.28625,-0.52014,-0.032481,-0.046638,0.0066702
0.30343,-0.28251,0.28597,-0.50352,-0.047623,-0.046232,-0.0067574
0.29955,-0.27571,0.28528,-0.48529,-0.061052,-0.036188,-0.012409
0.29512,-0.26759,0.28321,-0.4619,-0.085838,-0.013809,0.008367
0.29046,-0.25954,0.28114,-0.43897,-0.10808,0.010702,0.018532
0.28586,-0.2518,0.27925,-0.41748,-0.12813,0.03231,0.0090885
0.28155,-0.24457,0.27765,-0.39822,-0.14631,0.047021,-0.0084652
0.27766,-0.23795,0.27642,-0.38161,-0.16285,0.052551,-0.0157
0.27608,-0.23192,0.27459,-0.37017,-0.18111,0.026242,0.011542
0.27446,-0.2262,0.27299,-0.35997,-0.1976,-0.0011549,0.024571
0.27246,-0.22051,0.2714,-0.34974,-0.21237,-0.024456,0.011644
0.26982,-0.21465,0.26963,-0.33847,-0.22547,-0.03969,-0.01183
0.26639,-0.2085,0.26759,-0.32559,-0.23699,-0.044752,-0.021398
0.26249,-0.20152,0.26319,-0.30915,-0.24109,-0.040897,0.015779
0.2579,-0.19435,0.25876,-0.29163,-0.2445,-0.02787,0.033279
0.25281,-0.18717,0.25442,-0.27367,-0.24734,-0.0091683,0.015631
0.24749,-0.18016,0.25027,-0.25612,-0.24977,0.010972,-0.015911
0.2422,-0.17351,0.24647,-0.23979,-0.25193,0.028454,-0.028321
0.2387,-0.16796,0.24163,-0.22852,-0.24553,0.021124,0.021375
0.23522,-0.16271,0.23727,-0.21845,-0.23978,0.011903,0.044919
0.23165,-0.15766,0.23327,-0.20911,-0.23459,0.0025254,0.021341
0.22787,-0.15272,0.22951,-0.20001,-0.22988,-0.0053533,-0.021113
0.22378,-0.14782,0.22593,-0.19083,-0.22556,-0.010454,-0.038138
0.21505,-0.14175,0.21552,-0.17618,-0.10685,0.021833,-0.020797
0.2077,-0.13669,0.20672,-0.166,-0.00053396,0.035846,-0.0007389
0.20231,-0.13304,0.1998,-0.16222,0.094461,0.022187,0.01773
0.19801,-0.13018,0.19413,-0.16198,0.17954,-0.0066839,0.030841
0.19323,-0.12705,0.18867,-0.16011,0.25622,-0.027846,0.036167
0.18866,-0.11868,0.18395,-0.13841,0.13021,0.0039682,0.034825
0.1843,-0.11091,0.17984,-0.11885,0.0167,0.030193,0.026526
0.18142,-0.10461,0.17702,-0.10571,-0.086031,0.030955,0.013964
0.17992,-0.09969,0.17533,-0.098578,-0.17913,0.0082312,0.00020896
0.17839,-0.095297,0.17379,-0.093253,-0.25704,-0.0176,-0.011899
0.17093,-0.091325,0.1646,-0.084237,-0.13546,0.0078,-0.0019602
0.16399,-0.08775,0.15639,-0.077089,-0.026325,0.025644,0.0075249
0.15846,-0.085158,0.14961,-0.074651,0.071362,0.022181,0.014739
0.15404,-0.083339,0.14401,-0.075914,0.15885,0.0018259,0.018355
0.14956,-0.081536,0.13884,-0.07711,0.23753,-0.018051,0.017789
0.14606,-0.075419,0.13625,-0.062995,0.11363,-0.0015879,0.018243
0.14237,-0.069609,0.13381,-0.049638,0.0020721,0.014813,0.014907
0.13931,-0.064655,0.13195,-0.039776,-0.098706,0.01861,0.0090667
0.13702,-0.060616,0.13069,-0.033757,-0.18989,0.0082184,0.0022766
0.13393,-0.057581,0.12853,-0.030743,-0.22544,-0.0051292,-0.0035735
0.12662,-0.055686,0.12162,-0.027513,-0.10669,0.012122,0.0063411
0.12003,-0.054218,0.11555,-0.026513,-0.00018329,0.018914,0.014167
0.11447,-0.05337,0.11045,-0.028681,0.095251,0.010689,0.018484
0.10942,-0.052813,0.10598,-0.032335,0.1809,-0.0051259,0.018611
0.10448,-0.051741,0.10213,-0.034041,0.23499,-0.016674,0.014549
0.099886,-0.04685,0.10021,-0.021221,0.11117,0.0046093,0.012983
0.095534,-0.042425,0.09858,-0.010269,-0.000408,0.020303,0.0088659
0.092191,-0.038968,0.097671,-0.003699,-0.10128,0.018863,0.003536
0.089682,-0.036344,0.097318,-0.00088802,-0.19253,0.0032814,-0.0016995
0.086532,-0.034288,0.09625,0.00036276,-0.24591,-0.011762,-0.0055836
0.08115,-0.030476,0.09242,0.0076935,-0.26087,0.0038975,0.0023618
0.075727,-0.027235,0.088588,0.013302,-0.26154,0.016119,0.0074023
0.070875,-0.024909,0.085118,0.015326,-0.24948,0.015906,0.0049014
0.066534,-0.023392,0.081967,0.014157,-0.22657,0.0046528,-0.0018925
0.062106,-0.022235,0.078768,0.011976,-0.19484,-0.0080007,-0.0058632
0.055647,-0.02009,0.072747,0.01389,-0.13447,0.0045366,0.0036399
0.049423,-0.018353,0.067107,0.014575,-0.073598,0.01293,0.0086116
0.0439,-0.017213,0.062148,0.012859,-0.015433,0.011075,0.0045732
0.038965,-0.016522,0.057793,0.0093608,0.03743,0.0012348,-0.0035633
0.034107,-0.015899,0.053711,0.0059322,0.083036,-0.0085314,-0.0073424
0.028267,-0.01388,0.048238,0.0085831,0.10288,0.0026466,0.0053494
0.022792,-0.012061,0.043328,0.010532,0.11548,0.010619,0.011322
0.018059,-0.010659,0.039175,0.010566,0.12082,0.0096635,0.0053551
0.013947,-0.0095934,0.03566,0.0090412,0.11939,0.0013649,-0.0053974
0.0099617,-0.0085652,0.032442,0.0074708,0.11205,-0.0073295,-0.009724
0.0057384,-0.0065697,0.02919,0.011109,0.072982,0.0039023,0.0065826
0.0017362,-0.0047665,0.026213,0.013747,0.034042,0.010886,0.014648
-0.001761,-0.0033714,0.023641,0.014303,-0.0029394,0.0088637,0.007319
-0.0049533,-0.0022953,0.021305,0.013275,-0.036274,0.0004122,-0.0065142
-0.0083404,-0.0012569,0.018861,0.012166,-0.064532,-0.0072966,-0.012409
-0.013045,0.0007414,0.015074,0.015356,-0.089089,0.0080682,0.0084015
