0.23217
0.23217
0.23212
0.23203
0.23191
0.23176
0.23159
0.23146
0.23135
0.23126
0.2312
0.23116
0.23114
0.23114
0.23116
0.23119
0.23123
0.23129
0.23135
0.23143
0.23151
0.23159
0.23167
0.23176
0.23185
0.23194
0.23203
0.23212
0.2322
0.23229
0.23238
0.23247
0.23256
0.23265
0.23275
0.23285
0.23296
0.23307
0.23319
0.23331
0.23345
0.23359
0.23373
0.23389
0.23405
0.23423
0.23441
0.2346
0.23481
0.23502
0.23525
0.23549
0.23574
0.23601
0.23629
0.23659
0.2369
0.23723
0.23757
0.23793
0.2383
0.23869
0.23909
0.2395
0.23993
0.24037
0.24083
0.24131
0.2418
0.2423
0.24283
0.24337
0.24392
0.24449
0.24508
0.24568
0.2463
0.24694
0.24759
0.24826
0.24894
0.24964
0.25035
0.25107
0.25181
0.25256
0.25332
0.25409
0.25488
0.25568
0.25649
0.25731
0.25814
0.25898
0.25982
0.26067
0.26153
0.26239
0.26325
0.26411
0.26497
0.26582
0.26667
0.26751
0.26834
0.26916
0.26997
0.27076
0.27154
0.27231
0.27306
0.2738
0.27452
0.27522
0.27591
0.27657
0.27722
0.27784
0.27844
0.27902
0.27957
0.28009
0.28059
0.28106
0.28149
0.2819
0.28226
0.28259
0.28287
0.28312
0.28334
0.28351
0.28365
0.28375
0.28381
0.28382
0.2838
0.28374
0.28365
0.28353
0.28336
0.28317
0.28296
0.28272
0.28246
0.28219
0.2819
0.28161
0.28131
0.28102
0.28073
0.28046
0.28022
0.28001
0.27983
0.27968
0.27956
0.27945
0.27936
0.2793
0.27927
0.27928
0.27935
0.27946
0.27961
0.27979
0.27999
0.28022
0.2805
0.28081
0.28117
0.28154
0.28192
0.28232
0.28273
0.28316
0.28359
0.28402
0.28444
0.28484
0.28522
0.28557
0.2859
0.2862
0.28646
0.28667
0.28683
0.28694
0.287
0.287
0.28695
0.28683
0.28664
0.28639
0.28608
0.2857
0.28526
0.28474
0.28416
0.28352
0.28282
0.28205
0.28121
0.28032
0.27937
0.27837
0.27732
0.27621
0.27506
0.27386
0.27262
0.27135
0.27003
0.26869
0.26731
0.26591
0.26448
0.26304
0.26158
0.26011
0.25863
0.25715
0.25566
0.25419
0.25272
0.25125
0.24981
0.24838
0.24698
0.2456
0.24425
0.24294
0.24167
0.24044
0.23925
0.23811
0.23703
0.236
0.23502
0.23411
0.23326
0.23248
0.23176
0.23111
0.23054
0.23004
0.22963
0.2293
0.22905
0.22888
0.22879
0.22878
0.22885
0.229
0.22923
0.22955
0.22995
0.23043
0.23098
0.2316
0.2323
0.23307
0.2339
0.2348
0.23576
0.23678
0.23785
0.23897
0.24014
0.24135
0.2426
0.24388
0.2452
0.24654
0.2479
0.24929
0.25068
0.25208
0.25349
0.2549
0.25631
0.25771
0.2591
0.26047
0.26182
0.26315
0.26445
0.26572
0.26696
0.26816
0.26932
0.27043
0.2715
0.27252
0.27349
0.2744
0.27525
0.27605
0.27678
0.27746
0.27807
0.27862
0.2791
0.27952
0.27987
0.28016
0.28039
0.28055
0.28066
0.28071
0.2807
0.28064
0.28053
0.28038
0.28019
0.27996
0.2797
0.27941
0.2791
0.27878
0.27845
0.27811
0.27777
0.27744
0.27712
0.27682
0.27654
0.27628
0.27606
0.27587
0.27572
0.2756
0.27553
0.2755
0.27551
0.27557
0.27567
0.27582
0.27601
0.27624
0.27651
0.27681
0.27715
0.27752
0.27791
0.27833
0.27876
0.27921
0.27966
0.28013
0.28059
0.28105
0.28149
0.28193
0.28235
0.28274
0.28312
0.28346
0.28377
0.28405
0.28429
0.2845
0.28466
0.28478
0.28486
0.2849
0.28488
0.28483
0.28473
0.28458
0.28439
0.28416
0.28389
0.28357
0.28321
0.28281
0.28237
0.2819
0.28139
0.28084
0.28026
0.27965
0.27901
0.27835
0.27765
0.27693
0.27619
0.27543
0.27465
0.27385
0.27303
0.2722
0.27137
0.27052
0.26966
0.26879
0.26792
0.26704
0.26615
0.26526
0.26436
0.26347
0.26257
0.26168
0.26079
0.2599
0.25901
0.25814
0.25727
0.2564
0.25555
0.2547
0.25387
0.25304
0.25222
0.25141
0.25061
0.24983
0.24907
0.24832
0.24758
0.24685
0.24615
0.24545
0.24477
0.24411
0.24346
0.24282
0.24221
0.24161
0.24102
0.24045
0.23991
0.23938
0.23886
0.23836
0.23788
0.23742
0.23697
0.23654
0.23612
0.23573
0.23535
0.23498
0.23463
0.2343
0.23399
0.23368
0.2334
0.23312
0.23286
0.23262
0.2324
0.23219
0.232
0.23181
0.23164
0.23148
0.23133
0.23119
0.23105
0.23093
0.23082
0.23072
0.23063
0.23055
0.23048
0.23041
0.23034
0.23028
0.23022
0.23018
0.23014
0.2301
0.23007
0.23005
0.23003
0.23001
0.22999
0.22997
0.22996
0.22994
0.22994
0.22993
0.22993
0.22993
0.22994
0.22995
0.22996
0.22997
0.22999
0.23
0.23002
0.23004
0.23006
0.23008
0.2301
0.23012
0.23013
0.23015
