0,0,0,0,0,0,0
0.022985,-0.020513,-0.038666,-0.022735,0.035013,0.05809,-0.015839
0.045068,-0.037688,-0.073334,-0.041279,0.067321,0.10821,-0.030551
0.066265,-0.051913,-0.10442,-0.056109,0.097121,0.15154,-0.044163
0.086596,-0.063534,-0.13229,-0.067655,0.1246,0.18907,-0.056707
0.10609,-0.072861,-0.15728,-0.076298,0.14992,0.22167,-0.068221
0.12477,-0.08017,-0.17969,-0.08238,0.17325,0.25009,-0.078744
0.14268,-0.08571,-0.19978,-0.086206,0.19474,0.27495,-0.088319
0.15985,-0.089702,-0.21778,-0.088051,0.21452,0.29682,-0.096991
0.17631,-0.092345,-0.23391,-0.08816,0.23272,0.31615,-0.1048
0.1921,-0.093816,-0.24836,-0.08675,0.24946,0.33334,-0.1118
0.20725,-0.094275,-0.26129,-0.084019,0.26485,0.34874,-0.11803
0.22181,-0.093862,-0.27287,-0.080138,0.27899,0.36262,-0.12354
0.2358,-0.092703,-0.28321,-0.075264,0.29197,0.37525,-0.12837
0.24926,-0.09091,-0.29245,-0.069532,0.30388,0.38683,-0.13255
0.26222,-0.088582,-0.30069,-0.063065,0.31481,0.39754,-0.13614
0.27471,-0.085805,-0.30803,-0.055969,0.32482,0.40754,-0.13917
0.28676,-0.082657,-0.31456,-0.048336,0.33399,0.41694,-0.14167
0.29839,-0.079204,-0.32035,-0.040249,0.34238,0.42586,-0.14369
0.30964,-0.075504,-0.32548,-0.031777,0.35004,0.4344,-0.14525
0.32053,-0.071608,-0.33,-0.022983,0.35703,0.44263,-0.14638
0.33108,-0.06756,-0.33398,-0.013917,0.3634,0.45061,-0.14711
0.34132,-0.063396,-0.33747,-0.0046232,0.36919,0.45841,-0.14747
0.35125,-0.059148,-0.3405,0.0048608,0.37445,0.46607,-0.14749
0.36092,-0.054843,-0.34314,0.014505,0.37922,0.47363,-0.14719
0.37032,-0.050503,-0.3454,0.024285,0.38352,0.48112,-0.14658
0.37949,-0.046145,-0.34732,0.03418,0.38739,0.48858,-0.1457
0.38843,-0.041785,-0.34894,0.044176,0.39087,0.49602,-0.14455
0.39716,-0.037432,-0.35029,0.054262,0.39397,0.50346,-0.14315
0.40569,-0.033097,-0.35137,0.06443,0.39672,0.51093,-0.14153
0.41405,-0.028784,-0.35223,0.074676,0.39914,0.51844,-0.13969
0.42223,-0.024499,-0.35288,0.084998,0.40126,0.52599,-0.13764
0.43025,-0.020243,-0.35333,0.095396,0.40309,0.53361,-0.1354
0.43812,-0.016017,-0.35361,0.10587,0.40465,0.54129,-0.13299
0.44585,-0.011821,-0.35372,0.11643,0.40596,0.54906,-0.1304
0.45344,-0.0076528,-0.35369,0.12708,0.40702,0.55691,-0.12765
0.46092,-0.0035107,-0.35351,0.13782,0.40786,0.56485,-0.12474
0.46828,0.00060875,-0.35322,0.14866,0.40848,0.57289,-0.12169
0.47553,0.0047092,-0.35281,0.15962,0.40889,0.58104,-0.11849
0.48268,0.0087947,-0.35229,0.17069,0.40911,0.58929,-0.11516
0.48973,0.01287,-0.35167,0.18189,0.40914,0.59766,-0.1117
0.49669,0.016938,-0.35096,0.19323,0.40899,0.60615,-0.10812
0.50356,0.021006,-0.35016,0.20471,0.40866,0.61477,-0.10441
0.51035,0.025076,-0.34929,0.21635,0.40817,0.62351,-0.10059
0.51706,0.029154,-0.34834,0.22815,0.40752,0.63239,-0.096659
0.52369,0.033243,-0.34732,0.24012,0.40671,0.64141,-0.092614
0.53025,0.037348,-0.34623,0.25227,0.40575,0.65058,-0.088462
0.53675,0.041472,-0.34509,0.26461,0.40464,0.65991,-0.084205
0.54317,0.045618,-0.34389,0.27714,0.40339,0.66939,-0.079845
0.54953,0.049791,-0.34263,0.28987,0.402,0.67903,-0.075384
0.55582,0.053991,-0.34132,0.30281,0.40047,0.68885,-0.070824
0.56204,0.058222,-0.33997,0.31596,0.39881,0.69884,-0.066167
0.56821,0.062484,-0.33856,0.32933,0.39701,0.70902,-0.061414
0.57431,0.06678,-0.33712,0.34292,0.39509,0.71939,-0.056567
0.58034,0.071109,-0.33563,0.35673,0.39304,0.72997,-0.051626
0.58632,0.075472,-0.3341,0.37076,0.39086,0.74074,-0.046594
0.59223,0.079867,-0.33254,0.38502,0.38857,0.75173,-0.041471
0.59807,0.084295,-0.33093,0.39951,0.38615,0.76294,-0.036259
0.60384,0.088753,-0.3293,0.41423,0.38361,0.77439,-0.030958
0.60955,0.093238,-0.32763,0.42917,0.38095,0.78606,-0.025569
0.61518,0.09775,-0.32593,0.44433,0.37818,0.79799,-0.020094
0.62074,0.10228,-0.3242,0.45971,0.37529,0.81017,-0.014533
0.62623,0.10683,-0.32244,0.47531,0.37229,0.82261,-0.0088883
0.63163,0.1114,-0.32066,0.49112,0.36918,0.83531,-0.0031602
0.63695,0.11597,-0.31885,0.50713,0.36596,0.8483,0.00265
0.64218,0.12054,-0.31702,0.52334,0.36264,0.86158,0.0085412
0.64733,0.12511,-0.31517,0.53975,0.35921,0.87514,0.014512
0.65238,0.12967,-0.3133,0.55634,0.35567,0.88901,0.020561
0.65733,0.13422,-0.31142,0.57311,0.35204,0.90319,0.026687
0.66217,0.13873,-0.30952,0.59004,0.34831,0.91769,0.032889
0.66691,0.14321,-0.30761,0.60712,0.34448,0.93251,0.039165
0.67153,0.14765,-0.30569,0.62435,0.34056,0.94767,0.045512
0.67602,0.15203,-0.30376,0.64171,0.33655,0.96316,0.051931
0.6804,0.15634,-0.30183,0.65919,0.33245,0.979,0.058418
0.68463,0.16059,-0.29989,0.67678,0.32827,0.99519,0.064972
0.68873,0.16474,-0.29796,0.69445,0.32401,1.0117,0.071591
0.69268,0.1688,-0.29603,0.71221,0.31967,1.0287,0.078272
0.69648,0.17275,-0.29411,0.73002,0.31526,1.0459,0.085013
0.70012,0.17657,-0.29221,0.74788,0.31078,1.0636,0.091811
0.70358,0.18026,-0.29032,0.76577,0.30624,1.0816,0.098665
0.70687,0.1838,-0.28845,0.78368,0.30163,1.1,0.10557
0.70997,0.18717,-0.2866,0.80157,0.29697,1.1188,0.11253
0.71288,0.19036,-0.28478,0.81945,0.29226,1.1379,0.11953
0.71559,0.19336,-0.28299,0.83728,0.28751,1.1575,0.12657
0.71808,0.19615,-0.28124,0.85505,0.28271,1.1774,0.13366
0.72035,0.19871,-0.27954,0.87273,0.27788,1.1977,0.14078
0.72239,0.20103,-0.27788,0.89032,0.27302,1.2184,0.14793
0.72419,0.20309,-0.27628,0.90778,0.26814,1.2394,0.15512
0.72573,0.20487,-0.27474,0.9251,0.26324,1.2608,0.16232
0.72702,0.20635,-0.27326,0.94225,0.25833,1.2826,0.16955
0.72803,0.20753,-0.27185,0.95922,0.25341,1.3047,0.1768
0.72876,0.20837,-0.27052,0.97598,0.2485,1.3272,0.18406
0.7292,0.20886,-0.26928,0.9925,0.2436,1.35,0.19133
0.72933,0.20898,-0.26813,1.0088,0.23871,1.3731,0.1986
0.72914,0.20871,-0.26708,1.0248,0.23385,1.3966,0.20587
0.72863,0.20804,-0.26613,1.0405,0.22901,1.4203,0.21314
0.72777,0.20693,-0.2653,1.0558,0.22422,1.4443,0.22039
0.72656,0.20538,-0.26458,1.0708,0.21947,1.4686,0.22764
0.72498,0.20335,-0.264,1.0855,0.21477,1.4931,0.23486
0.72302,0.20083,-0.26356,1.0997,0.21013,1.5178,0.24206
0.72066,0.1978,-0.26327,1.1135,0.20555,1.5427,0.24923
0.7179,0.19424,-0.26313,1.1269,0.20106,1.5678,0.25636
0.71472,0.19012,-0.26315,1.1398,0.19664,1.593,0.26346
0.7111,0.18543,-0.26335,1.1522,0.19231,1.6183,0.27051
0.70704,0.18014,-0.26373,1.164,0.18808,1.6437,0.27752
0.7025,0.17423,-0.26431,1.1753,0.18395,1.6691,0.28447
0.69749,0.16767,-0.26509,1.1861,0.17993,1.6946,0.29137
0.69198,0.16046,-0.26609,1.1962,0.17603,1.72,0.29821
0.68596,0.15256,-0.26731,1.2056,0.17225,1.7453,0.30499
0.67941,0.14396,-0.26876,1.2144,0.1686,1.7705,0.3117
0.67231,0.13464,-0.27047,1.2225,0.16509,1.7956,0.31834
0.66466,0.12457,-0.27243,1.2298,0.16172,1.8205,0.3249
0.65642,0.11374,-0.27467,1.2364,0.15849,1.8451,0.33139
0.64758,0.10212,-0.27718,1.2423,0.15542,1.8694,0.33781
0.63813,0.089703,-0.27999,1.2472,0.15251,1.8934,0.34414
0.62805,0.076468,-0.28311,1.2514,0.14976,1.917,0.35039
0.61732,0.062399,-0.28655,1.2546,0.14717,1.9401,0.35657
0.60591,0.047481,-0.29033,1.257,0.14476,1.9627,0.36266
0.59382,0.0317,-0.29445,1.2584,0.14252,1.9848,0.36867
0.58102,0.015044,-0.29893,1.2588,0.14045,2.0063,0.3746
0.56749,-0.0024976,-0.30378,1.2582,0.13857,2.0271,0.38045
0.55321,-0.020933,-0.30902,1.2565,0.13686,2.0471,0.38622
0.53817,-0.040268,-0.31466,1.2538,0.13534,2.0664,0.39192
0.52234,-0.060509,-0.32072,1.2499,0.134,2.0849,0.39755
0.50571,-0.081655,-0.32721,1.2449,0.13284,2.1025,0.40312
0.48826,-0.10371,-0.33414,1.2387,0.13187,2.1191,0.40862
0.46997,-0.12666,-0.34153,1.2313,0.13108,2.1348,0.41406
0.45082,-0.1505,-0.34939,1.2226,0.13048,2.1494,0.41945
0.4308,-0.17522,-0.35774,1.2127,0.13005,2.1629,0.4248
0.4099,-0.20081,-0.36658,1.2014,0.1298,2.1753,0.4301
0.38809,-0.22725,-0.37594,1.1887,0.12973,2.1866,0.43538
0.36537,-0.2545,-0.38582,1.1746,0.12983,2.1966,0.44063
0.34173,-0.28255,-0.39624,1.159,0.1301,2.2054,0.44586
0.31716,-0.31135,-0.4072,1.142,0.13053,2.2129,0.45109
0.29165,-0.34087,-0.41872,1.1234,0.13112,2.2191,0.45632
0.2652,-0.37106,-0.4308,1.1033,0.13186,2.224,0.46155
0.23781,-0.40187,-0.44346,1.0816,0.13275,2.2276,0.46681
0.20949,-0.43323,-0.4567,1.0583,0.13378,2.2298,0.4721
0.18025,-0.46508,-0.47053,1.0333,0.13494,2.2307,0.47742
0.15009,-0.49735,-0.48494,1.0065,0.13622,2.2302,0.48279
0.11905,-0.52995,-0.49994,0.97809,0.13761,2.2283,0.48822
0.087136,-0.56281,-0.51553,0.94787,0.13911,2.2252,0.49371
0.054389,-0.59581,-0.5317,0.91585,0.1407,2.2207,0.49928
0.020847,-0.62886,-0.54844,0.88201,0.14238,2.2149,0.50492
-0.013446,-0.66186,-0.56575,0.84633,0.14412,2.2078,0.51066
-0.048434,-0.69467,-0.58361,0.80877,0.14593,2.1995,0.51648
-0.084056,-0.72719,-0.602,0.76934,0.14778,2.1901,0.5224
-0.12024,-0.75927,-0.6209,0.728,0.14967,2.1795,0.52843
-0.1569,-0.79079,-0.64027,0.68477,0.15159,2.1678,0.53456
-0.19395,-0.82161,-0.6601,0.63964,0.15351,2.1551,0.54079
-0.23129,-0.85158,-0.68033,0.5926,0.15543,2.1414,0.54712
-0.26882,-0.88057,-0.70093,0.54369,0.15733,2.1269,0.55355
-0.3064,-0.90844,-0.72184,0.49291,0.15921,2.1114,0.56008
-0.34391,-0.93503,-0.74301,0.44029,0.16105,2.0953,0.56669
-0.38122,-0.96022,-0.76438,0.38588,0.16284,2.0784,0.57338
-0.41818,-0.98387,-0.78589,0.32971,0.16457,2.0609,0.58013
-0.45464,-1.0059,-0.80744,0.27185,0.16624,2.0428,0.58694
-0.49045,-1.0261,-0.82898,0.21235,0.16783,2.0242,0.59378
-0.52545,-1.0444,-0.8504,0.1513,0.16935,2.0052,0.60064
-0.55947,-1.0607,-0.87162,0.088781,0.17078,1.9857,0.6075
-0.59235,-1.075,-0.89255,0.024886,0.17213,1.966,0.61433
-0.62394,-1.0872,-0.91308,-0.040277,0.17341,1.9459,0.62111
-0.65409,-1.0972,-0.93312,-0.10659,0.17461,1.9255,0.62782
-0.68264,-1.1051,-0.95256,-0.17393,0.17574,1.9049,0.63443
-0.70945,-1.1107,-0.97129,-0.24217,0.17682,1.8841,0.64091
-0.73441,-1.1142,-0.98923,-0.31117,0.17785,1.863,0.64724
-0.75739,-1.1156,-1.0063,-0.38076,0.17885,1.8416,0.6534
-0.7783,-1.1149,-1.0223,-0.45082,0.17984,1.8201,0.65935
-0.79705,-1.1122,-1.0373,-0.52117,0.18083,1.7982,0.66507
-0.81358,-1.1075,-1.0511,-0.59166,0.18186,1.776,0.67054
-0.82784,-1.1011,-1.0636,-0.66213,0.18295,1.7535,0.67574
-0.83982,-1.0929,-1.0749,-0.73241,0.18411,1.7306,0.68064
-0.84949,-1.0832,-1.0848,-0.80234,0.18539,1.7073,0.68523
-0.85688,-1.072,-1.0934,-0.87177,0.1868,1.6835,0.68949
-0.86201,-1.0596,-1.1005,-0.94054,0.18837,1.6592,0.69341
-0.86494,-1.0461,-1.1062,-1.0085,0.19015,1.6343,0.69698
-0.86573,-1.0315,-1.1105,-1.0755,0.19214,1.6088,0.70019
-0.86445,-1.0162,-1.1135,-1.1414,0.19439,1.5826,0.70303
-0.86121,-1.0001,-1.115,-1.2061,0.19691,1.5558,0.70551
-0.85611,-0.98355,-1.1152,-1.2694,0.19974,1.5282,0.70762
-0.84926,-0.96657,-1.1142,-1.3313,0.2029,1.4998,0.70937
-0.84078,-0.94932,-1.1119,-1.3916,0.2064,1.4707,0.71075
-0.8308,-0.93193,-1.1085,-1.4503,0.21028,1.4408,0.71178
-0.81944,-0.91451,-1.104,-1.5072,0.21454,1.41,0.71246
-0.80684,-0.89715,-1.0986,-1.5624,0.21921,1.3785,0.7128
-0.79313,-0.87994,-1.0922,-1.6156,0.22429,1.3462,0.71281
-0.77842,-0.86298,-1.0851,-1.6669,0.2298,1.3131,0.7125
-0.76285,-0.84632,-1.0773,-1.7163,0.23575,1.2793,0.71189
-0.74654,-0.83002,-1.0688,-1.7636,0.24213,1.2447,0.71099
-0.72959,-0.81414,-1.0599,-1.8089,0.24896,1.2096,0.7098
-0.71211,-0.79871,-1.0505,-1.8521,0.25624,1.1737,0.70836
-0.69421,-0.78377,-1.0409,-1.8932,0.26396,1.1374,0.70666
-0.67597,-0.76933,-1.031,-1.9322,0.27212,1.1005,0.70472
-0.65749,-0.75541,-1.0209,-1.9692,0.28073,1.0631,0.70256
-0.63882,-0.74202,-1.0108,-2.004,0.28977,1.0254,0.70019
-0.62005,-0.72915,-1.0007,-2.0368,0.29924,0.98734,0.69763
-0.60123,-0.71681,-0.99068,-2.0675,0.30913,0.94904,0.69488
-0.58241,-0.70498,-0.9808,-2.0961,0.31944,0.91055,0.69197
-0.56363,-0.69365,-0.97111,-2.1226,0.33015,0.87195,0.6889
-0.54494,-0.68281,-0.96168,-2.1471,0.34125,0.83331,0.68569
-0.52636,-0.67243,-0.95256,-2.1696,0.35274,0.79469,0.68234
-0.50792,-0.6625,-0.94378,-2.19,0.3646,0.75616,0.67887
-0.48963,-0.65298,-0.93539,-2.2085,0.37682,0.71779,0.6753
-0.4715,-0.64386,-0.92742,-2.225,0.38939,0.67966,0.67162
-0.45353,-0.63511,-0.9199,-2.2395,0.40231,0.64181,0.66785
-0.43573,-0.62671,-0.91284,-2.252,0.41556,0.60433,0.664
-0.41809,-0.61862,-0.90628,-2.2627,0.42913,0.56725,0.66008
-0.40059,-0.61082,-0.90023,-2.2713,0.44301,0.53066,0.65609
-0.38324,-0.60329,-0.8947,-2.2781,0.45719,0.4946,0.65204
-0.366,-0.59599,-0.88969,-2.2829,0.47166,0.45914,0.64794
-0.34886,-0.58891,-0.88522,-2.2858,0.48642,0.42432,0.64379
-0.33178,-0.58201,-0.88129,-2.2867,0.50144,0.39021,0.6396
-0.31475,-0.57528,-0.87789,-2.2857,0.51674,0.35684,0.63537
-0.29774,-0.56869,-0.87503,-2.2827,0.53229,0.32429,0.63111
-0.2807,-0.56222,-0.87269,-2.2778,0.54809,0.29259,0.62681
-0.2636,-0.55585,-0.87088,-2.2709,0.56413,0.2618,0.62249
-0.2464,-0.54957,-0.86957,-2.2619,0.58041,0.23198,0.61813
-0.22907,-0.54334,-0.86877,-2.2509,0.59692,0.20317,0.61375
-0.21155,-0.53717,-0.86845,-2.2378,0.61365,0.17542,0.60935
-0.19381,-0.53102,-0.8686,-2.2226,0.6306,0.14879,0.60492
-0.17579,-0.5249,-0.8692,-2.2052,0.64775,0.12334,0.60047
-0.15746,-0.51879,-0.87024,-2.1856,0.66511,0.099117,0.59599
-0.13876,-0.51268,-0.87169,-2.1638,0.68266,0.076187,0.59149
-0.11963,-0.50657,-0.87354,-2.1396,0.7004,0.05461,0.58696
-0.10003,-0.50044,-0.87575,-2.1131,0.71833,0.034448,0.5824
-0.079908,-0.4943,-0.8783,-2.0843,0.73643,0.015768,0.57781
-0.059208,-0.48815,-0.88117,-2.0529,0.75471,-0.0013621,0.57319
-0.037878,-0.48199,-0.88433,-2.019,0.77314,-0.01687,0.56854
-0.015866,-0.47582,-0.88775,-1.9825,0.79172,-0.030684,0.56385
0.0068784,-0.46966,-0.89139,-1.9434,0.81045,-0.042727,0.55913
0.030406,-0.46351,-0.89523,-1.9017,0.82931,-0.052922,0.55438
0.054765,-0.45739,-0.89923,-1.8571,0.8483,-0.06119,0.54959
0.08,-0.45131,-0.90335,-1.8098,0.86739,-0.067453,0.54477
0.10616,-0.44529,-0.90756,-1.7597,0.88658,-0.071633,0.53991
0.13327,-0.43935,-0.91183,-1.7067,0.90585,-0.073653,0.53502
0.16137,-0.43353,-0.9161,-1.6507,0.92519,-0.073439,0.5301
0.1905,-0.42785,-0.92034,-1.5919,0.94457,-0.070921,0.52515
0.22068,-0.42235,-0.92451,-1.5301,0.96397,-0.066038,0.52018
0.25192,-0.41705,-0.92856,-1.4654,0.98338,-0.058735,0.51519
0.28423,-0.41201,-0.93245,-1.3978,1.0028,-0.048966,0.51019
0.31762,-0.40726,-0.93613,-1.3272,1.0221,-0.036702,0.50518
0.35208,-0.40284,-0.93956,-1.2538,1.0413,-0.021925,0.50017
0.3876,-0.39881,-0.94268,-1.1775,1.0605,-0.0046372,0.49517
0.42415,-0.39521,-0.94546,-1.0985,1.0795,0.01514,0.4902
0.4617,-0.39209,-0.94784,-1.0168,1.0983,0.037364,0.48525
0.50022,-0.38952,-0.94978,-0.93247,1.1168,0.061963,0.48035
0.53964,-0.38753,-0.95122,-0.84567,1.1351,0.088844,0.4755
0.5799,-0.3862,-0.95212,-0.75651,1.1531,0.11788,0.47072
0.62094,-0.38557,-0.95243,-0.66511,1.1707,0.14891,0.46601
0.66267,-0.3857,-0.9521,-0.57164,1.1879,0.18176,0.4614
0.705,-0.38664,-0.9511,-0.47625,1.2046,0.2162,0.45689
0.74783,-0.38844,-0.94938,-0.37913,1.2208,0.25199,0.4525
0.79105,-0.39116,-0.94688,-0.28048,1.2363,0.28884,0.44824
0.83454,-0.39484,-0.94359,-0.1805,1.2513,0.32644,0.44411
0.87817,-0.39953,-0.93945,-0.079411,1.2655,0.36446,0.44014
0.92181,-0.40526,-0.93442,0.022542,1.2789,0.40254,0.43632
0.96531,-0.41207,-0.92849,0.12511,1.2915,0.44029,0.43267
1.0085,-0.41998,-0.9216,0.22803,1.3033,0.47734,0.42919
1.0513,-0.42902,-0.91374,0.33103,1.314,0.51326,0.42588
1.0935,-0.43921,-0.90487,0.43382,1.3237,0.54767,0.42275
1.1349,-0.45054,-0.89498,0.53609,1.3324,0.58016,0.4198
1.1753,-0.46302,-0.88405,0.63754,1.3399,0.61034,0.41702
1.2146,-0.47664,-0.87205,0.73786,1.3463,0.63783,0.4144
1.2527,-0.49137,-0.85899,0.83672,1.3514,0.6623,0.41195
1.2893,-0.5072,-0.84484,0.9338,1.3552,0.68342,0.40964
1.3243,-0.52408,-0.82963,1.0288,1.3578,0.70091,0.40748
1.3575,-0.54196,-0.81333,1.1213,1.359,0.71454,0.40544
1.3888,-0.56079,-0.79598,1.2112,1.3589,0.72412,0.40351
1.418,-0.5805,-0.77759,1.298,1.3575,0.72951,0.40168
1.4451,-0.60103,-0.75817,1.3816,1.3547,0.73062,0.39992
1.4698,-0.6223,-0.73777,1.4616,1.3506,0.72742,0.39823
1.4922,-0.64423,-0.71641,1.5378,1.3453,0.71991,0.39657
1.512,-0.66672,-0.69414,1.6101,1.3387,0.70818,0.39493
1.5294,-0.6897,-0.671,1.6782,1.3308,0.69233,0.3933
1.5441,-0.71307,-0.64704,1.7421,1.3219,0.67253,0.39166
1.5563,-0.73674,-0.62232,1.8016,1.3118,0.64897,0.38999
1.5658,-0.76063,-0.59689,1.8567,1.3008,0.62187,0.38827
1.5727,-0.78464,-0.57081,1.9074,1.2889,0.59151,0.3865
1.577,-0.8087,-0.54413,1.9535,1.2761,0.55815,0.38465
1.5788,-0.83273,-0.51692,1.9952,1.2626,0.52208,0.38273
1.5781,-0.85665,-0.48922,2.0326,1.2484,0.48362,0.38073
1.575,-0.8804,-0.46109,2.0656,1.2337,0.44306,0.37863
1.5695,-0.9039,-0.43259,2.0944,1.2185,0.40071,0.37643
1.5616,-0.9271,-0.40376,2.119,1.2029,0.35686,0.37415
1.5516,-0.94994,-0.37465,2.1397,1.187,0.31181,0.37176
1.5394,-0.97238,-0.3453,2.1565,1.171,0.26583,0.36928
1.5251,-0.99436,-0.31574,2.1697,1.1547,0.21918,0.36671
1.5089,-1.0158,-0.28602,2.1792,1.1384,0.1721,0.36405
1.4907,-1.0368,-0.25617,2.1853,1.1221,0.12482,0.3613
1.4707,-1.0572,-0.22621,2.1881,1.1058,0.077546,0.35848
1.4489,-1.0769,-0.19617,2.1878,1.0897,0.030463,0.35558
1.4254,-1.0961,-0.16608,2.1844,1.0737,-0.016262,0.35262
1.4003,-1.1145,-0.13597,2.1782,1.0578,-0.062481,0.34959
1.3736,-1.1323,-0.10585,2.1692,1.0422,-0.10806,0.3465
1.3454,-1.1493,-0.075747,2.1575,1.0269,-0.1529,0.34336
1.3158,-1.1656,-0.045686,2.1432,1.0118,-0.19689,0.34018
1.2847,-1.181,-0.01569,2.1265,0.997,-0.23996,0.33695
1.2523,-1.1956,0.014217,2.1075,0.9825,-0.28203,0.33368
1.2184,-1.2094,0.044008,2.0861,0.96831,-0.32307,0.33037
1.1833,-1.2222,0.073654,2.0625,0.95443,-0.36302,0.32703
1.1469,-1.2341,0.10312,2.0368,0.94086,-0.40187,0.32366
1.1092,-1.245,0.13238,2.0089,0.92759,-0.43959,0.32026
1.0703,-1.2548,0.16139,1.9791,0.91461,-0.47617,0.31684
1.0302,-1.2636,0.1901,1.9472,0.90191,-0.51163,0.31338
0.98878,-1.2712,0.21847,1.9133,0.88949,-0.54596,0.30991
0.94619,-1.2775,0.24645,1.8775,0.87732,-0.5792,0.3064
0.90241,-1.2826,0.27397,1.8399,0.86538,-0.61136,0.30288
0.85742,-1.2863,0.30096,1.8004,0.85366,-0.64248,0.29933
0.81124,-1.2886,0.32737,1.759,0.84213,-0.67261,0.29576
0.76387,-1.2894,0.35311,1.7159,0.83078,-0.7018,0.29216
0.71532,-1.2886,0.37809,1.671,0.81957,-0.73011,0.28854
0.66558,-1.2861,0.40224,1.6244,0.8085,-0.7576,0.28491
0.61465,-1.2818,0.42544,1.5761,0.79753,-0.78435,0.28125
0.56254,-1.2756,0.4476,1.5261,0.78664,-0.81045,0.27758
0.50926,-1.2675,0.46861,1.4745,0.77582,-0.83599,0.27388
0.4548,-1.2572,0.48836,1.4213,0.76503,-0.86106,0.27018
0.39919,-1.2448,0.50672,1.3666,0.75426,-0.88579,0.26645
0.34244,-1.2301,0.52358,1.3104,0.74348,-0.91029,0.26271
0.28456,-1.213,0.53881,1.2528,0.73269,-0.93469,0.25896
0.22559,-1.1934,0.55229,1.1938,0.72185,-0.95913,0.2552
0.16556,-1.1712,0.56389,1.1336,0.71096,-0.98376,0.25143
0.1045,-1.1463,0.57349,1.0722,0.7,-1.0087,0.24765
0.042489,-1.1186,0.58096,1.0097,0.68895,-1.0342,0.24387
-0.020422,-1.0881,0.5862,0.94631,0.67782,-1.0603,0.24007
-0.084146,-1.0547,0.5891,0.882,0.66658,-1.0872,0.23627
-0.14858,-1.0184,0.58955,0.81695,0.65524,-1.1151,0.23245
-0.21362,-0.97906,0.58749,0.7513,0.64378,-1.1441,0.22863
-0.27912,-0.9368,0.58284,0.68516,0.63221,-1.1744,0.2248
-0.34491,-0.89163,0.57555,0.6187,0.62053,-1.2061,0.22095
-0.41083,-0.8436,0.56559,0.55206,0.60875,-1.2393,0.21709
-0.47667,-0.79279,0.55296,0.4854,0.59686,-1.2741,0.21321
-0.54219,-0.73934,0.53766,0.41888,0.58487,-1.3106,0.20931
-0.60715,-0.68339,0.51973,0.35266,0.57279,-1.3486,0.20538
-0.67127,-0.62513,0.49923,0.28691,0.56064,-1.3883,0.20142
-0.73427,-0.56477,0.47626,0.22178,0.54842,-1.4296,0.19743
-0.79584,-0.50258,0.45093,0.15742,0.53615,-1.4722,0.1934
-0.85566,-0.43881,0.42336,0.094009,0.52385,-1.5161,0.18933
-0.91341,-0.37378,0.39372,0.031675,0.51153,-1.561,0.1852
-0.96878,-0.30781,0.36218,-0.029439,0.4992,-1.6065,0.18102
-1.0214,-0.24123,0.32895,-0.089205,0.4869,-1.6523,0.17678
-1.0711,-0.1744,0.29422,-0.1475,0.47463,-1.6981,0.17247
-1.1175,-0.10767,0.25824,-0.20423,0.46241,-1.7433,0.16809
-1.1603,-0.04142,0.22121,-0.2593,0.45028,-1.7875,0.16363
-1.1994,0.024007,0.18339,-0.31262,0.43824,-1.8301,0.15908
-1.2346,0.088254,0.14502,-0.36413,0.42633,-1.8707,0.15444
-1.2657,0.15098,0.10632,-0.41379,0.41457,-1.9088,0.14971
-1.2927,0.21187,0.06754,-0.46155,0.40299,-1.9438,0.14487
-1.3154,0.27061,0.028901,-0.50739,0.39161,-1.9752,0.13992
-1.3339,0.32692,-0.0093763,-0.5513,0.38046,-2.0027,0.13486
-1.3483,0.38056,-0.047087,-0.59328,0.36958,-2.0258,0.12968
-1.3586,0.4313,-0.084038,-0.63334,0.35899,-2.0442,0.12437
-1.365,0.47894,-0.12005,-0.67149,0.34873,-2.0577,0.11894
-1.3675,0.52333,-0.15497,-0.70777,0.33883,-2.066,0.11337
-1.3664,0.56434,-0.18866,-0.7422,0.32931,-2.0691,0.10767
-1.3619,0.60188,-0.22099,-0.77483,0.32022,-2.067,0.10183
-1.3542,0.6359,-0.25187,-0.80571,0.31157,-2.0596,0.095847
-1.3436,0.66637,-0.28121,-0.83486,0.30341,-2.047,0.089725
-1.3303,0.69331,-0.30896,-0.86235,0.29574,-2.0296,0.083465
-1.3145,0.71675,-0.33507,-0.88821,0.2886,-2.0074,0.077068
-1.2965,0.73677,-0.35954,-0.9125,0.28199,-1.9808,0.070539
-1.2766,0.75346,-0.38235,-0.93527,0.27595,-1.9501,0.063883
-1.255,0.76695,-0.40352,-0.95656,0.27046,-1.9157,0.05711
-1.2319,0.77737,-0.42309,-0.97641,0.26555,-1.8779,0.050228
-1.2076,0.78489,-0.44109,-0.99488,0.26122,-1.8371,0.04325
-1.1822,0.78967,-0.45758,-1.012,0.25745,-1.7937,0.036188
-1.1559,0.79189,-0.47262,-1.0278,0.25425,-1.7481,0.029057
-1.129,0.79174,-0.48628,-1.0424,0.2516,-1.7008,0.021873
-1.1015,0.7894,-0.49864,-1.0557,0.2495,-1.652,0.014655
-1.0738,0.78508,-0.50978,-1.0678,0.24792,-1.6021,0.0074196
-1.0457,0.77895,-0.51977,-1.0788,0.24685,-1.5515,0.00018613
-1.0176,0.7712,-0.5287,-1.0887,0.24626,-1.5004,-0.0070263
-0.98952,0.76201,-0.53664,-1.0975,0.24613,-1.4493,-0.014199
-0.96153,0.75155,-0.54368,-1.1052,0.24645,-1.3982,-0.021312
-0.93372,0.73997,-0.54988,-1.112,0.24718,-1.3474,-0.028347
-0.90617,0.72744,-0.55532,-1.1177,0.24829,-1.2972,-0.035287
-0.87894,0.71409,-0.56006,-1.1225,0.24976,-1.2477,-0.042115
-0.85208,0.70005,-0.56417,-1.1264,0.25157,-1.199,-0.048815
-0.82564,0.68545,-0.5677,-1.1294,0.25369,-1.1513,-0.055372
-0.79964,0.67038,-0.57071,-1.1315,0.25609,-1.1047,-0.061773
-0.77412,0.65496,-0.57324,-1.1327,0.25875,-1.0593,-0.068006
-0.7491,0.63928,-0.57534,-1.1331,0.26164,-1.0151,-0.07406
-0.72459,0.6234,-0.57705,-1.1328,0.26474,-0.97221,-0.079925
-0.70061,0.60741,-0.5784,-1.1317,0.26803,-0.93063,-0.085595
-0.67715,0.59136,-0.57942,-1.1298,0.27148,-0.89037,-0.091061
-0.65421,0.57532,-0.58016,-1.1272,0.27507,-0.85147,-0.09632
-0.63181,0.55932,-0.58062,-1.1239,0.27879,-0.81391,-0.10137
-0.60993,0.54342,-0.58084,-1.12,0.28261,-0.77768,-0.1062
-0.58857,0.52764,-0.58083,-1.1153,0.28652,-0.74278,-0.11081
-0.56772,0.51202,-0.58062,-1.1101,0.2905,-0.70917,-0.1152
-0.54737,0.49658,-0.58022,-1.1042,0.29453,-0.67683,-0.11937
-0.5275,0.48134,-0.57963,-1.0977,0.2986,-0.64572,-0.12333
-0.50812,0.46633,-0.57889,-1.0906,0.30269,-0.61583,-0.12707
-0.48921,0.45155,-0.57799,-1.083,0.30679,-0.58709,-0.13059
-0.47075,0.43701,-0.57694,-1.0748,0.3109,-0.55949,-0.1339
-0.45273,0.42273,-0.57576,-1.0661,0.31498,-0.53297,-0.137
-0.43514,0.4087,-0.57445,-1.0568,0.31905,-0.50751,-0.13989
-0.41797,0.39494,-0.57302,-1.0471,0.32307,-0.48305,-0.14258
-0.40121,0.38145,-0.57147,-1.0369,0.32705,-0.45956,-0.14507
-0.38484,0.36822,-0.56981,-1.0263,0.33098,-0.43699,-0.14736
-0.36885,0.35526,-0.56805,-1.0152,0.33484,-0.41532,-0.14947
-0.35324,0.34256,-0.56618,-1.0037,0.33863,-0.3945,-0.15138
-0.33798,0.33013,-0.56421,-0.99174,0.34234,-0.37449,-0.15312
-0.32308,0.31796,-0.56214,-0.97943,0.34597,-0.35527,-0.15468
-0.30852,0.30604,-0.55997,-0.96675,0.3495,-0.33679,-0.15606
-0.29429,0.29438,-0.55772,-0.95371,0.35293,-0.31902,-0.15728
-0.28038,0.28297,-0.55537,-0.94033,0.35626,-0.30193,-0.15834
-0.26679,0.2718,-0.55293,-0.92664,0.35948,-0.2855,-0.15923
-0.25351,0.26087,-0.5504,-0.91265,0.36258,-0.26969,-0.15998
-0.24053,0.25018,-0.54778,-0.89837,0.36556,-0.25447,-0.16057
-0.22785,0.23972,-0.54508,-0.88382,0.36842,-0.23983,-0.16103
-0.21545,0.22948,-0.54228,-0.86903,0.37114,-0.22573,-0.16134
-0.20334,0.21947,-0.53941,-0.854,0.37374,-0.21216,-0.16152
-0.19152,0.20967,-0.53644,-0.83877,0.3762,-0.19909,-0.16157
-0.17996,0.20009,-0.5334,-0.82333,0.37852,-0.18651,-0.16149
-0.16868,0.19071,-0.53026,-0.80772,0.38071,-0.17439,-0.16129
-0.15767,0.18153,-0.52705,-0.79196,0.38275,-0.16272,-0.16098
-0.14692,0.17256,-0.52375,-0.77604,0.38464,-0.15148,-0.16055
-0.13643,0.16378,-0.52037,-0.76001,0.38639,-0.14066,-0.16001
-0.1262,0.15519,-0.5169,-0.74387,0.38799,-0.13025,-0.15937
-0.11623,0.1468,-0.51336,-0.72764,0.38944,-0.12022,-0.15863
-0.10652,0.13858,-0.50973,-0.71133,0.39075,-0.11058,-0.1578
-0.097057,0.13055,-0.50603,-0.69497,0.3919,-0.1013,-0.15687
-0.087849,0.1227,-0.50224,-0.67858,0.3929,-0.092385,-0.15585
-0.078893,0.11503,-0.49838,-0.66216,0.39375,-0.083817,-0.15475
-0.070187,0.10753,-0.49444,-0.64573,0.39445,-0.075591,-0.15357
-0.06173,0.1002,-0.49042,-0.62932,0.395,-0.067698,-0.15231
-0.053523,0.093039,-0.48633,-0.61293,0.39541,-0.06013,-0.15098
-0.045564,0.086048,-0.48216,-0.59659,0.39566,-0.052882,-0.14958
-0.037853,0.079222,-0.47792,-0.58031,0.39577,-0.045947,-0.14812
-0.030389,0.072561,-0.47361,-0.5641,0.39573,-0.039319,-0.14659
-0.023171,0.066063,-0.46923,-0.54797,0.39555,-0.032994,-0.145
-0.016201,0.059726,-0.46479,-0.53195,0.39523,-0.026965,-0.14336
-0.009477,0.05355,-0.46027,-0.51605,0.39477,-0.021228,-0.14166
-0.0029989,0.047533,-0.4557,-0.50028,0.39418,-0.01578,-0.13992
0.0032335,0.041674,-0.45106,-0.48465,0.39345,-0.010615,-0.13813
0.0092207,0.035973,-0.44637,-0.46917,0.39259,-0.0057297,-0.1363
0.014963,0.030428,-0.44161,-0.45386,0.3916,-0.0011204,-0.13443
0.020461,0.02504,-0.43681,-0.43874,0.39048,0.0032169,-0.13252
0.025715,0.019807,-0.43195,-0.4238,0.38924,0.0072857,-0.13059
0.030725,0.014729,-0.42704,-0.40907,0.38789,0.01109,-0.12862
0.035493,0.0098048,-0.42208,-0.39454,0.38642,0.014633,-0.12662
0.040019,0.005035,-0.41708,-0.38024,0.38483,0.017918,-0.1246
0.044304,0.00041877,-0.41204,-0.36617,0.38314,0.02095,-0.12256
0.048349,-0.0040443,-0.40696,-0.35234,0.38135,0.023732,-0.1205
0.052155,-0.0083546,-0.40184,-0.33876,0.37945,0.026267,-0.11843
0.055723,-0.012513,-0.39669,-0.32544,0.37746,0.02856,-0.11634
0.059055,-0.016518,-0.39151,-0.31237,0.37538,0.030615,-0.11424
0.062152,-0.020373,-0.3863,-0.29958,0.37321,0.032436,-0.11214
0.065016,-0.024076,-0.38106,-0.28706,0.37095,0.034027,-0.11002
0.067647,-0.027629,-0.3758,-0.27483,0.36861,0.035392,-0.10791
0.070049,-0.031031,-0.37052,-0.26287,0.3662,0.036537,-0.10579
0.072223,-0.034284,-0.36523,-0.25121,0.36372,0.037466,-0.10368
0.074171,-0.037388,-0.35992,-0.23985,0.36116,0.038184,-0.10156
0.075895,-0.040344,-0.3546,-0.22878,0.35855,0.038695,-0.099454
0.077397,-0.043152,-0.34927,-0.21801,0.35587,0.039006,-0.097354
0.078681,-0.045813,-0.34394,-0.20755,0.35314,0.039121,-0.095261
0.079747,-0.048329,-0.3386,-0.19739,0.35036,0.039047,-0.09318
0.0806,-0.0507,-0.33326,-0.18753,0.34753,0.038788,-0.091111
0.081242,-0.052927,-0.32792,-0.17798,0.34465,0.038351,-0.089055
0.081675,-0.055011,-0.32259,-0.16874,0.34174,0.037742,-0.087015
0.081902,-0.056955,-0.31726,-0.15981,0.33879,0.036966,-0.084992
0.081927,-0.058758,-0.31194,-0.15118,0.3358,0.036031,-0.082987
0.081753,-0.060423,-0.30663,-0.14286,0.33279,0.034942,-0.081002
0.081382,-0.061951,-0.30133,-0.13485,0.32975,0.033706,-0.079037
0.080819,-0.063343,-0.29605,-0.12713,0.3267,0.03233,-0.077093
0.080065,-0.064603,-0.29078,-0.11972,0.32362,0.030821,-0.075173
0.079126,-0.06573,-0.28553,-0.1126,0.32053,0.029184,-0.073276
0.078003,-0.066728,-0.2803,-0.10578,0.31742,0.027427,-0.071404
0.076701,-0.067599,-0.27509,-0.099253,0.31431,0.025558,-0.069557
0.075224,-0.068344,-0.26991,-0.09301,0.31119,0.023582,-0.067737
0.073574,-0.068967,-0.26475,-0.08705,0.30807,0.021507,-0.065943
0.071755,-0.069469,-0.25961,-0.081369,0.30495,0.01934,-0.064177
0.069772,-0.069853,-0.2545,-0.075962,0.30184,0.017089,-0.062438
0.067628,-0.070122,-0.24942,-0.070823,0.29873,0.014759,-0.060729
0.065326,-0.070279,-0.24437,-0.065948,0.29562,0.012359,-0.059048
0.06287,-0.070326,-0.23935,-0.061331,0.29253,0.0098949,-0.057396
0.060265,-0.070267,-0.23436,-0.056966,0.28945,0.0073744,-0.055774
0.057513,-0.070105,-0.22941,-0.052846,0.28639,0.0048044,-0.054181
0.05462,-0.069842,-0.22448,-0.048965,0.28334,0.002192,-0.052619
0.051588,-0.069483,-0.21959,-0.045316,0.28032,-0.00045597,-0.051087
0.048422,-0.069031,-0.21473,-0.041893,0.27731,-0.0031324,-0.049585
0.045125,-0.06849,-0.20991,-0.038687,0.27434,-0.0058305,-0.048113
0.041701,-0.067862,-0.20512,-0.035692,0.27138,-0.0085434,-0.046672
0.038155,-0.067153,-0.20037,-0.032899,0.26846,-0.011264,-0.045261
0.03449,-0.066366,-0.19565,-0.030301,0.26556,-0.013986,-0.04388
0.03071,-0.065506,-0.19097,-0.02789,0.2627,-0.016703,-0.04253
0.02682,-0.064575,-0.18633,-0.025657,0.25986,-0.019407,-0.04121
0.022822,-0.06358,-0.18172,-0.023594,0.25707,-0.022093,-0.039919
0.018721,-0.062523,-0.17715,-0.021692,0.25431,-0.024754,-0.038659
0.014522,-0.061411,-0.17261,-0.019942,0.25159,-0.027384,-0.037428
0.010227,-0.060247,-0.16811,-0.018335,0.2489,-0.029976,-0.036227
0.0058415,-0.059036,-0.16365,-0.016862,0.24626,-0.032523,-0.035055
0.0013691,-0.057783,-0.15922,-0.015513,0.24366,-0.035021,-0.033912
-0.0031861,-0.056493,-0.15483,-0.014278,0.2411,-0.037462,-0.032797
-0.00782,-0.055172,-0.15048,-0.013149,0.23859,-0.039842,-0.031712
-0.012529,-0.053824,-0.14616,-0.012114,0.23613,-0.042152,-0.030655
-0.017308,-0.052456,-0.14188,-0.011165,0.23371,-0.044389,-0.029625
-0.022153,-0.051072,-0.13763,-0.010289,0.23134,-0.046546,-0.028624
-0.02706,-0.049678,-0.13342,-0.009478,0.22902,-0.048617,-0.02765
-0.032025,-0.048279,-0.12925,-0.0087202,0.22675,-0.050597,-0.026704
-0.037043,-0.046883,-0.12511,-0.008005,0.22454,-0.05248,-0.025785
