0.23217
0.23217
0.23212
0.23203
0.23191
0.23176
0.23159
0.23141
0.23121
0.231
0.23079
0.23057
0.23035
0.23013
0.22991
0.2297
0.22949
0.22929
0.22909
0.2289
0.22872
0.22855
0.22839
0.22824
0.2281
0.22796
0.22784
0.22773
0.22763
0.22755
0.22747
0.2274
0.22735
0.22731
0.22728
0.22726
0.22725
0.22726
0.22727
0.2273
0.22734
0.2274
0.22746
0.22754
0.22764
0.22774
0.22786
0.22799
0.22814
0.2283
0.22847
0.22866
0.22886
0.22908
0.22931
0.22956
0.22982
0.2301
0.23039
0.2307
0.23102
0.23136
0.23172
0.23209
0.23248
0.23289
0.23331
0.23375
0.2342
0.23467
0.23516
0.23566
0.23618
0.23671
0.23726
0.23783
0.23841
0.23901
0.23962
0.24024
0.24088
0.24154
0.24221
0.24289
0.24358
0.24428
0.245
0.24572
0.24646
0.24721
0.24796
0.24873
0.2495
0.25027
0.25106
0.25185
0.25264
0.25344
0.25424
0.25505
0.25585
0.25666
0.25746
0.25827
0.25907
0.25987
0.26067
0.26146
0.26224
0.26302
0.2638
0.26456
0.26532
0.26607
0.26681
0.26754
0.26826
0.26896
0.26966
0.27034
0.27101
0.27166
0.2723
0.27292
0.27353
0.27413
0.27471
0.27527
0.27582
0.27635
0.27687
0.27737
0.27786
0.27832
0.27878
0.27922
0.27964
0.28005
0.28045
0.28083
0.2812
0.28156
0.28191
0.28224
0.28257
0.28289
0.2832
0.2835
0.28379
0.28408
0.28436
0.28464
0.28492
0.28519
0.28545
0.28571
0.28597
0.28622
0.28647
0.2867
0.28692
0.28714
0.28733
0.28751
0.28766
0.28779
0.28789
0.28795
0.28797
0.28794
0.28786
0.28773
0.28754
0.28729
0.28697
0.28657
0.28611
0.28556
0.28494
0.28423
0.28345
0.28258
0.28163
0.28059
0.27947
0.27827
0.27699
0.27563
0.27419
0.27267
0.27107
0.2694
0.26766
0.26585
0.26397
0.26202
0.26001
0.25793
0.2558
0.2536
0.25135
0.24904
0.24668
0.24428
0.24182
0.23932
0.23678
0.2342
0.23158
0.22893
0.22625
0.22353
0.2208
0.21804
0.21526
0.21247
0.20966
0.20684
0.20402
0.2012
0.19838
0.19557
0.19277
0.18998
0.18721
0.18447
0.18175
0.17907
0.17642
0.17381
0.17125
0.16874
0.16629
0.1639
0.16158
0.15932
0.15714
0.15504
0.15302
0.1511
0.14926
0.14752
0.14589
0.14435
0.14293
0.14161
0.14042
0.13933
0.13837
0.13753
0.13682
0.13623
0.13577
0.13544
0.13524
0.13518
0.13524
0.13544
0.13577
0.13624
0.13684
0.13757
0.13843
0.13942
0.14053
0.14177
0.14314
0.14461
0.14621
0.14791
0.14971
0.15161
0.15359
0.15567
0.15782
0.16003
0.16231
0.16465
0.16702
0.16944
0.17188
0.17435
0.17682
0.1793
0.18178
0.18425
0.18669
0.18911
0.19149
0.19383
0.19613
0.19836
0.20053
0.20262
0.20464
0.20656
0.20839
0.21012
0.21174
0.21323
0.2146
0.21583
0.21691
0.21784
0.2186
0.21918
0.21958
0.21979
0.21979
0.21959
0.21917
0.21854
0.21768
0.21661
0.21532
0.21382
0.21212
0.21023
0.20818
0.20597
0.20363
0.20118
0.19864
0.19605
0.19342
0.19078
0.18816
0.18557
0.18304
0.1806
0.17825
0.17603
0.17393
0.17199
0.17021
0.16859
0.16716
0.16592
0.16486
0.16401
0.16334
0.16288
0.16261
0.16254
0.16265
0.16294
0.16342
0.16406
0.16487
0.16582
0.16693
0.16817
0.16953
0.17101
0.17259
0.17426
0.17602
0.17785
0.17974
0.18168
0.18366
0.18567
0.18769
0.18972
0.19175
0.19376
0.19576
0.19772
0.19965
0.20153
0.20336
0.20513
0.20684
0.20847
0.21004
0.21153
0.21294
0.21427
0.21552
0.21668
0.21776
0.21876
0.21968
0.22052
0.22128
0.22196
0.22256
0.2231
0.22356
0.22395
0.22428
0.22454
0.22475
0.2249
0.22499
0.22503
0.22503
0.22498
0.22489
0.22475
0.22458
0.22438
0.22415
0.22388
0.22359
0.22328
0.22294
0.22258
0.2222
0.22181
0.22141
0.22099
0.22056
0.22013
0.21968
0.21923
0.21878
0.21832
0.21786
0.2174
0.21695
0.21649
0.21604
0.21559
0.21514
0.2147
0.21427
0.21384
0.21342
0.21301
0.21261
0.21221
0.21183
0.21145
0.21109
0.21073
0.21039
0.21006
0.20974
0.20942
0.20913
0.20884
0.20856
0.2083
0.20804
0.2078
0.20757
0.20735
0.20714
0.20694
0.20676
0.20658
0.20642
0.20626
0.20611
0.20598
0.20585
0.20574
0.20563
0.20553
0.20544
0.20535
0.20528
0.20521
0.20515
0.2051
0.20505
0.20502
0.20498
0.20495
0.20493
0.20492
0.20491
0.2049
0.2049
0.2049
0.2049
0.20491
0.20493
0.20494
0.20496
0.20498
0.20501
0.20503
0.20506
0.20509
0.20512
0.20516
0.20519
0.20523
0.20526
0.2053
0.20534
0.20537
0.20541
0.20545
0.20549
0.20553
0.20557
0.20561
