0,0,0,0,-0,0,0
0,0,0,0,-0,0,0
0,0,0,0,0,0,0
0,0,0,0,0,0,0
0,0,0,0,0,0,0
0.083805,2.4565,0.59781,0.039046,-0.00062377,-0.060648,9.0515e-06
0.07424,2.4575,0.59083,0.03963,-0.0011775,-0.060129,1.7987e-05
0.065395,2.4589,0.58435,0.040165,-0.0016799,-0.059682,2.5697e-05
0.057222,2.4608,0.57832,0.040638,-0.0021387,-0.059296,3.2303e-05
-0.59169,3.0539,0.35673,-0.050638,-0.015328,-0.056319,-0.00022463
-0.5627,3.0651,0.37795,-0.054094,-0.014758,-0.055395,-0.00020196
-0.54145,3.076,0.39412,-0.057239,-0.014357,-0.054578,-0.00018287
-0.52696,3.0866,0.40589,-0.060159,-0.014102,-0.053847,-0.00016686
-0.51843,3.097,0.41379,-0.062923,-0.013971,-0.053186,-0.0001535
-0.70769,2.6616,0.31217,0.094348,-0.015199,-0.066523,-0.00016958
-0.70406,2.6575,0.3167,0.098472,-0.01513,-0.066963,-0.00017675
-0.70716,2.6545,0.31686,0.102,-0.01519,-0.067338,-0.00018363
-0.71629,2.6528,0.31313,0.10497,-0.015362,-0.067653,-0.00019022
-0.73085,2.6522,0.30588,0.10743,-0.015633,-0.067914,-0.00019655
-0.73072,2.779,0.28573,0.033983,-0.019732,-0.061184,-0.00027078
-0.76735,2.7864,0.26506,0.033107,-0.020343,-0.061062,-0.00027078
-0.80672,2.7941,0.24253,0.032036,-0.020999,-0.060924,-0.00027095
-0.84881,2.8021,0.21816,0.030785,-0.021699,-0.06077,-0.00027121
-0.89361,2.8103,0.19196,0.029366,-0.022439,-0.060601,-0.00027148
-0.66011,2.9019,0.33413,-0.0041861,-0.01424,-0.059808,-0.00018611
-0.71206,2.9101,0.30282,-0.0061611,-0.015233,-0.05943,-0.00018831
-0.76487,2.919,0.271,-0.0085437,-0.016211,-0.059016,-0.00018982
-0.81885,2.9285,0.23845,-0.011308,-0.017183,-0.058564,-0.00019065
-0.87428,2.9385,0.20502,-0.014432,-0.018156,-0.058072,-0.00019082
-0.054793,2.8741,0.70801,-0.011428,-0.0022981,-0.056089,-8.7066e-06
-0.044762,2.8838,0.71389,-0.012363,-0.0026084,-0.056081,-1.3439e-05
-0.03389,2.894,0.72057,-0.013564,-0.0028808,-0.056049,-1.8293e-05
-0.022236,2.9048,0.72799,-0.014993,-0.0031209,-0.055997,-2.3293e-05
-0.0098483,2.9162,0.73609,-0.01662,-0.0033335,-0.055927,-2.8457e-05
-0.049027,2.9021,0.70968,-0.010075,-0.0042133,-0.055137,-1.3442e-05
-0.036362,2.9134,0.71842,-0.011576,-0.0043761,-0.05508,-1.9094e-05
-0.023133,2.9251,0.72767,-0.013209,-0.004527,-0.055007,-2.4863e-05
-0.0093566,2.9372,0.7374,-0.014953,-0.0046682,-0.05492,-3.0781e-05
0.0049572,2.9497,0.74761,-0.016784,-0.0048016,-0.054824,-3.6879e-05
-0.039366,2.8932,0.71802,-0.0079678,-0.0039345,-0.054166,-1.9357e-05
-0.025768,2.9061,0.72803,-0.01005,-0.0040655,-0.054047,-2.6054e-05
-0.011719,2.9195,0.73844,-0.012159,-0.004196,-0.053925,-3.2901e-05
0.0027841,2.9331,0.74925,-0.014281,-0.0043267,-0.053801,-3.9937e-05
0.017745,2.9472,0.76045,-0.016401,-0.0044583,-0.053677,-4.7197e-05
-0.034456,2.8949,0.72154,-0.014224,-0.0040016,-0.052345,-2.4907e-05
-0.01981,2.9088,0.73274,-0.016253,-0.0041341,-0.052248,-3.294e-05
-0.0047421,2.9231,0.7443,-0.018244,-0.0042734,-0.052151,-4.1173e-05
0.010758,2.9378,0.75623,-0.020181,-0.0044194,-0.052055,-4.9649e-05
0.026701,2.9528,0.76853,-0.022053,-0.0045721,-0.051964,-5.8413e-05
-0.02948,2.9151,0.72447,-0.03612,-0.0045597,-0.048806,-3.9072e-05
-0.013003,2.929,0.73721,-0.037233,-0.0047178,-0.048837,-4.8981e-05
0.0039039,2.9432,0.7503,-0.038289,-0.0048886,-0.048857,-5.9131e-05
0.021256,2.9578,0.76377,-0.039272,-0.0050711,-0.048872,-6.9581e-05
0.039068,2.9728,0.77762,-0.040164,-0.0052648,-0.048885,-8.0386e-05
-0.027266,2.9268,0.72608,-0.05702,-0.0051498,-0.043923,-5.273e-05
-0.0090541,2.94,0.74023,-0.056618,-0.0053382,-0.044135,-6.4407e-05
0.0096117,2.9535,0.75475,-0.056176,-0.0055447,-0.044317,-7.6294e-05
0.028746,2.9674,0.76967,-0.055671,-0.0057678,-0.044477,-8.847e-05
0.048362,2.9816,0.78501,-0.05508,-0.0060064,-0.04462,-0.000101
-0.015434,2.9243,0.73316,-0.052621,-0.0042668,-0.045585,-3.218e-05
0.0065719,2.9361,0.75019,-0.050112,-0.0045381,-0.045933,-4.7183e-05
0.029316,2.9481,0.76778,-0.047341,-0.0048245,-0.046306,-6.2786e-05
0.052812,2.9604,0.78596,-0.044298,-0.0051248,-0.046707,-7.9041e-05
0.077074,2.9728,0.80476,-0.040977,-0.005438,-0.047139,-9.5997e-05
-0.0040227,2.9064,0.73985,-0.042599,-0.0043673,-0.044724,-3.9137e-05
0.020272,2.9169,0.7587,-0.037837,-0.0046732,-0.04534,-5.7325e-05
0.045328,2.9276,0.77815,-0.032671,-0.0049963,-0.045987,-7.6107e-05
0.071153,2.9383,0.79821,-0.027093,-0.0053351,-0.046669,-9.5551e-05
0.09775,2.9492,0.81892,-0.021097,-0.0056883,-0.047389,-0.00011572
0.0043446,2.8833,0.74404,-0.037214,-0.0043903,-0.042973,-4.174e-05
0.030947,2.8918,0.76474,-0.029601,-0.0047242,-0.043925,-6.2874e-05
0.058297,2.9003,0.78603,-0.021527,-0.0050771,-0.0449,-8.4568e-05
0.086395,2.9089,0.80795,-0.012976,-0.0054472,-0.045905,-0.00010691
0.11524,2.9175,0.83051,-0.0039354,-0.0058328,-0.046946,-0.00012999
0.0020747,2.8565,0.74221,-0.033228,-0.0043923,-0.041085,-4.4837e-05
0.029568,2.8628,0.76382,-0.022819,-0.0047525,-0.042358,-6.8398e-05
0.057688,2.8691,0.78597,-0.011951,-0.0051322,-0.043643,-9.2464e-05
0.086429,2.8754,0.80867,-0.00060343,-0.0055295,-0.04495,-0.00011714
0.11578,2.8818,0.83194,0.011241,-0.0059424,-0.046288,-0.00014252
-0.003635,2.8259,0.73614,-0.028559,-0.0046037,-0.038764,-5.4064e-05
0.023645,2.8298,0.75794,-0.015505,-0.0049913,-0.040348,-7.9687e-05
0.051381,2.8337,0.78018,-0.0019661,-0.0053997,-0.041936,-0.00010575
0.079566,2.8376,0.80287,0.012085,-0.0058263,-0.04354,-0.00013236
0.10818,2.8414,0.826,0.026671,-0.006269,-0.045172,-0.00015964
0.017609,2.7868,0.74498,-0.027067,-0.0041991,-0.035895,-5.7195e-05
0.044062,2.788,0.76645,-0.011478,-0.0046251,-0.03777,-8.4653e-05
0.07083,2.7892,0.78826,0.0045513,-0.0050701,-0.039634,-0.00011248
0.097896,2.7903,0.81043,0.021059,-0.0055315,-0.041502,-0.0001408
0.12524,2.7913,0.83294,0.038073,-0.006007,-0.043389,-0.00016973
0.0077723,2.7437,0.73331,-0.016454,-0.0044096,-0.033534,-6.0046e-05
0.032902,2.741,0.75396,0.0021735,-0.004859,-0.035713,-8.8646e-05
0.057821,2.7382,0.77457,0.021343,-0.0053309,-0.037882,-0.00011745
0.082519,2.735,0.79513,0.041097,-0.0058224,-0.04006,-0.00014659
0.10698,2.7317,0.81564,0.06147,-0.0063306,-0.042262,-0.00017615
-0.028664,2.6671,0.70229,0.0001662,-0.0049262,-0.031375,-6.3873e-05
-0.0050883,2.6607,0.72164,0.021246,-0.005383,-0.033802,-9.3248e-05
0.018083,2.654,0.74078,0.042818,-0.0058627,-0.036206,-0.00012269
0.040842,2.6471,0.75969,0.064926,-0.0063619,-0.038606,-0.00015231
0.063172,2.6398,0.77837,0.087606,-0.0068776,-0.04102,-0.00018222
-0.010712,2.598,0.70763,0.0069268,-0.0042949,-0.027862,-6.4343e-05
0.010202,2.5878,0.72469,0.030279,-0.0047888,-0.030528,-9.3799e-05
0.030561,2.5772,0.7414,0.054061,-0.0053014,-0.033154,-0.00012317
0.050354,2.5664,0.75775,0.078317,-0.0058295,-0.035762,-0.00015256
0.069564,2.5551,0.77372,0.10308,-0.0063701,-0.038372,-0.00018206
-0.021661,2.522,0.69058,0.021375,-0.0045558,-0.025148,-6.5906e-05
-0.003777,2.5076,0.70482,0.046839,-0.0050648,-0.027996,-9.4875e-05
0.013396,2.4928,0.71854,0.072648,-0.0055906,-0.030789,-0.00012356
0.029848,2.4777,0.73171,0.098845,-0.0061296,-0.03355,-0.00015207
0.045562,2.4621,0.7443,0.12546,-0.0066787,-0.036296,-0.00018047
-0.050841,2.4459,0.66148,0.028418,-0.0045947,-0.021611,-7.4603e-05
-0.03592,2.4274,0.67259,0.055582,-0.0051128,-0.02461,-0.00010222
-0.021822,2.4085,0.68301,0.082974,-0.0056445,-0.027532,-0.00012933
-0.00856,2.3891,0.69273,0.11064,-0.0061859,-0.030402,-0.00015602
0.0038537,2.3693,0.70172,0.1386,-0.0067338,-0.033238,-0.00018235
-0.066451,2.3725,0.63269,0.040484,-0.0058596,-0.018652,-9.9016e-05
-0.05502,2.3495,0.64005,0.068963,-0.0063769,-0.021721,-0.00012464
-0.044485,2.3262,0.64659,0.097513,-0.0069049,-0.024689,-0.00014956
-0.034854,2.3025,0.6523,0.12618,-0.0074393,-0.027582,-0.00017385
-0.026138,2.2783,0.65714,0.15498,-0.0079765,-0.03042,-0.00019756
-0.13636,2.3693,0.57654,0.0026507,-0.0040741,-0.01168,-1.8022e-05
-0.12642,2.3415,0.5811,0.032115,-0.0046458,-0.014851,-4.3749e-05
-0.11711,2.3138,0.58501,0.061219,-0.0052319,-0.017867,-6.8789e-05
-0.10844,2.2861,0.58822,0.090043,-0.0058279,-0.020759,-9.323e-05
-0.10042,2.2584,0.59071,0.11864,-0.00643,-0.023552,-0.00011713
-0.14541,2.3035,0.56064,0.0092332,-0.0034162,-0.0091242,-1.653e-05
-0.13813,2.273,0.56154,0.038147,-0.0040106,-0.012075,-3.9947e-05
-0.1315,2.2426,0.56175,0.066502,-0.0046107,-0.014858,-6.2579e-05
-0.12553,2.2123,0.56122,0.09436,-0.0052125,-0.017501,-8.4491e-05
-0.12024,2.182,0.55992,0.12176,-0.0058127,-0.020025,-0.00010571
-0.1538,2.2375,0.54489,0.022983,-0.0029646,-0.0072276,-1.418e-05
-0.14886,2.2044,0.54234,0.051361,-0.0035458,-0.010022,-3.4929e-05
-0.14458,2.1715,0.53906,0.079021,-0.004123,-0.012635,-5.475e-05
-0.14098,2.1388,0.53501,0.10601,-0.0046924,-0.015094,-7.369e-05
-0.1381,2.1061,0.53017,0.13236,-0.0052508,-0.017416,-9.1773e-05
-0.16605,2.1883,0.52808,0.021212,-0.0026134,-0.0037797,-8.2636e-06
-0.16411,2.1528,0.52164,0.048501,-0.0031609,-0.0063823,-2.5846e-05
-0.1629,2.1175,0.51443,0.074948,-0.0036948,-0.008798,-4.2324e-05
-0.16243,2.0824,0.50642,0.10059,-0.0042115,-0.011049,-5.7739e-05
-0.16275,2.0475,0.49757,0.12546,-0.0047078,-0.013153,-7.2111e-05
-0.14437,2.1599,0.54014,0.010127,-0.0017666,0.0011379,-2.4061e-05
-0.14671,2.1222,0.52899,0.035664,-0.002272,-0.0012499,-3.7077e-05
-0.14985,2.0847,0.51705,0.060355,-0.0027516,-0.0034679,-4.8769e-05
-0.15384,2.0473,0.50426,0.084222,-0.003202,-0.0055362,-5.9172e-05
-0.15872,2.0101,0.49061,0.10727,-0.0036204,-0.0074699,-6.8302e-05
-0.11368,2.1436,0.56462,0.012088,-0.00061743,0.0042472,-3.3997e-05
-0.12091,2.1043,0.54882,0.034759,-0.0010515,0.0022385,-4.1292e-05
-0.12901,2.0652,0.53225,0.056393,-0.0014467,0.00039753,-4.7101e-05
-0.13802,2.0265,0.51488,0.077003,-0.0018007,-0.0012923,-5.1442e-05
-0.14795,1.988,0.4967,0.096587,-0.0021118,-0.0028441,-5.4325e-05
-0.16271,2.1906,0.53748,-0.0051883,0.0004702,0.0092246,1.7468e-05
-0.16527,2.1512,0.52687,0.014372,0.0002612,0.0075105,9.0562e-06
-0.16814,2.112,0.51612,0.032665,9.7888e-05,0.005987,1.6364e-06
-0.17133,2.073,0.50525,0.049721,-1.8636e-05,0.0046337,-4.8536e-06
-0.17483,2.0341,0.49429,0.065559,-8.7604e-05,0.0034343,-1.046e-05
-0.13786,2.2297,0.55329,-0.010437,-0.00019078,0.011287,8.3609e-08
-0.14209,2.1925,0.54226,0.004054,-0.00018667,0.010101,-2.7992e-06
-0.14651,2.1556,0.53127,0.017216,-0.00012679,0.0090834,-4.6484e-06
-0.15112,2.1191,0.52035,0.029074,-1.1785e-05,0.0082185,-5.488e-06
-0.15591,2.083,0.50952,0.039646,0.00015727,0.0074924,-5.3288e-06
-0.11893,2.2764,0.56051,-0.013131,-0.00050194,0.012296,9.5269e-06
-0.12461,2.2445,0.54973,-0.0044911,-0.00025534,0.011676,1.3037e-05
-0.13037,2.2132,0.5391,0.0028194,4.677e-05,0.011195,1.7631e-05
-0.1362,2.1827,0.52864,0.0088182,0.0004017,0.010842,2.3323e-05
-0.14208,2.1529,0.51834,0.01352,0.00080644,0.010608,3.0136e-05
-0.086225,2.3379,0.57253,-0.02271,-0.00082876,0.014184,1.3296e-05
-0.09204,2.314,0.5629,-0.020373,-0.00034583,0.014127,2.3575e-05
-0.097814,2.2913,0.55344,-0.019382,0.00018329,0.014196,3.5123e-05
-0.10354,2.2698,0.54414,-0.019721,0.00075462,0.014386,4.7964e-05
-0.10922,2.2496,0.535,-0.02138,0.0013641,0.014689,6.2121e-05
-0.052886,2.3915,0.57882,-0.017858,-0.0018105,0.012687,1.1563e-05
-0.057921,2.3792,0.57056,-0.022897,-0.0011307,0.013352,2.9149e-05
-0.062881,2.3684,0.56237,-0.02916,-0.00041834,0.014106,4.8016e-05
-0.067778,2.3592,0.55422,-0.036662,0.00032204,0.014951,6.8184e-05
-0.072623,2.3516,0.54609,-0.045418,0.0010861,0.01589,8.9666e-05
-0.0089043,2.4464,0.58941,-0.025339,-0.0026785,0.012459,2.2973e-05
-0.012898,2.4475,0.58198,-0.03776,-0.001888,0.013783,4.7e-05
-0.016899,2.4503,0.57445,-0.051393,-0.0010818,0.015185,7.2246e-05
-0.020931,2.4548,0.5668,-0.066272,-0.00026387,0.016672,9.8715e-05
-0.025025,2.4613,0.559,-0.082427,0.00056232,0.018252,0.0001264
0.038362,2.4742,0.60311,0.011153,-0.0047928,0.0026638,-3.3553e-05
0.035587,2.4878,0.59608,-0.0089282,-0.0039524,0.0048695,-2.6951e-06
0.032486,2.503,0.58872,-0.029648,-0.0031026,0.0070423,2.912e-05
0.029034,2.5198,0.58099,-0.05113,-0.0022479,0.0092131,6.1935e-05
0.0252,2.5382,0.57288,-0.073469,-0.0013914,0.011407,9.5771e-05
0.086038,2.5279,0.62169,-0.012586,-0.0048443,0.003834,-2.4315e-05
0.082281,2.552,0.61343,-0.037942,-0.0039495,0.0063537,1.2588e-05
0.077982,2.5777,0.60474,-0.064234,-0.003053,0.0089156,5.0363e-05
0.073104,2.6051,0.59559,-0.091519,-0.0021579,0.011537,8.9025e-05
0.067609,2.6341,0.58595,-0.11984,-0.0012669,0.014232,0.00012857
0.079038,2.5572,0.6109,-0.013151,-0.0056948,0.00033866,-4.2614e-06
0.072971,2.5896,0.60085,-0.044621,-0.0047584,0.0034416,3.8883e-05
0.066084,2.6236,0.59026,-0.076938,-0.0038249,0.0065696,8.2549e-05
0.058355,2.6592,0.57911,-0.11016,-0.0028973,0.0097439,0.00012677
0.049755,2.6964,0.56741,-0.14434,-0.0019781,0.012982,0.00017155
0.04831,2.5804,0.58957,-0.013945,-0.0054826,-0.0036927,2.8535e-05
0.038814,2.6202,0.57743,-0.050948,-0.0045652,-4.9434e-05,7.5703e-05
0.028349,2.6615,0.56477,-0.088664,-0.0036534,0.0036005,0.00012298
0.016912,2.7043,0.55158,-0.12714,-0.0027503,0.0072791,0.00017043
0.0044951,2.7486,0.53788,-0.16642,-0.0018582,0.011003,0.00021808
0.044718,2.5975,0.59575,-0.018142,-0.005556,-0.0065186,3.5918e-05
0.030404,2.6434,0.58072,-0.059661,-0.0047058,-0.0024389,8.6225e-05
0.015012,2.6905,0.56523,-0.10176,-0.0038623,0.0016343,0.00013626
-0.001443,2.7391,0.54929,-0.14448,-0.003029,0.0057235,0.00018611
-0.018946,2.7889,0.53292,-0.18785,-0.0022087,0.0098463,0.00023582
0.055482,2.6274,0.615,-0.026979,-0.0057252,-0.0093695,3.3037e-05
0.035537,2.6782,0.59692,-0.071957,-0.0049953,-0.0049778,8.503e-05
0.014567,2.7301,0.57856,-0.11733,-0.0042729,-0.00060528,0.00013626
-0.0074091,2.7831,0.55992,-0.16312,-0.003562,0.0037679,0.00018684
-0.030372,2.8372,0.54101,-0.20934,-0.0028659,0.0081569,0.00023687
0.10427,2.6679,0.66618,-0.013229,-0.0052667,-0.017469,1.0987e-05
0.079097,2.7196,0.64587,-0.058987,-0.0046541,-0.012899,6.3866e-05
0.053152,2.772,0.62557,-0.10447,-0.0040422,-0.0084595,0.00011528
0.026423,2.825,0.60528,-0.1497,-0.0034376,-0.0041276,0.00016544
-0.0010856,2.8786,0.58497,-0.1947,-0.0028452,0.00011377,0.00021448
0.111,2.6894,0.69111,-0.0044554,-0.0043228,-0.022313,6.1654e-06
0.080917,2.7431,0.66888,-0.051689,-0.0038402,-0.017558,5.6266e-05
0.050339,2.7971,0.64692,-0.098431,-0.0033625,-0.012941,0.00010459
0.01926,2.8513,0.62521,-0.1447,-0.0028968,-0.0084393,0.00015134
-0.012303,2.9057,0.60374,-0.19051,-0.0024484,-0.0040382,0.00019668
0.097868,2.7814,0.70121,-0.044546,-0.0041675,-0.020877,7.0876e-06
0.06509,2.8364,0.67881,-0.091507,-0.0038208,-0.016283,5.262e-05
0.032173,2.8912,0.65692,-0.13774,-0.0034876,-0.01183,9.6258e-05
-0.00085152,2.9459,0.63554,-0.18324,-0.0031741,-0.0075047,0.00013817
-0.033931,3.0002,0.61468,-0.22797,-0.0028852,-0.0032946,0.00017846
0.068874,2.8358,0.70833,-0.043065,-0.0037522,-0.025467,2.4744e-06
0.035468,2.8921,0.68698,-0.090263,-0.003554,-0.020878,4.2924e-05
0.0025771,2.9479,0.66655,-0.13651,-0.0033695,-0.016453,8.1102e-05
-0.029746,3.0032,0.64702,-0.18179,-0.0032052,-0.012175,0.00011718
-0.061427,3.0577,0.62842,-0.22607,-0.0030666,-0.0080354,0.0001513
0.050091,2.9192,0.72096,-0.069494,-0.0042348,-0.024452,-2.9325e-05
0.019621,2.9743,0.70298,-0.11379,-0.0041243,-0.020242,4.849e-06
-0.0095915,3.0286,0.68631,-0.15692,-0.0040374,-0.016192,3.6617e-05
-0.037469,3.0819,0.67095,-0.19882,-0.0039793,-0.012295,6.6125e-05
-0.063915,3.134,0.65691,-0.23943,-0.0039543,-0.0085447,9.3482e-05
0.015982,2.9665,0.72749,-0.066207,-0.0046193,-0.027644,-6.008e-05
-0.0078647,3.0195,0.71514,-0.10623,-0.0046178,-0.023854,-3.3557e-05
-0.029519,3.0716,0.70456,-0.145,-0.0046385,-0.020202,-9.6061e-06
-0.048911,3.1225,0.69576,-0.18242,-0.0046864,-0.016689,1.1911e-05
-0.065954,3.1722,0.68874,-0.2184,-0.0047656,-0.013315,3.1103e-05
-0.5426,3.068,0.42142,-0.094125,0.0054357,-0.029324,0.00032485
-0.56956,3.1132,0.41073,-0.12669,0.0059413,-0.026331,0.00035675
-0.59295,3.1567,0.4023,-0.15745,0.0064153,-0.023537,0.00038571
-0.61285,3.1983,0.39609,-0.18631,0.0068539,-0.020935,0.00041187
-0.62931,3.238,0.39201,-0.21318,0.0072543,-0.018519,0.00043534
-0.59725,3.0702,0.41766,-0.098364,-6.9475e-05,-0.02924,0.0001967
-0.60594,3.1108,0.41763,-0.12242,-8.4071e-05,-0.027048,0.0002093
-0.61236,3.1494,0.41907,-0.14433,-0.00011711,-0.025076,0.00021994
-0.61655,3.1859,0.42194,-0.16404,-0.00016888,-0.023319,0.00022874
-0.61858,3.2202,0.42621,-0.18147,-0.0002396,-0.021774,0.00023581
-0.92251,3.1191,0.25075,-0.11444,0.00049555,-0.030543,0.00028121
-0.91934,3.154,0.25865,-0.12961,0.0003258,-0.029132,0.00028315
-0.91301,3.187,0.26844,-0.14238,0.00018516,-0.027947,0.00028419
-0.90382,3.2178,0.27996,-0.15273,6.7313e-05,-0.026985,0.00028434
-0.89202,3.2465,0.29307,-0.16061,-3.3441e-05,-0.026242,0.00028359
-1.0965,3.0644,0.16686,-0.093747,-0.0022586,-0.034343,0.00025305
-1.0793,3.0938,0.18293,-0.099078,-0.0023371,-0.033733,0.00025043
-1.0592,3.1213,0.20077,-0.10201,-0.0023792,-0.033353,0.00024713
-1.0366,3.147,0.22017,-0.1025,-0.0023928,-0.033202,0.00024311
-1.0119,3.1707,0.24092,-0.10053,-0.0023848,-0.033277,0.00023832
-1.1149,3.0467,0.15359,-0.10088,-0.017896,-0.032874,-0.00012101
-1.0814,3.0718,0.18029,-0.09718,-0.016919,-0.033012,-0.00010558
-1.0461,3.0951,0.20803,-0.091092,-0.01615,-0.033365,-9.6101e-05
-1.0093,3.1167,0.23666,-0.082613,-0.015556,-0.033931,-9.1746e-05
-0.9715,3.1364,0.26601,-0.071741,-0.015112,-0.03471,-9.1845e-05
-0.8261,2.9831,0.32613,-0.086667,-0.024715,-0.030502,-0.0003681
-0.7733,3.0035,0.36344,-0.073307,-0.025991,-0.031529,-0.00041421
-0.71782,3.0226,0.40265,-0.057774,-0.027606,-0.032718,-0.0004697
-0.66004,3.0402,0.44357,-0.040055,-0.02956,-0.034073,-0.00053454
-0.60029,3.0564,0.48602,-0.020144,-0.031856,-0.035597,-0.00060882
-0.028408,2.8394,0.79941,-0.010711,-0.00020412,-0.030289,-6.3482e-05
0.028479,2.8549,0.84203,0.011431,-0.001086,-0.031765,-0.00010158
0.086263,2.8684,0.88596,0.035729,-0.0019929,-0.033401,-0.00014165
0.14482,2.88,0.93107,0.062147,-0.0029249,-0.035193,-0.00018368
0.20401,2.8897,0.97725,0.09064,-0.0038818,-0.037138,-0.00022764
-0.014965,2.7729,0.7944,-0.0053054,-0.00098703,-0.028076,-8.8232e-05
0.035954,2.7782,0.83486,0.022707,-0.0018786,-0.030157,-0.00013088
0.087225,2.7816,0.87596,0.052675,-0.002808,-0.032361,-0.00017513
0.1387,2.7831,0.91759,0.084559,-0.003773,-0.034693,-0.00022097
0.19023,2.7827,0.95961,0.1183,-0.0047714,-0.037153,-0.00026838
-0.018998,2.6998,0.77913,-0.016361,0.0018191,-0.023807,-6.26e-06
0.023879,2.6924,0.81413,0.016683,0.00081218,-0.026392,-5.228e-05
0.066626,2.6834,0.84917,0.051329,-0.00023488,-0.029054,-9.9323e-05
0.10911,2.6726,0.88416,0.087528,-0.0013175,-0.031801,-0.00014737
0.15119,2.6603,0.91898,0.12522,-0.0024315,-0.034638,-0.00019638
-0.04655,2.6169,0.7452,-0.013892,0.0018947,-0.02406,-3.1869e-05
-0.011387,2.5992,0.77388,0.021555,0.00083708,-0.026744,-7.7587e-05
0.023285,2.58,0.80212,0.058368,-0.00025216,-0.029523,-0.00012397
0.057354,2.5594,0.82982,0.096461,-0.0013681,-0.032396,-0.00017096
0.090704,2.5374,0.8569,0.13574,-0.0025059,-0.035359,-0.0002185
-0.074514,2.5044,0.6998,-0.012624,0.0013013,-0.020778,-4.1247e-05
-0.048234,2.4775,0.72008,0.024504,0.00031739,-0.023741,-8.3158e-05
-0.022611,2.4495,0.73963,0.062628,-0.00070027,-0.026753,-0.00012542
0.0022873,2.4203,0.75838,0.10166,-0.0017448,-0.029818,-0.00016796
0.026396,2.3901,0.77628,0.1415,-0.0028099,-0.032936,-0.0002107
-0.088716,2.3913,0.66293,-0.018038,0.0018238,-0.016901,-2.1536e-05
-0.069433,2.3571,0.67553,0.019215,0.00089207,-0.019958,-5.9593e-05
-0.050779,2.3221,0.68733,0.057034,-6.1897e-05,-0.023013,-9.7559e-05
-0.032791,2.2862,0.69831,0.095346,-0.0010313,-0.026076,-0.00013539
-0.015505,2.2496,0.70842,0.13407,-0.0020101,-0.029149,-0.00017302
-0.078925,2.3391,0.6472,-0.036558,-0.00039828,-0.012269,-3.2471e-05
-0.067195,2.2985,0.65174,0.00053438,-0.0011897,-0.015408,-6.626e-05
-0.055912,2.2574,0.65567,0.037765,-0.0019839,-0.018502,-9.9703e-05
-0.045131,2.216,0.65895,0.075074,-0.0027769,-0.021562,-0.00013283
-0.034898,2.1742,0.66156,0.11239,-0.0035645,-0.024595,-0.00016564
-0.0738,2.2626,0.62561,-0.017065,0.0011899,-0.013749,1.7939e-05
-0.06626,2.2187,0.62476,0.017649,0.00047532,-0.016596,-1.2405e-05
-0.059208,2.1745,0.6233,0.052341,-0.00022114,-0.019431,-4.2183e-05
-0.052667,2.13,0.62122,0.086918,-0.00089592,-0.022253,-7.1419e-05
-0.046656,2.0854,0.61854,0.12129,-0.0015454,-0.02506,-0.00010012
-0.073127,2.2096,0.61148,-0.058434,0.0011526,-0.0021996,4.5176e-05
-0.0692,2.1623,0.60562,-0.025511,0.00055917,-0.0051845,1.891e-05
-0.065586,2.1152,0.5995,0.0066388,-4.9095e-06,-0.0079993,-6.4392e-06
-0.062308,2.0682,0.59309,0.038036,-0.000536,-0.010672,-3.0959e-05
-0.059383,2.0214,0.5864,0.068675,-0.0010306,-0.013224,-5.4714e-05
-0.074655,2.1481,0.58764,-0.0056138,0.0010781,-0.011345,6.6822e-05
-0.07293,2.101,0.57948,0.022087,0.00064477,-0.013495,4.4458e-05
-0.071581,2.054,0.57102,0.04919,0.00025668,-0.01561,2.2525e-05
-0.070589,2.007,0.56233,0.075594,-8.3569e-05,-0.017681,1.0053e-06
-0.069933,1.9601,0.55345,0.1012,-0.00037357,-0.019703,-2.0111e-05
-0.04367,2.1508,0.59695,-0.025828,0.00032884,-0.0052988,7.2176e-05
-0.043221,2.1037,0.58711,-0.0022368,9.4645e-05,-0.0072811,5.4553e-05
-0.042982,2.0568,0.5773,0.020493,-8.7425e-05,-0.0091791,3.7327e-05
-0.042924,2.0102,0.56755,0.042282,-0.00021555,-0.010991,2.0474e-05
-0.04302,1.9639,0.55792,0.063054,-0.00028832,-0.012716,3.9774e-06
-0.070888,2.1712,0.57114,-0.040521,8.5139e-05,-0.0013517,9.9629e-05
-0.072139,2.1264,0.56072,-0.022616,7.4332e-05,-0.0028362,8.6986e-05
-0.07347,2.0822,0.55053,-0.005857,0.00011519,-0.0042001,7.476e-05
-0.074854,2.0385,0.54061,0.0097093,0.0002081,-0.0054466,6.2963e-05
-0.076262,1.9956,0.531,0.024044,0.00035296,-0.0065776,5.1617e-05
-0.29932,2.1744,0.37634,0.061185,-0.006103,-0.021699,-7.1118e-07
-0.30911,2.1338,0.36061,0.074968,-0.0060007,-0.022923,-9.721e-07
-0.31826,2.094,0.34548,0.087438,-0.0058431,-0.024076,-7.8797e-07
-0.32677,2.0553,0.33099,0.098562,-0.005635,-0.02515,-1.8051e-07
-0.33464,2.0176,0.31716,0.10832,-0.0053812,-0.026139,8.2417e-07
-0.30119,2.2163,0.35851,0.059235,-0.0066256,-0.020227,9.3226e-06
-0.31019,2.1848,0.34413,0.066998,-0.0062697,-0.021317,1.4891e-05
-0.31848,2.1546,0.33044,0.073435,-0.0058756,-0.022304,2.0848e-05
-0.32601,2.1258,0.31749,0.07855,-0.0054467,-0.023188,2.7157e-05
-0.33274,2.0986,0.30531,0.08235,-0.0049864,-0.02397,3.3782e-05
-0.28469,2.2797,0.35688,0.030221,-0.0064501,-0.012124,4.5841e-05
-0.29136,2.2606,0.34509,0.031458,-0.0058729,-0.012911,5.6974e-05
-0.29713,2.2431,0.33408,0.031524,-0.0052795,-0.013576,6.8447e-05
-0.30194,2.2273,0.32388,0.030438,-0.004671,-0.014124,8.0213e-05
-0.30579,2.2132,0.3145,0.02822,-0.0040486,-0.014562,9.2231e-05
-0.24562,2.3318,0.37079,0.03378,-0.005693,-0.010191,4.2045e-05
-0.24906,2.3263,0.36192,0.028557,-0.0049395,-0.01047,5.911e-05
-0.25159,2.3224,0.3538,0.022294,-0.0041823,-0.010637,7.6392e-05
-0.25319,2.32,0.3464,0.015016,-0.0034216,-0.010698,9.3854e-05
-0.25389,2.3194,0.33973,0.0067485,-0.0026576,-0.010658,0.00011147
-0.27042,2.3647,0.33325,0.064494,-0.0075867,-0.015428,6.5001e-05
-0.27374,2.3699,0.32469,0.054673,-0.0068026,-0.015369,8.5426e-05
-0.27629,2.3765,0.31672,0.043888,-0.0060181,-0.015219,0.00010588
-0.27812,2.3847,0.30932,0.032169,-0.0052332,-0.01498,0.00012636
-0.27925,2.3943,0.30246,0.019545,-0.0044481,-0.014654,0.00014686
-0.20226,2.3988,0.38024,0.030932,-0.0055592,-0.0072786,7.5905e-05
-0.20279,2.4133,0.37388,0.016257,-0.0047378,-0.0067702,9.9247e-05
-0.20294,2.429,0.3679,0.00082592,-0.0039286,-0.0061626,0.00012273
-0.20273,2.4459,0.36228,-0.015338,-0.0031302,-0.0054604,0.00014633
-0.20218,2.4639,0.357,-0.032213,-0.0023412,-0.0046672,0.00017003
-0.00052608,2.44,0.56601,-0.038272,-0.0024998,0.0058267,4.4391e-06
-0.0018314,2.4628,0.55853,-0.056786,-0.0017071,0.0066764,3.2977e-05
-0.0036936,2.4864,0.55099,-0.075683,-0.00092986,0.0075998,6.1811e-05
-0.0061405,2.5109,0.54332,-0.094995,-0.00016768,0.008596,9.0899e-05
-0.0091979,2.5361,0.5355,-0.11475,0.00057986,0.0096639,0.00012021
-0.024052,2.4616,0.56112,-0.042657,-0.002004,0.0043902,2.9552e-05
-0.028956,2.4875,0.55258,-0.063038,-0.0012409,0.0056165,6.174e-05
-0.034519,2.514,0.54385,-0.083827,-0.00049181,0.0068973,9.4009e-05
-0.040758,2.5413,0.53491,-0.10502,0.00024248,0.0082327,0.00012635
-0.047691,2.5693,0.52574,-0.12659,0.00096129,0.0096225,0.00015875
-0.017094,2.501,0.57943,-0.035813,-0.0015264,0.0013112,2.9818e-05
-0.024776,2.5313,0.57,-0.05952,-0.00083236,0.0030944,6.48e-05
-0.033108,2.5622,0.56041,-0.083606,-0.00014672,0.0049201,9.9606e-05
-0.042103,2.5936,0.55064,-0.10804,0.00052791,0.0067894,0.00013427
-0.051778,2.6255,0.54066,-0.13279,0.0011893,0.0087033,0.00016883
-0.055082,2.5464,0.56895,-0.034139,-0.0014394,-0.0037786,3.2236e-05
-0.066305,2.5793,0.55838,-0.060609,-0.00078343,-0.0014699,6.9353e-05
-0.078096,2.6126,0.54769,-0.087547,-0.00013211,0.00088756,0.00010606
-0.090474,2.6466,0.53687,-0.11489,0.00051062,0.0032944,0.00014243
-0.10345,2.681,0.52589,-0.14257,0.0011415,0.0057511,0.00017855
-0.079182,2.6376,0.57345,-0.064959,-0.00034997,-0.0039839,6.4001e-05
-0.093814,2.6735,0.56146,-0.093259,0.0002555,-0.0014226,0.00010154
-0.10906,2.7098,0.54936,-0.12183,0.00085548,0.0011674,0.0001386
-0.12494,2.7463,0.53713,-0.15062,0.0014457,0.003789,0.00017529
-0.14143,2.7831,0.52476,-0.17956,0.0020226,0.0064444,0.00021166
-0.12201,2.6917,0.5654,-0.060473,0.00031697,-0.010586,0.00011932
-0.14006,2.7284,0.55212,-0.089439,0.00084151,-0.007873,0.00015792
-0.1586,2.7654,0.53883,-0.1188,0.0013664,-0.0051176,0.00019573
-0.17763,2.8027,0.5255,-0.14847,0.0018862,-0.0023202,0.00023289
-0.19716,2.8402,0.51214,-0.17835,0.0023965,0.00051905,0.0002695
-0.084074,2.682,0.59299,-0.0324,0.0013089,-0.017676,0.00010624
-0.10185,2.72,0.58003,-0.064022,0.0018981,-0.014325,0.00014726
-0.12018,2.758,0.56697,-0.09538,0.002462,-0.011077,0.00018673
-0.13903,2.7958,0.55382,-0.12647,0.0030003,-0.0079111,0.00022493
-0.15834,2.8334,0.54062,-0.15729,0.0035131,-0.0048091,0.00026208
-0.085421,2.7312,0.60833,-0.054571,0.0029076,-0.018119,0.00011678
-0.10524,2.7698,0.59499,-0.086881,0.0034702,-0.014614,0.00015644
-0.12553,2.808,0.58163,-0.11878,0.0040072,-0.01122,0.00019462
-0.14623,2.8459,0.56827,-0.15026,0.0045184,-0.007915,0.00023157
-0.16728,2.8835,0.55495,-0.18133,0.0050037,-0.004682,0.00026749
-0.076681,2.7324,0.63007,-0.034745,0.0040834,-0.025851,0.00014619
-0.097512,2.7707,0.61677,-0.06658,0.0045733,-0.022263,0.00018424
-0.1187,2.8086,0.60352,-0.097824,0.0050427,-0.018832,0.00022064
-0.14018,2.8459,0.59034,-0.12849,0.0054901,-0.01553,0.00025568
-0.16189,2.8826,0.57727,-0.15859,0.0059149,-0.012334,0.00028958
-0.091156,2.8599,0.63387,-0.088687,0.0022423,-0.022882,0.00014924
-0.11269,2.8989,0.62106,-0.11959,0.0026907,-0.019501,0.00018468
-0.13435,2.9373,0.60843,-0.14995,0.0031105,-0.016227,0.0002184
-0.15611,2.9751,0.59599,-0.17978,0.003502,-0.013039,0.00025069
-0.17789,3.0124,0.58377,-0.20907,0.0038659,-0.0099235,0.00028178
-0.072965,2.9084,0.66063,-0.0914,0.0020597,-0.026714,0.00015915
-0.09338,2.9472,0.64918,-0.12126,0.0024422,-0.023321,0.0001928
-0.11378,2.9853,0.63799,-0.15053,0.0027974,-0.020043,0.0002246
-0.13411,3.0228,0.62709,-0.17922,0.0031255,-0.016859,0.00025485
-0.15432,3.0596,0.61648,-0.20734,0.0034267,-0.013751,0.00028382
-0.12792,2.9369,0.64085,-0.096045,0.0026251,-0.030793,0.00015421
-0.14733,2.972,0.63105,-0.12285,0.0029783,-0.027658,0.00018505
-0.16662,3.0064,0.62151,-0.14905,0.0033033,-0.024643,0.00021411
-0.18573,3.0402,0.61227,-0.17464,0.0036001,-0.021736,0.0002417
-0.20464,3.0733,0.60332,-0.19958,0.0038685,-0.01892,0.00026804
-0.090522,2.8607,0.68033,-0.066749,0.009397,-0.036372,0.00030397
-0.10554,2.8934,0.67333,-0.091671,0.0095496,-0.033324,0.00032771
-0.12099,2.9263,0.66624,-0.11613,0.0097073,-0.030401,0.00035077
-0.13672,2.959,0.65916,-0.14009,0.0098657,-0.027583,0.00037326
-0.15258,2.9915,0.65216,-0.16352,0.010021,-0.024855,0.0003953
-0.10228,2.908,0.67937,-0.078829,0.0088289,-0.039761,0.00030029
-0.1153,2.9392,0.67426,-0.10149,0.0089493,-0.036965,0.00032111
-0.12852,2.9702,0.66917,-0.12365,0.0090713,-0.034286,0.00034117
-0.14181,3.0011,0.66416,-0.14529,0.0091913,-0.031707,0.00036061
-0.15509,3.0315,0.65929,-0.16639,0.0093062,-0.029212,0.00037954
-0.094448,2.927,0.69411,-0.093834,0.0095259,-0.040338,0.00032837
-0.10499,2.9565,0.69077,-0.11423,0.0095799,-0.037821,0.00034564
-0.11582,2.9858,0.68738,-0.13409,0.0096352,-0.035409,0.00036238
-0.12681,3.0147,0.68401,-0.15339,0.0096885,-0.033087,0.00037869
-0.13784,3.0432,0.68071,-0.17211,0.0097369,-0.030843,0.00039465
-0.092685,2.9194,0.70064,-0.076037,0.0074685,-0.047116,0.00028126
-0.1004,2.9471,0.69933,-0.094535,0.0074745,-0.044709,0.00029628
-0.10827,2.9746,0.69802,-0.11254,0.0074822,-0.042415,0.00031056
-0.1162,3.0019,0.69676,-0.13002,0.0074882,-0.040216,0.00032424
-0.12409,3.0288,0.6956,-0.14698,0.0074895,-0.038099,0.00033742
-0.12668,2.941,0.68471,-0.087249,0.0068979,-0.048919,0.00030232
-0.13197,2.9666,0.68514,-0.10335,0.0068787,-0.046812,0.00031396
-0.13737,2.9919,0.68556,-0.11899,0.006859,-0.044795,0.00032503
-0.14276,3.0169,0.68603,-0.13416,0.0068359,-0.042854,0.00033563
-0.14808,3.0415,0.68659,-0.14884,0.0068072,-0.040979,0.00034587
-0.098042,2.9409,0.70879,-0.0897,0.0086144,-0.049823,0.00033845
-0.10147,2.9645,0.71027,-0.10356,0.0085266,-0.047981,0.00034702
-0.1049,2.9878,0.71181,-0.11703,0.0084417,-0.04621,0.00035527
-0.10826,3.0109,0.71345,-0.13007,0.0083568,-0.044498,0.00036327
-0.1115,3.0336,0.71521,-0.14269,0.0082695,-0.042839,0.00037107
-0.093072,3.0368,0.71336,-0.13956,0.0038793,-0.043113,0.00012956
-0.094401,3.0586,0.71646,-0.15132,0.0039107,-0.041494,0.00013882
-0.095562,3.0801,0.7197,-0.1628,0.0039201,-0.03989,0.00014768
-0.096526,3.1015,0.7231,-0.17399,0.0039072,-0.038292,0.00015621
-0.097269,3.1225,0.72668,-0.18492,0.0038722,-0.036692,0.00016449
-0.091035,2.9879,0.71836,-0.10723,0.0053219,-0.049248,0.00017838
-0.090194,3.007,0.72255,-0.11734,0.0052059,-0.047583,0.00018513
-0.089337,3.026,0.7268,-0.12718,0.0050844,-0.04597,0.00019155
-0.088423,3.0449,0.73114,-0.13678,0.0049555,-0.044393,0.00019772
-0.087418,3.0637,0.73557,-0.14615,0.0048175,-0.042839,0.00020372
-0.099456,2.9919,0.71431,-0.11327,0.0047607,-0.049652,0.00015275
-0.097434,3.0089,0.71915,-0.12166,0.0046051,-0.048154,0.00015803
-0.095396,3.0258,0.72402,-0.12983,0.004444,-0.046693,0.00016307
-0.093309,3.0427,0.72895,-0.13782,0.0042756,-0.045254,0.00016795
-0.091143,3.0594,0.73395,-0.14561,0.0040985,-0.043827,0.00017274
-0.077186,3.0434,0.7298,-0.14747,0.0039568,-0.04683,0.00015717
-0.074417,3.0586,0.73502,-0.1545,0.0037779,-0.045468,0.00016222
-0.071676,3.0736,0.74023,-0.16128,0.0035886,-0.044141,0.00016705
-0.068937,3.0884,0.74543,-0.16783,0.0033881,-0.042838,0.00017172
-0.066177,3.103,0.75065,-0.17416,0.0031754,-0.04155,0.00017629
-0.090125,3.011,0.72023,-0.13022,0.0046558,-0.051948,0.00018628
-0.086642,3.0238,0.72561,-0.13605,0.0043954,-0.050617,0.00018981
-0.083266,3.0367,0.73091,-0.1417,0.0041371,-0.049339,0.00019317
-0.079967,3.0494,0.73617,-0.14716,0.0038786,-0.048101,0.00019644
-0.076725,3.062,0.74138,-0.15246,0.0036181,-0.046891,0.00019968
-0.083529,2.9776,0.72172,-0.11867,0.004485,-0.053855,0.00018447
-0.079751,2.9883,0.72692,-0.12315,0.0042194,-0.052711,0.0001874
-0.076135,2.9989,0.73201,-0.12746,0.0039597,-0.051615,0.00019033
-0.072654,3.0095,0.73701,-0.13162,0.0037037,-0.050555,0.00019332
-0.069284,3.0199,0.74193,-0.13563,0.0034494,-0.049521,0.0001964
-0.10987,2.9899,0.69754,-0.13035,-0.0026106,-0.058081,5.5872e-05
-0.10636,2.9986,0.70236,-0.13407,-0.0028674,-0.057143,5.9498e-05
-0.103,3.0073,0.70702,-0.13767,-0.0031255,-0.056234,6.2623e-05
-0.099797,3.016,0.71155,-0.14117,-0.0033855,-0.055348,6.5358e-05
-0.096714,3.0246,0.71596,-0.14456,-0.003648,-0.054479,6.7797e-05
-0.08716,3.039,0.70915,-0.16001,-0.0027057,-0.055894,1.4324e-05
-0.084636,3.0469,0.71299,-0.16318,-0.0029674,-0.055089,1.6049e-05
-0.082207,3.0547,0.71673,-0.16623,-0.0032293,-0.054308,1.7593e-05
-0.079867,3.0622,0.72034,-0.16915,-0.003492,-0.053546,1.9016e-05
-0.077611,3.0696,0.72385,-0.17195,-0.0037562,-0.052799,2.0371e-05
-0.13712,2.9657,0.67627,-0.12054,-0.0039927,-0.062751,-3.1989e-06
-0.13463,2.9714,0.67969,-0.123,-0.0041918,-0.061997,-5.0442e-07
-0.13236,2.977,0.68291,-0.12542,-0.0043905,-0.061273,1.7832e-06
-0.13028,2.9826,0.68595,-0.12779,-0.0045892,-0.060571,3.7618e-06
-0.12838,2.9881,0.68882,-0.1301,-0.0047883,-0.059888,5.5144e-06
-0.088201,3.0032,0.70487,-0.14519,-0.0026939,-0.060073,1.7174e-05
-0.08713,3.0082,0.70697,-0.14739,-0.0028992,-0.059444,1.828e-05
-0.086164,3.0131,0.70895,-0.1495,-0.0031045,-0.058835,1.9212e-05
-0.085298,3.0177,0.7108,-0.15151,-0.0033101,-0.058244,2.0022e-05
-0.084529,3.0221,0.71253,-0.15343,-0.0035164,-0.057667,2.0754e-05
-0.1497,2.9845,0.66958,-0.13755,-0.0023499,-0.061675,3.7038e-05
