0,0,0,0,0,0,0
0.022985,-0.020513,-0.038666,-0.022735,0.035013,0.05809,-0.015839
0.045068,-0.037688,-0.073334,-0.041279,0.067321,0.10821,-0.030551
0.066265,-0.051913,-0.10442,-0.056109,0.097121,0.15154,-0.044163
0.086596,-0.063534,-0.13229,-0.067655,0.1246,0.18907,-0.056707
0.10609,-0.072861,-0.15728,-0.076298,0.14992,0.22167,-0.068221
0.1085,-0.05976,-0.14185,-0.060131,0.14221,0.18946,-0.06463
0.11092,-0.048055,-0.12775,-0.045677,0.13479,0.1628,-0.060747
0.11336,-0.03763,-0.11483,-0.032776,0.12769,0.14082,-0.056678
0.11585,-0.028369,-0.10297,-0.021275,0.12093,0.12276,-0.05251
0.11305,-0.016251,-0.086661,-0.0077612,0.10299,0.10731,-0.048515
0.11075,-0.0056907,-0.070795,0.0041516,0.086433,0.095172,-0.044234
0.10889,0.0034795,-0.055475,0.014647,0.071128,0.085788,-0.039764
0.10742,0.011413,-0.040773,0.023891,0.056958,0.0787,-0.035186
0.1063,0.01825,-0.026739,0.032039,0.04382,0.07352,-0.030565
0.10538,0.022076,-0.015126,0.038786,0.032345,0.062381,-0.027302
0.10488,0.02535,-0.0040012,0.044619,0.021786,0.052836,-0.024448
0.10475,0.028146,0.0065762,0.049668,0.012055,0.044655,-0.021942
0.10495,0.030531,0.016568,0.054054,0.0030744,0.037637,-0.019733
0.10546,0.032566,0.025951,0.057884,-0.0052234,0.031603,-0.017779
0.10672,0.034552,0.033855,0.060491,-0.014366,0.029218,-0.015797
0.10818,0.036266,0.041139,0.062903,-0.022819,0.027186,-0.013874
0.10985,0.037758,0.047822,0.065179,-0.030636,0.025445,-0.012014
0.11172,0.039075,0.053923,0.067374,-0.037866,0.023942,-0.010218
0.11378,0.040256,0.059463,0.069539,-0.044552,0.022629,-0.0084855
0.11618,0.041696,0.067061,0.07145,-0.047641,0.019298,-0.0077743
0.11863,0.043,0.073725,0.073444,-0.050675,0.016514,-0.0069589
0.12116,0.044207,0.079555,0.075554,-0.053631,0.01421,-0.0060598
0.12377,0.045354,0.084635,0.077813,-0.056491,0.012332,-0.0050923
0.12648,0.046472,0.089036,0.080248,-0.059243,0.010837,-0.0040669
0.1295,0.047167,0.10154,0.082583,-0.05912,0.012334,-0.001547
0.13226,0.04798,0.11289,0.085259,-0.059366,0.013355,0.00097294
0.13481,0.048919,0.12326,0.088271,-0.059927,0.013949,0.0034636
0.13716,0.049989,0.13278,0.091617,-0.060759,0.014154,0.0059021
0.13936,0.051196,0.14158,0.095297,-0.061823,0.014,0.0082716
0.1415,0.052435,0.149,0.099477,-0.062898,0.015573,0.010984
0.14355,0.05384,0.15598,0.104,-0.064147,0.01661,0.013542
0.14549,0.055414,0.16258,0.10886,-0.06555,0.017164,0.01595
0.14734,0.057159,0.16887,0.11407,-0.067091,0.017279,0.018217
0.14912,0.059074,0.17488,0.11962,-0.068757,0.01699,0.020349
0.15097,0.060715,0.1797,0.12526,-0.069204,0.01782,0.021808
0.15277,0.062604,0.18442,0.13129,-0.069866,0.018135,0.023176
0.1545,0.064731,0.18906,0.13772,-0.070728,0.017976,0.024463
0.15617,0.067087,0.19364,0.14455,-0.071778,0.017375,0.025677
0.15778,0.069666,0.19818,0.15177,-0.073004,0.01636,0.026826
0.15959,0.071974,0.20135,0.15897,-0.073024,0.016734,0.027591
0.16135,0.07457,0.20463,0.16663,-0.073308,0.016487,0.028301
0.16302,0.077437,0.20803,0.17474,-0.073843,0.015679,0.028969
0.16462,0.08056,0.21154,0.18329,-0.074617,0.014358,0.029603
0.16613,0.083926,0.21513,0.19225,-0.075617,0.012565,0.030213
0.1679,0.086991,0.21728,0.20095,-0.075557,0.013142,0.030591
0.16957,0.090359,0.21968,0.2102,-0.075799,0.012803,0.030936
0.17114,0.094007,0.2223,0.21995,-0.076331,0.011674,0.031262
0.17259,0.097918,0.22513,0.23018,-0.07714,0.009857,0.031578
0.17392,0.10207,0.22814,0.24087,-0.078213,0.0074349,0.031893
0.17551,0.10585,0.22957,0.25136,-0.078038,0.0099494,0.032051
0.17697,0.10994,0.23132,0.26244,-0.078208,0.011084,0.032188
0.17829,0.11432,0.23338,0.27406,-0.078711,0.011064,0.032322
0.17945,0.11896,0.2357,0.28618,-0.079533,0.010072,0.032467
0.18044,0.12383,0.23826,0.29876,-0.08066,0.0082578,0.032631
0.18172,0.12837,0.23914,0.31096,-0.079544,0.0037888,0.032715
0.18283,0.13319,0.24045,0.32367,-0.07896,-0.00127,0.032793
0.18374,0.13826,0.24213,0.33683,-0.078876,-0.0068673,0.032874
0.18444,0.14356,0.24415,0.35042,-0.079263,-0.012964,0.032964
0.18492,0.14905,0.24647,0.36438,-0.080093,-0.019529,0.033068
0.1857,0.1541,0.24683,0.37809,-0.078925,-0.023125,0.03303
0.18625,0.15942,0.24767,0.39225,-0.078336,-0.027681,0.032969
0.18657,0.16496,0.24893,0.40683,-0.078292,-0.033089,0.032901
0.18665,0.17069,0.25056,0.42177,-0.078761,-0.039265,0.032835
0.18646,0.17659,0.25252,0.43704,-0.079713,-0.046141,0.032777
0.18659,0.18191,0.25228,0.45166,-0.078398,-0.048655,0.032753
0.18646,0.18746,0.25257,0.46675,-0.077714,-0.052608,0.032681
0.18605,0.19323,0.25332,0.48223,-0.077622,-0.057804,0.032581
0.18536,0.19916,0.25448,0.49806,-0.078088,-0.064087,0.032468
0.18438,0.20523,0.25599,0.51417,-0.079078,-0.071329,0.032351
0.18368,0.21062,0.25509,0.52932,-0.077611,-0.073487,0.032302
0.1827,0.21623,0.25475,0.54493,-0.076813,-0.077466,0.032184
0.18143,0.22203,0.25489,0.56093,-0.076644,-0.082996,0.032022
0.17983,0.22796,0.25545,0.57723,-0.077063,-0.089858,0.031834
0.17792,0.23399,0.25638,0.59377,-0.078032,-0.09788,0.031634
0.17635,0.23929,0.25468,0.60918,-0.076505,-0.099275,0.031527
0.17446,0.24478,0.25356,0.62504,-0.075669,-0.10291,0.031338
0.17225,0.25041,0.25295,0.64123,-0.075482,-0.10844,0.031096
0.16969,0.25614,0.25275,0.65768,-0.075902,-0.11558,0.03082
0.16679,0.26193,0.25293,0.6743,-0.076887,-0.1241,0.030526
0.16432,0.26685,0.25057,0.68944,-0.075069,-0.12494,0.030398
0.16149,0.27194,0.24876,0.705,-0.073989,-0.12841,0.030182
0.15829,0.27713,0.24741,0.72087,-0.073597,-0.13407,0.029906
0.15472,0.28239,0.24645,0.73694,-0.073843,-0.14157,0.029593
0.15077,0.28766,0.24581,0.75313,-0.074683,-0.15064,0.029256
0.1472,0.29214,0.24237,0.76795,-0.072904,-0.15088,0.02929
0.14326,0.29672,0.23948,0.78312,-0.071862,-0.15403,0.02921
0.13894,0.30136,0.23703,0.79851,-0.071505,-0.1596,0.029049
0.13423,0.30599,0.23494,0.81401,-0.071783,-0.1672,0.028833
0.12912,0.31058,0.23315,0.82952,-0.072648,-0.17651,0.028581
0.12437,0.31419,0.22842,0.84336,-0.070993,-0.1762,0.028664
0.11923,0.31788,0.22423,0.85747,-0.070048,-0.17903,0.028607
0.11372,0.32158,0.22045,0.87172,-0.06976,-0.18448,0.028449
0.10781,0.32524,0.21702,0.88599,-0.070082,-0.19209,0.028219
0.10151,0.32882,0.21384,0.90019,-0.070967,-0.20153,0.02794
0.095573,0.33142,0.20838,0.9124,-0.069113,-0.20002,0.027986
0.089228,0.33405,0.2033,0.92485,-0.067986,-0.202,0.02791
0.082472,0.33666,0.19849,0.93736,-0.067529,-0.20685,0.027747
0.075303,0.33917,0.19389,0.94983,-0.067689,-0.21407,0.027524
0.067722,0.34156,0.18942,0.96213,-0.068416,-0.22326,0.027259
0.060435,0.34305,0.18247,0.97251,-0.066849,-0.22128,0.027521
0.052737,0.34451,0.1758,0.983,-0.065959,-0.22289,0.027635
0.044628,0.34588,0.16932,0.99344,-0.065692,-0.22744,0.027638
0.036109,0.3471,0.16294,1.0037,-0.065997,-0.23439,0.027561
0.02718,0.34814,0.15658,1.0137,-0.066824,-0.24331,0.027423
0.018406,0.34831,0.14791,1.0215,-0.065354,-0.24034,0.027383
0.0092334,0.34839,0.13939,1.0293,-0.064526,-0.24113,0.027226
-0.00033728,0.34832,0.13094,1.037,-0.064285,-0.24495,0.026987
-0.010305,0.34805,0.12248,1.0444,-0.064581,-0.25121,0.026692
-0.020667,0.34754,0.11394,1.0514,-0.065363,-0.25947,0.026359
-0.03077,0.34632,0.1031,1.0562,-0.064612,-0.2559,0.026368
-0.041273,0.34494,0.092295,1.0609,-0.064398,-0.25603,0.02625
-0.052173,0.34334,0.081435,1.0653,-0.064677,-0.25911,0.02604
-0.063466,0.34148,0.070444,1.0693,-0.065403,-0.26453,0.025762
-0.075148,0.33931,0.059251,1.0727,-0.066533,-0.27182,0.025433
-0.086961,0.33686,0.045935,1.0732,-0.064546,-0.26638,0.025926
-0.099129,0.33414,0.032547,1.0736,-0.06323,-0.26493,0.026218
-0.11165,0.33109,0.019008,1.0736,-0.06253,-0.26661,0.026352
-0.12452,0.3277,0.0052429,1.0731,-0.06239,-0.27073,0.026359
-0.13773,0.32394,-0.0088133,1.0719,-0.062757,-0.27675,0.026259
-0.15123,0.31972,-0.023895,1.0682,-0.0612,-0.27242,0.026417
-0.16506,0.31518,-0.039305,1.0642,-0.06027,-0.27138,0.026417
-0.1792,0.3103,-0.055097,1.0595,-0.059906,-0.27287,0.026286
-0.19364,0.30504,-0.071318,1.054,-0.060053,-0.27627,0.026044
-0.20837,0.29941,-0.088011,1.0477,-0.060657,-0.28107,0.025703
-0.2236,0.2935,-0.10527,1.039,-0.059691,-0.27674,0.025833
-0.23907,0.28726,-0.12304,1.0295,-0.059273,-0.2752,0.025792
-0.25477,0.28065,-0.14136,1.0193,-0.059344,-0.27573,0.0256
-0.27068,0.27368,-0.16024,1.008,-0.059847,-0.27778,0.025269
-0.28678,0.26634,-0.1797,0.9956,-0.060729,-0.28088,0.024808
-0.30355,0.25899,-0.19918,0.98053,-0.060372,-0.27474,0.025031
-0.32044,0.25129,-0.21929,0.96458,-0.060469,-0.27114,0.025033
-0.33741,0.24326,-0.24001,0.94759,-0.060961,-0.26938,0.024831
-0.35443,0.2349,-0.26132,0.92944,-0.061792,-0.2689,0.024434
-0.37147,0.22622,-0.28321,0.91001,-0.062909,-0.26927,0.023849
-0.38922,0.21788,-0.30392,0.88787,-0.062957,-0.25993,0.023832
-0.4069,0.20923,-0.32532,0.86469,-0.063379,-0.25301,0.02359
-0.42445,0.20029,-0.34735,0.84033,-0.064111,-0.24786,0.023132
-0.44182,0.19108,-0.36994,0.81467,-0.065092,-0.24394,0.022458
-0.45895,0.18161,-0.39299,0.78761,-0.066264,-0.24084,0.021569
-0.47686,0.1729,-0.41357,0.75812,-0.066649,-0.22998,0.021711
-0.4944,0.1639,-0.43477,0.72741,-0.067311,-0.22099,0.021595
-0.51149,0.15464,-0.45643,0.69539,-0.068177,-0.21331,0.021221
-0.52807,0.14516,-0.47843,0.66196,-0.069181,-0.20651,0.020585
-0.54405,0.13548,-0.50062,0.62706,-0.070261,-0.20022,0.019687
-0.56095,0.12733,-0.51996,0.58991,-0.070778,-0.18583,0.020469
-0.57706,0.11884,-0.53923,0.55152,-0.071436,-0.17328,0.02086
-0.5923,0.11005,-0.55827,0.51182,-0.072169,-0.16201,0.020874
-0.60658,0.10099,-0.57693,0.47077,-0.072918,-0.15159,0.020525
-0.61984,0.091691,-0.59504,0.42835,-0.073629,-0.14168,0.019827
-0.63291,0.084019,-0.61003,0.38406,-0.074981,-0.12766,0.020879
-0.64479,0.075937,-0.62438,0.33863,-0.076196,-0.11473,0.021502
-0.6554,0.067483,-0.63791,0.29208,-0.077224,-0.10252,0.021717
-0.66466,0.058689,-0.65045,0.24441,-0.07802,-0.090717,0.021542
-0.67251,0.049582,-0.66185,0.19567,-0.078545,-0.079101,0.020998
-0.67964,0.042121,-0.66984,0.14575,-0.079836,-0.065453,0.022403
-0.68525,0.034128,-0.6766,0.095014,-0.080758,-0.052244,0.02336
-0.68929,0.025637,-0.68197,0.043539,-0.08128,-0.039251,0.023897
-0.69172,0.016675,-0.68585,-0.0085991,-0.081379,-0.026308,0.024041
-0.69251,0.0072641,-0.68813,-0.061304,-0.081035,-0.013297,0.023821
-0.69205,-0.0006776,-0.68688,-0.11429,-0.081865,0.0017235,0.025242
-0.68996,-0.0092925,-0.68405,-0.16755,-0.082136,0.016623,0.026267
-0.68624,-0.018546,-0.67959,-0.22097,-0.081847,0.031531,0.026929
-0.6809,-0.028407,-0.67346,-0.27445,-0.080999,0.046541,0.027261
-0.67397,-0.038846,-0.66564,-0.32785,-0.079597,0.061718,0.027299
-0.66561,-0.048285,-0.65479,-0.38051,-0.080134,0.074366,0.028688
-0.65579,-0.058465,-0.64242,-0.43292,-0.07995,0.087782,0.029769
-0.64456,-0.069336,-0.62856,-0.48494,-0.079076,0.10189,0.030575
-0.63197,-0.080853,-0.61327,-0.53643,-0.077544,0.11664,0.031135
-0.61809,-0.092968,-0.59661,-0.58727,-0.075387,0.13196,0.031481
-0.60292,-0.10457,-0.57755,-0.63659,-0.075485,0.14427,0.033009
-0.58668,-0.11681,-0.55743,-0.68514,-0.074804,0.15778,0.034306
-0.56944,-0.12963,-0.53632,-0.73279,-0.073399,0.17232,0.0354
-0.55128,-0.14297,-0.51434,-0.77943,-0.071323,0.18774,0.036319
-0.53226,-0.15676,-0.49158,-0.82494,-0.068626,0.20392,0.03709
-0.51244,-0.17049,-0.46695,-0.86813,-0.069199,0.20553,0.037709
-0.492,-0.1846,-0.44194,-0.91036,-0.068916,0.21035,0.038307
-0.47101,-0.19902,-0.41663,-0.95149,-0.067849,0.21779,0.038884
-0.44953,-0.21369,-0.39109,-0.9914,-0.066065,0.22737,0.039449
-0.42763,-0.22857,-0.36542,-1.03,-0.063629,0.23872,0.040008
-0.40548,-0.24347,-0.33838,-1.0661,-0.063536,0.2449,0.040475
-0.38309,-0.25842,-0.31157,-1.1009,-0.062635,0.25356,0.041003
-0.3605,-0.27337,-0.28505,-1.1344,-0.061,0.26428,0.041588
-0.33777,-0.28827,-0.25886,-1.1665,-0.058696,0.27672,0.042232
-0.31493,-0.30309,-0.23306,-1.1971,-0.055788,0.2906,0.042937
-0.29255,-0.31806,-0.20631,-1.2247,-0.056007,0.29373,0.043495
-0.27011,-0.33273,-0.18022,-1.2511,-0.055365,0.29994,0.044176
-0.24766,-0.34709,-0.1548,-1.2762,-0.053943,0.30867,0.04497
-0.22524,-0.36112,-0.13007,-1.2999,-0.051814,0.31949,0.045869
-0.20287,-0.37479,-0.10602,-1.3222,-0.049048,0.33206,0.04687
-0.18117,-0.38853,-0.081216,-1.3413,-0.048998,0.33191,0.046957
-0.15953,-0.4017,-0.057312,-1.3593,-0.048123,0.33538,0.047282
-0.13796,-0.4143,-0.034285,-1.376,-0.046504,0.34183,0.047817
-0.11648,-0.42635,-0.012113,-1.3914,-0.044214,0.3507,0.048544
-0.095129,-0.43784,0.0092232,-1.4054,-0.041319,0.36159,0.049448
-0.07448,-0.44929,0.031805,-1.416,-0.041629,0.35996,0.049231
-0.053945,-0.45996,0.053275,-1.4256,-0.041123,0.36219,0.049361
-0.033537,-0.4699,0.073697,-1.434,-0.039878,0.36756,0.049797
-0.01327,-0.47913,0.093128,-1.4411,-0.037969,0.3755,0.050505
0.0068462,-0.48766,0.11162,-1.4469,-0.03546,0.38554,0.05146
0.02632,-0.49592,0.13161,-1.4491,-0.036281,0.38146,0.051032
0.045641,-0.50329,0.15037,-1.4504,-0.036308,0.38147,0.051059
0.064803,-0.50985,0.16801,-1.4506,-0.035618,0.38479,0.051482
0.083801,-0.51561,0.18459,-1.4497,-0.03428,0.39081,0.052251
0.10263,-0.5206,0.20019,-1.4474,-0.03236,0.39903,0.053329
0.12084,-0.52495,0.218,-1.4412,-0.033607,0.38649,0.052479
0.13886,-0.52839,0.2345,-1.4343,-0.034106,0.37906,0.052219
0.15669,-0.53099,0.24978,-1.4263,-0.033926,0.3757,0.05246
0.17432,-0.53278,0.26396,-1.4173,-0.03313,0.37558,0.053129
0.19176,-0.53377,0.27712,-1.407,-0.03178,0.378,0.054168
0.20861,-0.53412,0.29205,-1.3928,-0.032883,0.3648,0.052764
0.22527,-0.53356,0.30568,-1.3778,-0.033315,0.35663,0.052009
0.24172,-0.53211,0.31813,-1.3618,-0.033139,0.35247,0.051806
0.25796,-0.52981,0.32952,-1.3447,-0.032417,0.35148,0.052076
0.27398,-0.52668,0.33992,-1.3264,-0.031206,0.35299,0.052753
0.28942,-0.52257,0.35198,-1.3043,-0.032535,0.34309,0.051331
0.30462,-0.51757,0.36282,-1.2813,-0.033244,0.33715,0.050553
0.31958,-0.51171,0.37257,-1.2573,-0.033399,0.33433,0.050326
0.33428,-0.505,0.38132,-1.2321,-0.033063,0.33392,0.050575
0.34871,-0.49747,0.38915,-1.2057,-0.032295,0.33536,0.051238
0.36246,-0.48886,0.39876,-1.175,-0.033674,0.32101,0.049597
0.37592,-0.47935,0.40722,-1.1435,-0.034515,0.31085,0.048621
0.38909,-0.46898,0.41465,-1.111,-0.034879,0.30396,0.048212
0.40193,-0.45775,0.42115,-1.0776,-0.034829,0.2996,0.048287
0.41445,-0.4457,0.42678,-1.0429,-0.034422,0.29717,0.048782
0.42627,-0.4325,0.43408,-1.004,-0.036234,0.28541,0.046896
0.43771,-0.41844,0.44033,-0.96432,-0.037545,0.27687,0.045669
0.44874,-0.40356,0.44564,-0.92376,-0.038426,0.27079,0.045008
0.45936,-0.38789,0.45011,-0.88222,-0.038947,0.26656,0.044838
0.46953,-0.37143,0.45382,-0.8396,-0.039173,0.26367,0.045095
0.47886,-0.35393,0.45892,-0.79275,-0.041115,0.24904,0.043082
0.48771,-0.33563,0.46314,-0.74532,-0.042673,0.23749,0.04171
0.49606,-0.31659,0.46659,-0.69721,-0.043918,0.22833,0.04089
0.50387,-0.29683,0.46934,-0.64832,-0.044917,0.221,0.040546
0.51112,-0.2764,0.47149,-0.59858,-0.045733,0.21503,0.040616
0.5174,-0.255,0.46921,-0.54535,-0.037945,0.20198,0.039273
0.52329,-0.23293,0.46691,-0.49159,-0.030444,0.19119,0.038358
0.52872,-0.21026,0.46459,-0.43728,-0.023256,0.18205,0.037812
0.53365,-0.18703,0.46226,-0.38238,-0.016406,0.17411,0.037587
0.53802,-0.1633,0.45992,-0.32688,-0.0099187,0.16697,0.037643
0.54162,-0.13939,0.45851,-0.26908,-0.0089657,0.15504,0.036565
0.5446,-0.11498,0.457,-0.21104,-0.0081021,0.14458,0.035896
0.54692,-0.090165,0.45541,-0.15277,-0.0073641,0.13517,0.035584
0.54856,-0.065022,0.45377,-0.094296,-0.0067844,0.12644,0.035584
0.54948,-0.039625,0.4521,-0.035642,-0.0063924,0.11815,0.035858
0.54955,-0.014207,0.44749,0.024091,-0.0037893,0.10593,0.035144
0.54898,0.011429,0.44331,0.083748,-0.0017046,0.094768,0.034739
0.54774,0.037185,0.43953,0.14327,-0.00011396,0.084343,0.034605
0.54579,0.062971,0.43612,0.20259,0.001003,0.074396,0.03471
0.5431,0.088699,0.43304,0.26162,0.0016637,0.064731,0.035029
0.53971,0.11341,0.42789,0.32007,0.0022212,0.050492,0.034741
0.53564,0.1381,0.42335,0.37807,0.0023402,0.037293,0.03467
0.53087,0.16266,0.41936,0.43554,0.0020422,0.024839,0.034788
0.52536,0.187,0.41587,0.49236,0.0013467,0.012898,0.035071
0.5191,0.21102,0.41283,0.54843,0.00027076,0.0012901,0.035496
0.51249,0.23348,0.40793,0.60215,-0.0085601,-0.009598,0.035264
0.50515,0.25568,0.40371,0.6552,-0.016464,-0.020272,0.035205
0.49706,0.27753,0.4001,0.70745,-0.023685,-0.030829,0.035304
0.48822,0.29891,0.39701,0.75878,-0.030419,-0.041345,0.035546
0.4786,0.31975,0.39437,0.80908,-0.036823,-0.051872,0.035916
0.46895,0.33827,0.39178,0.85575,-0.048415,-0.060171,0.035617
0.45847,0.35639,0.3896,0.9016,-0.060241,-0.069058,0.035463
0.44716,0.37402,0.38777,0.94648,-0.072507,-0.07845,0.03544
0.43506,0.39106,0.38628,0.99026,-0.085389,-0.088278,0.035535
0.42215,0.40743,0.38507,1.0328,-0.099046,-0.098488,0.035733
0.41063,0.42091,0.38517,1.0713,-0.09418,-0.10563,0.033655
0.39801,0.43394,0.38499,1.1087,-0.090977,-0.11317,0.032024
0.38436,0.44645,0.38458,1.1451,-0.089305,-0.12103,0.030784
0.36973,0.45834,0.38396,1.1804,-0.089039,-0.12915,0.029885
0.35418,0.46955,0.38316,1.2144,-0.090062,-0.13748,0.029285
0.33914,0.4783,0.37658,1.243,-0.086628,-0.14133,0.028437
0.3233,0.48663,0.3704,1.2709,-0.084675,-0.14639,0.027758
0.3067,0.49445,0.36453,1.298,-0.084083,-0.15241,0.027237
0.28939,0.50169,0.35891,1.3241,-0.084738,-0.15918,0.026864
0.27138,0.50827,0.35347,1.3489,-0.086535,-0.16652,0.026628
0.25424,0.51254,0.3425,1.3683,-0.08175,-0.16678,0.026821
0.23648,0.51641,0.33214,1.3871,-0.078556,-0.16897,0.027002
0.21812,0.5198,0.32226,1.4051,-0.076815,-0.17266,0.02719
0.19919,0.52263,0.31274,1.4223,-0.076398,-0.17751,0.0274
0.17972,0.52485,0.30348,1.4384,-0.077184,-0.18323,0.027641
0.16112,0.52521,0.28924,1.4491,-0.073107,-0.18672,0.027161
0.14202,0.52513,0.2756,1.4592,-0.070479,-0.19157,0.026702
0.12246,0.52455,0.26241,1.4685,-0.069168,-0.19744,0.026281
0.10244,0.52341,0.24954,1.477,-0.069051,-0.20409,0.025908
0.081987,0.52167,0.23686,1.4843,-0.070011,-0.21129,0.025589
0.062555,0.5183,0.21941,1.4868,-0.066642,-0.21031,0.025251
0.042711,0.51451,0.20242,1.4887,-0.064495,-0.2113,0.024871
0.022475,0.51026,0.18575,1.4898,-0.063463,-0.21379,0.024475
0.0018671,0.5055,0.16925,1.4899,-0.063443,-0.21745,0.024078
-0.019095,0.50019,0.15281,1.489,-0.064337,-0.22196,0.023691
-0.039229,0.49359,0.13264,1.4833,-0.06102,-0.21777,0.023523
-0.059704,0.48661,0.1127,1.477,-0.058797,-0.21586,0.023259
-0.080497,0.47921,0.092849,1.4699,-0.057567,-0.21569,0.022926
-0.10158,0.47133,0.072987,1.4618,-0.057236,-0.21683,0.022543
-0.12294,0.46298,0.053017,1.4526,-0.057714,-0.21893,0.022123
-0.14377,0.45413,0.030553,1.439,-0.056283,-0.21268,0.023012
-0.16485,0.44486,0.0080356,1.4247,-0.055607,-0.20886,0.023611
-0.18616,0.43516,-0.014612,1.4095,-0.055612,-0.20689,0.023955
-0.20766,0.42501,-0.037453,1.3932,-0.056226,-0.2063,0.024072
-0.22932,0.4144,-0.060541,1.3757,-0.057385,-0.2067,0.023984
-0.25063,0.40367,-0.0853,1.3544,-0.055131,-0.20412,0.02482
-0.27205,0.3925,-0.11026,1.332,-0.053629,-0.20298,0.025315
-0.29354,0.38092,-0.13544,1.3086,-0.052794,-0.20292,0.025497
-0.31504,0.36892,-0.16088,1.2839,-0.052547,-0.20361,0.025389
-0.33652,0.35655,-0.18656,1.2578,-0.052813,-0.20483,0.025006
-0.35798,0.34429,-0.21282,1.2281,-0.051341,-0.18936,0.026165
-0.37932,0.33176,-0.23932,1.1975,-0.05044,-0.17711,0.026871
-0.40047,0.31897,-0.26601,1.1658,-0.050034,-0.16728,0.027165
-0.42139,0.30594,-0.29285,1.133,-0.050056,-0.15923,0.027077
-0.44201,0.29269,-0.31979,1.0988,-0.050441,-0.15248,0.026632
-0.4626,0.28032,-0.34633,1.0617,-0.049549,-0.15202,0.027799
-0.48272,0.26762,-0.37286,1.0233,-0.049065,-0.15177,0.028446
-0.5023,0.25465,-0.3993,0.98371,-0.048919,-0.15157,0.028596
-0.52129,0.24147,-0.42556,0.94276,-0.049046,-0.15128,0.028268
-0.53959,0.22812,-0.45152,0.90047,-0.049386,-0.15083,0.027481
-0.55758,0.21616,-0.4758,0.85546,-0.049311,-0.14206,0.02891
-0.57472,0.20397,-0.4997,0.80949,-0.049421,-0.13461,0.029738
-0.59092,0.1916,-0.52308,0.76252,-0.049659,-0.12812,0.029993
-0.6061,0.1791,-0.54579,0.71455,-0.049973,-0.12233,0.029703
-0.62018,0.16651,-0.56769,0.66556,-0.050313,-0.11701,0.02889
-0.63412,0.15574,-0.58724,0.61469,-0.050614,-0.1058,0.030291
-0.64673,0.14472,-0.6058,0.56315,-0.050893,-0.095879,0.031046
-0.65794,0.13349,-0.62321,0.51097,-0.05111,-0.0869,0.031197
-0.66771,0.12209,-0.63935,0.45819,-0.051225,-0.078588,0.030779
-0.67596,0.11057,-0.65408,0.40485,-0.051204,-0.070731,0.029827
-0.68413,0.10122,-0.66866,0.351,-0.055117,-0.081198,0.028931
-0.69049,0.091326,-0.68137,0.29646,-0.058505,-0.08989,0.027723
-0.69501,0.08098,-0.69214,0.24137,-0.06137,-0.097056,0.026218
-0.6977,0.070248,-0.70092,0.18589,-0.063719,-0.10292,0.024429
-0.69855,0.059186,-0.70767,0.13017,-0.065557,-0.10767,0.022372
-0.69804,0.049881,-0.71077,0.074379,-0.067809,-0.10824,0.021855
-0.69576,0.040063,-0.71199,0.018757,-0.069501,-0.10895,0.021018
-0.69172,0.029788,-0.71132,-0.036563,-0.070644,-0.10977,0.019882
-0.68596,0.019107,-0.70877,-0.091451,-0.071253,-0.11066,0.018473
-0.67855,0.0080642,-0.70436,-0.14578,-0.071343,-0.11162,0.016811
-0.66995,-0.0015086,-0.69649,-0.19876,-0.072212,-0.099723,0.017106
-0.65987,-0.011561,-0.68706,-0.2508,-0.072476,-0.089846,0.017057
-0.64837,-0.022048,-0.67613,-0.30181,-0.072166,-0.081647,0.016704
-0.63553,-0.032921,-0.66378,-0.35172,-0.071314,-0.074852,0.016084
-0.62145,-0.044136,-0.6501,-0.40045,-0.069952,-0.069233,0.01523
-0.60655,-0.054359,-0.63349,-0.4467,-0.069677,-0.057056,0.015128
-0.59066,-0.064962,-0.61598,-0.49167,-0.068782,-0.046699,0.014826
-0.57386,-0.075896,-0.59766,-0.53531,-0.067316,-0.037877,0.014354
-0.55624,-0.087113,-0.57862,-0.57756,-0.065322,-0.030349,0.013738
-0.53791,-0.098563,-0.55896,-0.61836,-0.062842,-0.023916,0.013001
-0.51946,-0.10951,-0.53814,-0.65624,-0.063563,-0.018534,0.014093
-0.50045,-0.12067,-0.517,-0.69284,-0.063518,-0.013863,0.014929
-0.48097,-0.13197,-0.49562,-0.72809,-0.062778,-0.0098175,0.015539
-0.46109,-0.14338,-0.47409,-0.76195,-0.061403,-0.0063232,0.015949
-0.44091,-0.15484,-0.45248,-0.79439,-0.059453,-0.0033126,0.016186
-0.42098,-0.16622,-0.42874,-0.82397,-0.058674,0.011886,0.016795
-0.40094,-0.17748,-0.40543,-0.85209,-0.057287,0.025365,0.017285
-0.38084,-0.18861,-0.38256,-0.87875,-0.055355,0.037395,0.017681
-0.36073,-0.19959,-0.36016,-0.90394,-0.052935,0.048209,0.018003
-0.34068,-0.21039,-0.33826,-0.92769,-0.050077,0.058008,0.018269
-0.32198,-0.22115,-0.31136,-0.94897,-0.048878,0.079196,0.018468
-0.30349,-0.23153,-0.28589,-0.96876,-0.047228,0.098098,0.018745
-0.28524,-0.24154,-0.26175,-0.9871,-0.045169,0.1151,0.019096
-0.26723,-0.25119,-0.23884,-1.004,-0.042742,0.13051,0.019521
-0.24948,-0.26049,-0.21709,-1.0196,-0.039983,0.14463,0.020017
-0.23318,-0.26982,-0.19434,-1.0325,-0.039831,0.15673,0.020737
-0.21707,-0.27866,-0.17288,-1.0443,-0.039132,0.16841,0.02155
-0.20118,-0.28705,-0.1526,-1.055,-0.03794,0.17976,0.022449
-0.1855,-0.295,-0.13343,-1.0647,-0.036305,0.19082,0.023428
-0.17005,-0.30253,-0.1153,-1.0732,-0.034273,0.20168,0.024484
-0.1557,-0.30983,-0.095877,-1.0792,-0.034735,0.2079,0.02506
-0.14156,-0.31662,-0.077676,-1.0844,-0.034637,0.21517,0.02583
-0.12765,-0.32292,-0.060603,-1.0888,-0.034032,0.22333,0.026771
-0.11396,-0.32877,-0.044573,-1.0923,-0.032971,0.23226,0.027863
-0.1005,-0.33419,-0.029512,-1.0951,-0.031499,0.24186,0.02909
-0.088166,-0.33942,-0.013428,-1.0957,-0.032491,0.24156,0.02931
-0.076009,-0.34415,0.0015689,-1.0958,-0.032894,0.24373,0.029814
-0.064041,-0.34841,0.015566,-1.0954,-0.032762,0.24801,0.030565
-0.052271,-0.35224,0.02864,-1.0943,-0.032147,0.25411,0.03153
-0.040708,-0.35566,0.040854,-1.0925,-0.031099,0.2618,0.032687
-0.03015,-0.35867,0.054426,-1.0889,-0.031926,0.26161,0.032895
-0.019767,-0.36125,0.066966,-1.0848,-0.032216,0.26404,0.033415
-0.0095663,-0.36343,0.078562,-1.0803,-0.032017,0.26873,0.034207
0.0004454,-0.36523,0.08929,-1.0753,-0.031378,0.27536,0.035237
0.010261,-0.36669,0.099215,-1.0696,-0.030346,0.28369,0.036479
0.01924,-0.36793,0.11034,-1.0622,-0.03129,0.27695,0.037347
0.028066,-0.36876,0.12053,-1.0545,-0.031731,0.27386,0.038526
0.03673,-0.36921,0.12985,-1.0466,-0.031714,0.27391,0.039963
0.045224,-0.36933,0.13839,-1.0383,-0.03128,0.27667,0.04162
0.053539,-0.36913,0.1462,-1.0296,-0.030474,0.28179,0.043467
0.062014,-0.36905,0.15461,-1.0189,-0.030784,0.27284,0.043012
0.070268,-0.36854,0.16214,-1.0082,-0.030593,0.2686,0.043022
0.078299,-0.36764,0.16887,-0.99732,-0.029961,0.26825,0.043426
0.086105,-0.3664,0.17488,-0.98629,-0.02894,0.27111,0.044171
0.093686,-0.36485,0.18023,-0.975,-0.027579,0.27665,0.04521
0.10077,-0.36317,0.18683,-0.96222,-0.027479,0.27112,0.044028
0.10762,-0.36114,0.19262,-0.94944,-0.026937,0.26993,0.043371
0.11425,-0.3588,0.19767,-0.93658,-0.026007,0.27233,0.043165
0.12064,-0.35617,0.20208,-0.92357,-0.024739,0.27769,0.043352
0.12681,-0.3533,0.20589,-0.91035,-0.023179,0.28552,0.043884
0.13261,-0.3504,0.21105,-0.89557,-0.023137,0.27389,0.043096
0.13819,-0.34717,0.21545,-0.88094,-0.02269,0.26753,0.042805
0.14354,-0.34365,0.21918,-0.86639,-0.021888,0.26549,0.042935
0.14867,-0.33988,0.2223,-0.85183,-0.020778,0.26701,0.043426
0.15357,-0.3359,0.22487,-0.83719,-0.019401,0.27145,0.044231
0.15806,-0.33142,0.22856,-0.82128,-0.020984,0.26614,0.044409
0.16232,-0.32676,0.2316,-0.80552,-0.022038,0.26489,0.044969
0.16635,-0.32195,0.23407,-0.78983,-0.022631,0.267,0.045849
0.17015,-0.31702,0.23603,-0.77413,-0.022826,0.2719,0.047003
0.17374,-0.31196,0.23753,-0.75839,-0.02268,0.27915,0.048394
0.17706,-0.30676,0.24037,-0.74123,-0.024386,0.27086,0.048663
0.18015,-0.30141,0.2426,-0.72435,-0.025603,0.26712,0.049322
0.18301,-0.29592,0.24429,-0.70766,-0.026399,0.26714,0.050308
0.18565,-0.29034,0.24551,-0.69109,-0.026834,0.2703,0.051569
0.18806,-0.28468,0.24631,-0.67457,-0.026961,0.27609,0.053068
0.19016,-0.27909,0.24768,-0.65712,-0.027949,0.26627,0.052127
0.19206,-0.27337,0.24861,-0.63998,-0.028556,0.26104,0.051672
0.19377,-0.26754,0.24915,-0.62307,-0.028842,0.2596,0.05163
0.19528,-0.26163,0.24934,-0.60634,-0.028858,0.26131,0.051948
0.19658,-0.25566,0.24923,-0.58973,-0.028652,0.26564,0.052581
0.1979,-0.25027,0.25011,-0.57243,-0.025815,0.25481,0.051601
0.19899,-0.24468,0.25055,-0.5555,-0.02311,0.24869,0.051083
0.19986,-0.23894,0.25062,-0.53886,-0.020525,0.24647,0.050963
0.2005,-0.23308,0.25035,-0.52245,-0.018051,0.24748,0.051188
0.20093,-0.22713,0.2498,-0.5062,-0.015684,0.25118,0.051719
0.20134,-0.22113,0.24951,-0.4895,-0.014379,0.23992,0.050848
0.20152,-0.21505,0.24896,-0.47317,-0.013101,0.23307,0.0504
0.20149,-0.2089,0.24816,-0.45717,-0.011851,0.22988,0.050316
0.20124,-0.20273,0.24717,-0.44142,-0.010633,0.22972,0.050549
0.20078,-0.19655,0.24599,-0.42588,-0.0094525,0.2321,0.051062
0.20031,-0.19064,0.2452,-0.41014,-0.0084463,0.224,0.050435
0.19961,-0.18468,0.24421,-0.39476,-0.0074984,0.21957,0.05018
0.19871,-0.17869,0.24303,-0.37968,-0.0066075,0.2182,0.050248
0.1976,-0.1727,0.24171,-0.36485,-0.0057745,0.21936,0.050601
0.19628,-0.16673,0.24025,-0.35024,-0.0050014,0.22266,0.051207
0.19499,-0.161,0.23901,-0.3354,-0.0056953,0.2099,0.050506
0.1935,-0.15525,0.23764,-0.321,-0.0063309,0.20134,0.050178
0.19182,-0.14949,0.23616,-0.30698,-0.0069198,0.19626,0.05017
0.18995,-0.14377,0.2346,-0.2933,-0.0074739,0.19407,0.050439
0.18789,-0.13809,0.23297,-0.2799,-0.0080051,0.19431,0.05095
0.18593,-0.1327,0.23087,-0.26662,-0.0085687,0.18433,0.050841
0.18379,-0.12732,0.22879,-0.25375,-0.0091273,0.17783,0.050998
0.18149,-0.12198,0.22672,-0.24122,-0.0096876,0.17422,0.051382
0.17902,-0.11669,0.22466,-0.229,-0.010257,0.17304,0.051964
0.17638,-0.11147,0.22262,-0.21706,-0.010842,0.17391,0.052721
0.1739,-0.10667,0.2206,-0.20524,-0.010244,0.16677,0.052281
0.17124,-0.10189,0.21858,-0.1938,-0.0098113,0.16249,0.052116
0.1684,-0.097149,0.21656,-0.18269,-0.0095302,0.16062,0.052193
0.1654,-0.092469,0.21456,-0.17188,-0.0093914,0.16075,0.052483
0.16223,-0.087865,0.21257,-0.16136,-0.0093872,0.16259,0.052963
0.15929,-0.083348,0.20997,-0.15089,-0.01146,0.16486,0.049986
0.15617,-0.078923,0.20747,-0.14071,-0.013387,0.1686,0.047499
0.15288,-0.074601,0.20507,-0.13078,-0.015198,0.17361,0.045456
0.14943,-0.070391,0.20274,-0.12109,-0.016922,0.17976,0.043821
0.14582,-0.066298,0.2005,-0.11162,-0.018584,0.18692,0.042558
0.14238,-0.062736,0.19782,-0.10232,-0.01898,0.182,0.040883
0.13881,-0.059205,0.19525,-0.093378,-0.019481,0.17981,0.039593
0.1351,-0.055725,0.19278,-0.084768,-0.020085,0.17991,0.038648
0.13126,-0.052315,0.19041,-0.076459,-0.02079,0.18197,0.038011
0.12729,-0.048987,0.18813,-0.06843,-0.021595,0.1857,0.037654
0.12359,-0.046069,0.18502,-0.060972,-0.021855,0.18244,0.035988
0.11976,-0.043185,0.18209,-0.053803,-0.022261,0.18156,0.034698
0.11582,-0.040352,0.17931,-0.0469,-0.022807,0.1827,0.033743
0.11176,-0.037586,0.17667,-0.040242,-0.023486,0.18556,0.033092
0.10758,-0.034899,0.17415,-0.033812,-0.024293,0.18993,0.032717
0.1037,-0.03252,0.17107,-0.028293,-0.024688,0.18898,0.032002
0.099698,-0.030196,0.16815,-0.022946,-0.025234,0.18991,0.031575
0.095573,-0.027938,0.16539,-0.017761,-0.025924,0.19245,0.03141
0.091333,-0.025757,0.16275,-0.012728,-0.026751,0.19639,0.031483
0.086981,-0.023661,0.16024,-0.0078404,-0.02771,0.20156,0.031772
0.082924,-0.022013,0.15681,-0.0036588,-0.027191,0.19495,0.031272
0.078776,-0.020376,0.15359,0.00032809,-0.026953,0.19104,0.031047
0.074536,-0.018769,0.15054,0.0041366,-0.02697,0.18941,0.031065
0.070205,-0.017205,0.14766,0.007781,-0.027217,0.18972,0.031301
0.065785,-0.015697,0.14491,0.011274,-0.027674,0.19169,0.031733
0.061681,-0.014635,0.14139,0.014151,-0.027105,0.18658,0.031145
0.05749,-0.013564,0.13807,0.016873,-0.026816,0.18381,0.030829
0.053214,-0.012501,0.13492,0.019454,-0.026777,0.18304,0.030756
0.048852,-0.01146,0.13192,0.021907,-0.026962,0.18395,0.030899
0.044406,-0.010453,0.12905,0.024243,-0.027347,0.1863,0.031239
0.040256,-0.0097172,0.12515,0.025274,-0.030653,0.17588,0.03155
0.036043,-0.0089767,0.12149,0.026216,-0.033846,0.16802,0.032057
0.031764,-0.0082458,0.11805,0.027082,-0.03694,0.16236,0.032729
0.027418,-0.0075356,0.11479,0.027884,-0.039943,0.1586,0.033541
0.023005,-0.0068546,0.11168,0.028631,-0.042865,0.15647,0.034475
0.018959,-0.0062736,0.10791,0.028624,-0.044415,0.15079,0.033383
0.014826,-0.0057166,0.10433,0.028626,-0.046018,0.14681,0.032585
0.010609,-0.0051892,0.10091,0.028641,-0.047669,0.1443,0.032047
0.0063098,-0.0046952,0.097635,0.02867,-0.049361,0.14307,0.031741
0.0019325,-0.0042371,0.094474,0.028716,-0.051089,0.14296,0.031643
-0.0023667,-0.0041306,0.090513,0.028557,-0.052482,0.13358,0.031044
-0.006702,-0.0039888,0.086749,0.028331,-0.053896,0.12648,0.030677
-0.011078,-0.0038236,0.08315,0.028057,-0.055327,0.12131,0.030511
-0.015498,-0.0036441,0.079691,0.027751,-0.056772,0.11778,0.030516
-0.019964,-0.003457,0.076348,0.027429,-0.058228,0.11566,0.030672
-0.024134,-0.0033326,0.072834,0.026507,-0.058015,0.1114,0.029844
-0.028383,-0.0031952,0.069404,0.025647,-0.057967,0.10846,0.029237
-0.032707,-0.0030481,0.066042,0.024857,-0.058068,0.10666,0.028824
-0.037103,-0.0028935,0.062735,0.024142,-0.0583,0.10583,0.028583
-0.041567,-0.0027322,0.059472,0.023509,-0.058651,0.10585,0.028496
-0.046049,-0.0026744,0.055502,0.02281,-0.05808,0.10222,0.028083
