0.23217
0.23217
0.23212
0.23203
0.23191
0.23176
0.23159
0.23146
0.23135
0.23126
0.23119
0.23115
0.23113
0.23112
0.23113
0.23115
0.23118
0.23122
0.23128
0.23134
0.2314
0.23148
0.23155
0.23163
0.23171
0.2318
0.23189
0.23198
0.23208
0.23217
0.23228
0.23238
0.23249
0.2326
0.23272
0.23284
0.23297
0.2331
0.23324
0.23338
0.23354
0.23369
0.23386
0.23404
0.23422
0.23441
0.23462
0.23483
0.23505
0.23528
0.23553
0.23578
0.23605
0.23633
0.23662
0.23693
0.23725
0.23758
0.23793
0.23829
0.23866
0.23905
0.23946
0.23989
0.24033
0.24079
0.24127
0.24176
0.24227
0.2428
0.24335
0.24391
0.24449
0.24509
0.24571
0.24634
0.24699
0.24765
0.24834
0.24903
0.24975
0.25048
0.25122
0.25197
0.25274
0.25353
0.25432
0.25513
0.25595
0.25678
0.25762
0.25846
0.25932
0.26018
0.26105
0.26192
0.2628
0.26368
0.26456
0.26545
0.26633
0.26721
0.26809
0.26897
0.26984
0.2707
0.27156
0.2724
0.27324
0.27406
0.27488
0.27567
0.27645
0.27721
0.27795
0.27867
0.27937
0.28004
0.28069
0.28132
0.28191
0.28248
0.28301
0.28352
0.28399
0.28443
0.28483
0.2852
0.28553
0.28582
0.28608
0.2863
0.28648
0.28663
0.28674
0.28681
0.28685
0.28685
0.28681
0.28675
0.28665
0.28653
0.28638
0.2862
0.286
0.28578
0.28555
0.2853
0.28504
0.28478
0.28451
0.28425
0.28398
0.28373
0.28349
0.28326
0.28305
0.28286
0.2827
0.28256
0.28245
0.28238
0.28233
0.28232
0.28235
0.28241
0.2825
0.28262
0.28278
0.28297
0.28319
0.28343
0.28369
0.28398
0.28428
0.28458
0.2849
0.28522
0.28553
0.28583
0.28613
0.2864
0.28665
0.28688
0.28707
0.28723
0.28735
0.28743
0.28745
0.28743
0.28735
0.28722
0.28703
0.28678
0.28647
0.2861
0.28567
0.28517
0.28461
0.28399
0.28331
0.28256
0.28176
0.2809
0.27998
0.279
0.27798
0.2769
0.27578
0.27461
0.2734
0.27215
0.27087
0.26955
0.26821
0.26683
0.26544
0.26403
0.2626
0.26116
0.25971
0.25826
0.2568
0.25535
0.2539
0.25246
0.25104
0.24963
0.24825
0.24689
0.24556
0.24426
0.243
0.24179
0.24061
0.23948
0.2384
0.23738
0.23642
0.23551
0.23467
0.2339
0.23319
0.23256
0.232
0.23152
0.23111
0.23078
0.23053
0.23037
0.23028
0.23028
0.23036
0.23052
0.23076
0.23109
0.23149
0.23198
0.23254
0.23318
0.23389
0.23468
0.23553
0.23644
0.23742
0.23846
0.23955
0.24069
0.24188
0.24311
0.24439
0.2457
0.24704
0.24841
0.2498
0.25122
0.25265
0.25409
0.25553
0.25698
0.25843
0.25988
0.26131
0.26273
0.26413
0.26551
0.26687
0.2682
0.26951
0.27077
0.27201
0.2732
0.27434
0.27544
0.2765
0.2775
0.27845
0.27934
0.28017
0.28095
0.28167
0.28232
0.28291
0.28344
0.2839
0.28431
0.28465
0.28493
0.28515
0.28531
0.28541
0.28546
0.28546
0.28541
0.28531
0.28517
0.28499
0.28478
0.28454
0.28427
0.28399
0.28369
0.28338
0.28307
0.28275
0.28245
0.28215
0.28187
0.2816
0.28136
0.28115
0.28096
0.28081
0.28069
0.2806
0.28056
0.28055
0.28057
0.28064
0.28075
0.28089
0.28106
0.28127
0.2815
0.28176
0.28205
0.28235
0.28267
0.283
0.28334
0.28369
0.28403
0.28437
0.2847
0.28502
0.28532
0.28561
0.28587
0.28611
0.28632
0.28651
0.28665
0.28677
0.28684
0.28688
0.28688
0.28684
0.28676
0.28663
0.28647
0.28626
0.28602
0.28573
0.2854
0.28504
0.28463
0.28419
0.28371
0.2832
0.28266
0.28208
0.28147
0.28083
0.28017
0.27947
0.27876
0.27802
0.27725
0.27647
0.27567
0.27485
0.27402
0.27318
0.27232
0.27145
0.27057
0.26969
0.26879
0.2679
0.26699
0.26608
0.26517
0.26427
0.26336
0.26246
0.26155
0.26065
0.25976
0.25887
0.25799
0.25711
0.25625
0.25539
0.25454
0.25371
0.25288
0.25207
0.25127
0.25049
0.24972
0.24896
0.24822
0.2475
0.24679
0.2461
0.24542
0.24477
0.24413
0.2435
0.2429
0.24231
0.24174
0.24119
0.24065
0.24013
0.23963
0.23914
0.23868
0.23823
0.2378
0.23739
0.23699
0.23661
0.23625
0.2359
0.23557
0.23526
0.23495
0.23467
0.2344
0.23414
0.23389
0.23365
0.23343
0.23322
0.23301
0.23282
0.23264
0.23248
0.23232
0.23217
0.23204
0.23191
0.23179
0.23168
0.23158
0.23148
0.23139
0.23131
0.23123
0.23116
0.23109
0.23103
0.23098
0.23093
0.23089
0.23085
0.23081
0.23078
0.23075
0.23073
0.23071
0.23069
0.23068
0.23066
0.23065
0.23064
0.23064
0.23063
0.23062
0.23062
0.23061
0.23061
0.23061
0.23061
0.23061
0.23061
0.23061
0.23061
0.23061
