0,0,0,0,0,0,0
-0.011929,0.0055945,0.016165,0.027474,0.16317,0.60707,12.006
-0.037353,0.011396,0.018497,0.05698,0.30647,1.1392,22.804
-0.073582,0.017438,0.0093954,0.086537,0.43352,1.6044,32.517
-0.11841,0.023777,-0.0090332,0.11478,0.54719,2.0102,41.255
-0.16994,0.030493,-0.034883,0.14072,0.64989,2.3634,49.117
-0.22637,0.037628,-0.066467,0.16358,0.74376,2.67,56.192
-0.28601,0.045155,-0.1024,0.18278,0.83082,2.9355,62.56
-0.34733,0.05302,-0.14151,0.19792,0.91288,3.1647,68.292
-0.40897,0.061194,-0.18265,0.20874,0.9915,3.3618,73.454
-0.46978,0.069675,-0.22478,0.21509,1.068,3.5308,78.103
-0.52879,0.078467,-0.26691,0.21692,1.1433,3.6753,82.291
-0.58518,0.087563,-0.3082,0.21427,1.2186,3.7986,86.066
-0.63833,0.096942,-0.34794,0.20722,1.2944,3.9037,89.471
-0.68776,0.10656,-0.38552,0.1959,1.3716,3.9931,92.543
-0.73309,0.11635,-0.42044,0.18048,1.4507,4.0694,95.317
-0.77407,0.12623,-0.45228,0.16112,1.5322,4.1347,97.824
-0.81054,0.13609,-0.48071,0.13802,1.6165,4.191,100.09
-0.84241,0.14579,-0.50544,0.11138,1.7041,4.2401,102.15
-0.86965,0.15517,-0.52624,0.081397,1.7951,4.2834,104.01
-0.89227,0.16407,-0.54292,0.048318,1.8898,4.3224,105.7
-0.91032,0.17229,-0.5553,0.012442,1.9885,4.3583,107.23
-0.92389,0.17962,-0.56324,-0.025858,2.0913,4.3919,108.64
-0.93303,0.18584,-0.56659,-0.066306,2.1983,4.4242,109.91
-0.93779,0.19073,-0.5652,-0.10887,2.3096,4.456,111.08
-0.93821,0.19405,-0.55892,-0.1535,2.4252,4.4883,112.16
-0.93437,0.19557,-0.54764,-0.2,2.5452,4.5218,113.14
-0.92633,0.19506,-0.53123,-0.24803,2.6694,4.5573,114.05
-0.91418,0.19227,-0.50959,-0.29717,2.798,4.5953,114.89
-0.89797,0.18697,-0.48262,-0.34692,2.9306,4.6364,115.67
-0.87778,0.17894,-0.45022,-0.39674,3.0672,4.6809,116.39
-0.85365,0.16801,-0.41233,-0.44599,3.2075,4.7292,117.07
-0.82564,0.154,-0.36891,-0.49397,3.3513,4.7817,117.7
-0.79384,0.1368,-0.31996,-0.53987,3.4982,4.8385,118.29
-0.7583,0.11635,-0.26554,-0.58285,3.6478,4.8999,118.85
-0.71914,0.092657,-0.20575,-0.62197,3.7994,4.9659,119.37
-0.67646,0.065846,-0.14078,-0.65624,3.9526,5.0365,119.87
-0.63044,0.03617,-0.070865,-0.68466,4.1063,5.1116,120.33
-0.58127,0.0040156,0.0034653,-0.7062,4.2597,5.1909,120.77
-0.52929,-0.030357,0.08081,-0.7198,4.4116,5.2731,121.18
-0.47473,-0.066377,0.16068,-0.72455,4.5606,5.3576,121.57
-0.41782,-0.10338,0.24309,-0.71974,4.7057,5.4448,121.93
-0.35884,-0.14091,0.32691,-0.70478,4.8455,5.5341,122.26
-0.29813,-0.17831,0.41079,-0.67936,4.9786,5.625,122.57
-0.23604,-0.21471,0.49334,-0.64342,5.1036,5.7164,122.84
-0.17292,-0.24913,0.57309,-0.59727,5.2188,5.8075,123.09
-0.10912,-0.28056,0.64853,-0.54152,5.3228,5.8973,123.3
-0.045001,-0.30799,0.71811,-0.47717,5.414,5.9848,123.48
0.018804,-0.33045,0.78021,-0.40549,5.4911,6.0685,123.63
0.081424,-0.34707,0.83319,-0.32803,5.553,6.1467,123.74
0.14309,-0.35722,0.87591,-0.24686,5.5988,6.2186,123.81
0.20413,-0.36052,0.90752,-0.1643,5.628,6.2842,123.86
0.26432,-0.35677,0.92726,-0.082679,5.6404,6.3429,123.86
0.32332,-0.34602,0.93463,-0.0044375,5.6358,6.3941,123.83
0.3807,-0.32854,0.92949,0.067598,5.6139,6.4378,123.78
0.43594,-0.30489,0.91199,0.1314,5.5752,6.4733,123.68
0.48831,-0.27585,0.88261,0.18584,5.5209,6.4997,123.57
0.53711,-0.24238,0.84218,0.2295,5.452,6.5167,123.42
0.58161,-0.20555,0.79186,0.26126,5.3695,6.5244,123.26
0.62111,-0.16653,0.73308,0.28039,5.2746,6.5228,123.07
0.65497,-0.12654,0.66746,0.28664,5.1683,6.5125,122.87
0.68265,-0.086784,0.59674,0.28023,5.0519,6.4938,122.66
0.70376,-0.048458,0.52265,0.2618,4.9264,6.4674,122.44
0.71808,-0.012778,0.44683,0.23238,4.7932,6.4343,122.22
0.72558,0.019149,0.37075,0.1933,4.6532,6.3957,121.99
0.72635,0.046708,0.296,0.14608,4.5077,6.3524,121.76
0.7206,0.069809,0.22413,0.092327,4.3573,6.3054,121.53
0.70867,0.088533,0.15644,0.033745,4.203,6.2556,121.31
0.69092,0.103,0.093818,-0.027798,4.0459,6.2038,121.09
0.66779,0.11343,0.036889,-0.090484,3.8871,6.1507,120.89
0.63986,0.12023,-0.013671,-0.15346,3.7268,6.0972,120.69
0.60767,0.12388,-0.057472,-0.21593,3.565,6.0442,120.51
0.57164,0.12465,-0.095201,-0.27695,3.4022,5.9927,120.33
0.53213,0.12274,-0.12778,-0.33565,3.2392,5.944,120.18
0.48949,0.11846,-0.15593,-0.3914,3.0765,5.899,120.03
0.44402,0.11214,-0.18029,-0.44374,2.9146,5.8585,119.9
0.39596,0.10408,-0.20154,-0.49236,2.7541,5.8229,119.79
0.34551,0.094556,-0.22036,-0.53708,2.5954,5.7928,119.68
0.2928,0.083788,-0.23743,-0.57782,2.4389,5.7684,119.59
0.2379,0.071965,-0.2534,-0.61457,2.2851,5.7499,119.52
0.18085,0.059233,-0.26891,-0.64738,2.1342,5.7373,119.45
0.12168,0.04571,-0.28451,-0.67632,1.9867,5.7307,119.4
0.0604,0.031484,-0.3007,-0.70149,1.8429,5.7299,119.36
-0.0027764,0.016594,-0.31788,-0.72308,1.7032,5.735,119.33
-0.067229,0.00099965,-0.33627,-0.74135,1.5682,5.7466,119.31
-0.13326,-0.015266,-0.35625,-0.75634,1.4381,5.7637,119.29
-0.20181,-0.032131,-0.3783,-0.76789,1.3131,5.7846,119.28
-0.27312,-0.049638,-0.4027,-0.77596,1.1937,5.8083,119.28
-0.34718,-0.067875,-0.42959,-0.78058,1.0802,5.8343,119.28
-0.42393,-0.086923,-0.45902,-0.78177,0.97328,5.8619,119.29
-0.50326,-0.10683,-0.49094,-0.77956,0.87334,5.8902,119.3
-0.58504,-0.12757,-0.52524,-0.77397,0.78093,5.9185,119.31
-0.66912,-0.14911,-0.56169,-0.76501,0.69653,5.9456,119.32
-0.7553,-0.17131,-0.59997,-0.75273,0.62061,5.9707,119.33
-0.84334,-0.19403,-0.63972,-0.73716,0.5536,5.9926,119.34
-0.93295,-0.21706,-0.68049,-0.71838,0.49591,6.0102,119.34
-1.0238,-0.24016,-0.72179,-0.69647,0.44788,6.0225,119.35
-1.1155,-0.26307,-0.7631,-0.67156,0.4098,6.0284,119.35
-1.2077,-0.28549,-0.80387,-0.64381,0.38189,6.0273,119.34
-1.2999,-0.30711,-0.84356,-0.61338,0.36425,6.0183,119.33
-1.3916,-0.3276,-0.88164,-0.58052,0.35692,6.001,119.31
-1.4824,-0.34665,-0.91762,-0.54544,0.35983,5.975,119.29
-1.5718,-0.36393,-0.95105,-0.50843,0.3728,5.9403,119.27
-1.6593,-0.37914,-0.98154,-0.46974,0.39558,5.8971,119.24
-1.7445,-0.39199,-1.0088,-0.42967,0.42781,5.8457,119.2
-1.8269,-0.40221,-1.0325,-0.38846,0.46906,5.7868,119.17
-1.9063,-0.40958,-1.0526,-0.34639,0.51883,5.7211,119.13
-1.9823,-0.41389,-1.0688,-0.30366,0.57658,5.6496,119.09
-2.0545,-0.415,-1.0812,-0.26048,0.64174,5.5733,119.05
-2.1229,-0.41278,-1.0898,-0.21702,0.7137,5.4931,119.01
-2.1872,-0.40715,-1.0945,-0.17339,0.79185,5.4104,118.97
-2.2473,-0.39807,-1.0955,-0.12969,0.87559,5.3261,118.94
-2.303,-0.38554,-1.0928,-0.085992,0.96433,5.2415,118.9
-2.3542,-0.36961,-1.0866,-0.042369,1.0575,5.1576,118.87
-2.4009,-0.35035,-1.0769,0.0010443,1.1547,5.0759,118.84
-2.443,-0.3279,-1.0639,0.044107,1.2555,4.9975,118.82
-2.4805,-0.30241,-1.0476,0.086994,1.3594,4.923,118.81
-2.5133,-0.27408,-1.0282,0.1301,1.4658,4.8524,118.79
-2.5414,-0.24312,-1.0058,0.17369,1.5741,4.7858,118.79
-2.5647,-0.2098,-0.98059,0.21789,1.6841,4.7237,118.79
-2.5832,-0.1744,-0.9526,0.2628,1.7954,4.6666,118.8
-2.5968,-0.13723,-0.92208,0.30851,1.9076,4.6148,118.82
-2.6054,-0.098646,-0.88925,0.3551,2.0206,4.5686,118.84
-2.6091,-0.05905,-0.85438,0.40265,2.1342,4.5283,118.87
-2.6079,-0.018989,-0.81789,0.45124,2.2481,4.4941,118.91
-2.6017,0.020815,-0.78038,0.50094,2.3623,4.4658,118.96
-2.5908,0.05987,-0.74232,0.55182,2.4766,4.4436,119.01
-2.5751,0.098311,-0.70384,0.60391,2.591,4.4271,119.08
-2.5547,0.13637,-0.665,0.65725,2.7055,4.4163,119.16
-2.5296,0.17404,-0.62604,0.71181,2.8199,4.4108,119.24
-2.4999,0.21121,-0.58731,0.76758,2.9343,4.4107,119.33
-2.4657,0.24772,-0.54923,0.82448,3.0486,4.4155,119.43
-2.427,0.28343,-0.51221,0.8824,3.1628,4.425,119.54
-2.3839,0.31824,-0.47669,0.94117,3.2769,4.4391,119.65
-2.3364,0.35206,-0.4431,1.0006,3.3908,4.4572,119.78
-2.2846,0.38487,-0.41185,1.0603,3.5045,4.4792,119.91
-2.2285,0.41663,-0.38335,1.12,3.6181,4.5047,120.05
-2.1682,0.44736,-0.35797,1.1792,3.7313,4.5332,120.2
-2.1036,0.47707,-0.33604,1.2373,3.8442,4.5645,120.36
-2.0348,0.5058,-0.31788,1.2936,3.9566,4.5981,120.53
-1.9618,0.53358,-0.30372,1.3475,4.0685,4.6338,120.7
-1.8847,0.56045,-0.29378,1.3979,4.1796,4.6711,120.89
-1.8035,0.58641,-0.28818,1.4438,4.2897,4.7097,121.08
-1.7184,0.61148,-0.28698,1.4842,4.3988,4.7492,121.27
-1.6293,0.63563,-0.29018,1.5178,4.5064,4.7895,121.48
-1.5364,0.65879,-0.29766,1.5434,4.6124,4.83,121.68
-1.44,0.68088,-0.30924,1.5594,4.7163,4.8707,121.89
-1.3402,0.70173,-0.32462,1.5646,4.8177,4.9111,122.11
-1.2372,0.72114,-0.34342,1.5577,4.9162,4.9509,122.32
-1.1314,0.73886,-0.36513,1.5373,5.0112,4.99,122.54
-1.023,0.75456,-0.38915,1.5022,5.102,5.0278,122.75
-0.91247,0.76783,-0.41478,1.4517,5.1879,5.064,122.96
-0.80014,0.77824,-0.44122,1.3848,5.2681,5.0982,123.16
-0.68643,0.78528,-0.46761,1.3015,5.3417,5.1299,123.36
-0.57177,0.78839,-0.49298,1.2017,5.4078,5.1584,123.54
-0.45661,0.78703,-0.51638,1.0859,5.4654,5.1832,123.72
-0.34138,0.78066,-0.53681,0.95538,5.5135,5.2036,123.88
-0.22652,0.7688,-0.55331,0.81161,5.5513,5.219,124.02
-0.11246,0.75104,-0.56501,0.65676,5.5781,5.2288,124.15
0.00037988,0.72714,-0.57122,0.49343,5.5933,5.2327,124.25
0.11071,0.6968,-0.57208,0.3249,5.5969,5.2296,124.34
0.21847,0.66013,-0.56704,0.15427,5.5887,5.2193,124.4
0.32451,0.61765,-0.55514,-0.015623,5.5689,5.2028,124.44
0.42851,0.56994,-0.53653,-0.18055,5.5372,5.1812,124.46
0.53048,0.5177,-0.51143,-0.33835,5.4947,5.1547,124.46
0.63047,0.46175,-0.4803,-0.48744,5.4424,5.124,124.44
0.72845,0.40301,-0.44383,-0.62581,5.3815,5.0902,124.4
0.82446,0.34245,-0.4028,-0.75199,5.3132,5.0546,124.34
0.91855,0.28099,-0.35804,-0.86504,5.2384,5.0185,124.26
1.0108,0.21948,-0.31039,-0.96452,5.1583,4.9829,124.16
1.1014,0.15869,-0.26066,-1.0504,5.0739,4.9491,124.05
1.1903,0.099273,-0.20958,-1.1229,4.9862,4.9178,123.92
1.2777,0.041862,-0.15771,-1.1827,4.8958,4.89,123.79
1.3638,-0.01269,-0.10524,-1.2305,4.8033,4.8665,123.64
1.4487,-0.063473,-0.05217,-1.2669,4.7091,4.8478,123.48
1.5325,-0.11089,0.00027885,-1.2929,4.6138,4.8344,123.32
1.6149,-0.15583,0.050475,-1.3094,4.5178,4.8264,123.14
1.6961,-0.19852,0.098129,-1.3172,4.4216,4.8238,122.97
1.7761,-0.23879,0.14378,-1.3171,4.3257,4.8266,122.79
1.8552,-0.27661,0.18761,-1.3098,4.2306,4.8351,122.6
1.9332,-0.31202,0.2296,-1.2959,4.1363,4.8493,122.42
2.0102,-0.34514,0.26967,-1.2759,4.0431,4.8694,122.23
2.0862,-0.37607,0.30773,-1.2503,3.9511,4.8956,122.04
2.1609,-0.40495,0.34374,-1.2194,3.8603,4.9279,121.86
2.2344,-0.43188,0.37762,-1.1836,3.7707,4.9665,121.68
2.3066,-0.45696,0.40932,-1.1432,3.6824,5.0115,121.5
2.3771,-0.48029,0.43877,-1.0982,3.5952,5.0631,121.32
2.446,-0.50192,0.46591,-1.0489,3.5091,5.1216,121.14
2.5128,-0.52188,0.49064,-0.99528,3.424,5.187,120.97
2.5774,-0.54017,0.51285,-0.9375,3.3398,5.2596,120.8
2.6394,-0.55679,0.53239,-0.87555,3.2564,5.3397,120.64
2.6985,-0.57166,0.54911,-0.80943,3.1735,5.4276,120.49
2.7541,-0.58469,0.5628,-0.73912,3.0909,5.5235,120.34
2.8059,-0.59576,0.57323,-0.66458,3.0086,5.6278,120.19
2.8533,-0.60472,0.58011,-0.58575,2.9262,5.7408,120.05
2.8956,-0.61136,0.58314,-0.50257,2.8436,5.8628,119.92
2.9323,-0.61547,0.58195,-0.41496,2.7605,5.994,119.8
2.9625,-0.61678,0.57613,-0.32285,2.6766,6.1347,119.69
2.9854,-0.61502,0.56525,-0.22615,2.5917,6.285,119.58
3.0001,-0.60988,0.5488,-0.12482,2.5055,6.4449,119.48
3.0056,-0.60102,0.52628,-0.018848,2.4178,6.6142,119.39
3.0009,-0.58812,0.49708,0.091197,2.3284,6.7904,119.31
2.9849,-0.57084,0.46064,0.20486,2.237,6.971,119.25
2.9565,-0.54887,0.41657,0.32303,2.1433,7.1584,119.19
2.9146,-0.5219,0.36447,0.44552,2.047,7.3513,119.14
2.8582,-0.4897,0.30404,0.57192,1.948,7.5475,119.11
2.7862,-0.45208,0.23519,0.70163,1.8461,7.7443,119.08
2.6981,-0.40897,0.15807,0.83384,1.7416,7.938,119.07
2.5934,-0.3604,0.073209,0.96754,1.6345,8.1247,119.06
2.4723,-0.30654,-0.018223,1.1014,1.5254,8.2999,119.07
2.3356,-0.24737,-0.11355,1.2341,1.4158,8.4596,119.08
2.1845,-0.18365,-0.21191,1.3636,1.3055,8.5977,119.1
2.0205,-0.11644,-0.31208,1.4883,1.1953,8.7087,119.13
1.8462,-0.046853,-0.4115,1.6061,1.0864,8.7884,119.16
1.6647,0.023481,-0.50765,1.7153,0.981,8.8339,119.19
1.4794,0.092334,-0.59848,1.8142,0.88141,8.8439,119.23
1.2938,0.15937,-0.68109,1.9016,0.78924,8.818,119.25
1.1114,0.22431,-0.75309,1.9767,0.70583,8.7575,119.28
0.93536,0.2863,-0.81316,2.0389,0.6327,8.6652,119.3
0.7681,0.34456,-0.86079,2.0882,0.57113,8.5449,119.31
0.61148,0.3985,-0.89611,2.1249,0.52207,8.401,119.32
0.4667,0.44778,-0.91981,2.1496,0.4861,8.2382,119.32
0.33433,0.49227,-0.93293,2.1632,0.46346,8.0612,119.32
0.21439,0.53203,-0.93678,2.1664,0.45407,7.8745,119.31
0.10653,0.56726,-0.93273,2.1604,0.45761,7.682,119.3
0.010164,0.59824,-0.92209,2.1459,0.47356,7.4872,119.29
-0.074673,0.62548,-0.90538,2.1234,0.50101,7.2911,119.29
-0.14882,0.64936,-0.88361,2.0937,0.53922,7.0957,119.28
-0.21438,0.66999,-0.85865,2.058,0.5879,6.9056,119.28
-0.2725,0.68765,-0.83146,2.0169,0.64642,6.7229,119.29
-0.32408,0.70258,-0.8027,1.9709,0.71411,6.549,119.3
-0.36993,0.715,-0.77285,1.9203,0.79034,6.3848,119.32
-0.41076,0.72506,-0.74229,1.8653,0.87448,6.231,119.35
-0.4472,0.73287,-0.71126,1.806,0.96598,6.088,119.38
-0.47977,0.7385,-0.67995,1.7426,1.0643,5.9561,119.43
-0.50894,0.74198,-0.64845,1.675,1.169,5.8354,119.48
-0.53508,0.74328,-0.61681,1.6033,1.2796,5.7258,119.55
-0.5585,0.74237,-0.58503,1.5273,1.3957,5.6272,119.62
-0.57945,0.73918,-0.55307,1.4471,1.5169,5.5394,119.71
-0.59812,0.73363,-0.52085,1.3626,1.6429,5.462,119.81
-0.61466,0.72561,-0.48829,1.2739,1.7733,5.3948,119.92
-0.62918,0.715,-0.45527,1.1808,1.9078,5.3373,120.04
-0.64177,0.70168,-0.42166,1.0835,2.046,5.2892,120.17
-0.65248,0.68554,-0.38733,0.98222,2.1877,5.2501,120.31
-0.66134,0.66646,-0.35215,0.87707,2.3326,5.2196,120.47
-0.66838,0.64434,-0.31598,0.76838,2.4804,5.1972,120.63
-0.6736,0.61908,-0.2787,0.65658,2.6307,5.1826,120.8
-0.67702,0.59063,-0.24018,0.54219,2.7832,5.1754,120.98
-0.67865,0.55896,-0.20032,0.42585,2.9375,5.1752,121.17
-0.67849,0.52408,-0.15906,0.30835,3.0934,5.1818,121.37
-0.67658,0.48604,-0.11634,0.19059,3.2504,5.1947,121.58
-0.67297,0.44493,-0.072225,0.073612,3.4081,5.2138,121.79
-0.66779,0.40085,-0.026939,-0.041213,3.566,5.2385,122
-0.66152,0.35394,0.018786,-0.15123,3.7237,5.2662,122.22
-0.65405,0.30426,0.064513,-0.25639,3.8809,5.2981,122.44
-0.64527,0.25234,0.11063,-0.3559,4.0366,5.335,122.66
-0.63515,0.19887,0.15759,-0.44844,4.1898,5.3771,122.87
-0.62376,0.14446,0.20539,-0.53272,4.3392,5.4243,123.08
-0.61117,0.089709,0.25378,-0.6075,4.4839,5.4767,123.29
-0.59742,0.035349,0.3025,-0.67172,4.6226,5.5339,123.48
-0.58245,-0.017534,0.35161,-0.72445,4.7537,5.5955,123.66
-0.56615,-0.067754,0.40115,-0.76503,4.8755,5.6609,123.82
-0.54855,-0.1151,0.44988,-0.7933,4.9872,5.7295,123.97
-0.52971,-0.15948,0.49636,-0.80941,5.0881,5.8008,124.1
-0.5096,-0.2004,0.5396,-0.81384,5.1772,5.8741,124.2
-0.48813,-0.23724,0.57881,-0.8074,5.2532,5.9484,124.28
-0.46522,-0.26938,0.61325,-0.79128,5.3154,6.0229,124.34
-0.44082,-0.29627,0.64224,-0.76697,5.3628,6.0965,124.36
-0.41495,-0.31747,0.66516,-0.73625,5.395,6.168,124.36
-0.38769,-0.33265,0.68147,-0.70107,5.4116,6.2364,124.33
-0.35925,-0.34164,0.6908,-0.66351,5.4125,6.3007,124.27
-0.32993,-0.34439,0.69289,-0.62562,5.3981,6.3598,124.19
-0.30018,-0.34101,0.68769,-0.58937,5.3686,6.4129,124.08
-0.27055,-0.33175,0.67533,-0.55652,5.3247,6.4594,123.94
-0.24167,-0.31699,0.65613,-0.52857,5.2672,6.4987,123.78
-0.21426,-0.29723,0.6306,-0.5067,5.1968,6.5303,123.6
-0.18905,-0.27306,0.5994,-0.4917,5.1145,6.5541,123.4
-0.16677,-0.24514,0.56335,-0.48401,5.0213,6.5702,123.19
-0.14807,-0.2142,0.52335,-0.48369,4.918,6.5787,122.97
-0.13353,-0.18098,0.48038,-0.49049,4.8055,6.58,122.73
-0.1236,-0.14622,0.43541,-0.50386,4.6848,6.5747,122.5
-0.11858,-0.11065,0.38941,-0.52303,4.5566,6.5633,122.26
-0.1186,-0.074971,0.34324,-0.54707,4.4219,6.5468,122.02
-0.12367,-0.03991,0.29761,-0.57498,4.2814,6.5262,121.78
-0.13366,-0.0062264,0.25299,-0.60571,4.1363,6.5028,121.54
-0.14829,0.025396,0.20969,-0.63824,3.9873,6.4781,121.32
-0.16719,0.054667,0.16824,-0.67158,3.8352,6.4529,121.1
-0.18984,0.081666,0.12925,-0.70482,3.6805,6.4276,120.89
-0.21572,0.10655,0.093234,-0.73713,3.5235,6.4026,120.69
-0.24426,0.12944,0.060442,-0.76783,3.3646,6.3784,120.51
-0.27492,0.15048,0.030991,-0.79636,3.2044,6.3556,120.34
-0.30719,0.16984,0.0048786,-0.82227,3.0432,6.3347,120.18
-0.34058,0.18768,-0.018098,-0.84522,2.8816,6.3161,120.04
-0.37472,0.20412,-0.038379,-0.86497,2.7202,6.3004,119.91
-0.40927,0.21926,-0.056535,-0.88138,2.5597,6.2883,119.8
-0.44396,0.23321,-0.073131,-0.89439,2.4009,6.2805,119.7
-0.47856,0.2461,-0.08868,-0.90402,2.2442,6.2773,119.62
-0.51288,0.25806,-0.10363,-0.91032,2.0904,6.279,119.55
-0.5468,0.26924,-0.11839,-0.91341,1.94,6.2857,119.5
-0.58022,0.27978,-0.1333,-0.91338,1.7935,6.2976,119.45
-0.61307,0.28979,-0.14865,-0.91036,1.6515,6.3144,119.42
-0.64534,0.29939,-0.16468,-0.90445,1.5145,6.336,119.39
-0.67703,0.30866,-0.18158,-0.89574,1.383,6.3619,119.37
-0.70814,0.31769,-0.19946,-0.88432,1.2576,6.3917,119.36
-0.73872,0.32651,-0.21837,-0.87024,1.1388,6.4249,119.36
-0.76877,0.33516,-0.2383,-0.85353,1.0272,6.4605,119.36
-0.79831,0.34366,-0.25916,-0.83422,0.92329,6.4979,119.36
-0.82734,0.35198,-0.28079,-0.81231,0.82768,6.5361,119.37
-0.85582,0.3601,-0.30299,-0.78781,0.74086,6.5739,119.37
-0.88369,0.36797,-0.32547,-0.76071,0.66334,6.6104,119.38
-0.91086,0.37552,-0.3479,-0.73104,0.59558,6.6444,119.38
-0.93718,0.38267,-0.3699,-0.69881,0.53798,6.6748,119.38
-0.96248,0.38933,-0.39107,-0.6641,0.49089,6.7004,119.38
-0.98654,0.39537,-0.411,-0.62699,0.45455,6.7203,119.37
-1.0091,0.40071,-0.42926,-0.58761,0.42912,6.7336,119.35
-1.0299,0.40522,-0.44546,-0.54612,0.41466,6.7396,119.33
-1.0487,0.40881,-0.45925,-0.50274,0.41112,6.7379,119.31
-1.0652,0.41139,-0.47031,-0.45768,0.41835,6.7281,119.28
-1.079,0.41288,-0.47842,-0.41121,0.43609,6.7103,119.25
-1.0901,0.41323,-0.4834,-0.36358,0.46399,6.6847,119.21
-1.098,0.41241,-0.48517,-0.31505,0.50165,6.6516,119.17
-1.1027,0.41042,-0.48373,-0.26588,0.54857,6.6118,119.13
-1.1041,0.40728,-0.47912,-0.21628,0.60424,6.566,119.09
-1.102,0.40304,-0.47148,-0.16644,0.66809,6.5151,119.04
-1.0965,0.39775,-0.46099,-0.11652,0.73957,6.4601,119
-1.0876,0.39152,-0.44789,-0.066641,0.81813,6.402,118.97
-1.0752,0.38442,-0.43244,-0.016963,0.90328,6.3419,118.93
-1.0595,0.37656,-0.41492,0.032259,0.99465,6.2815,118.9
-1.0407,0.36806,-0.39562,0.081005,1.0918,6.2214,118.88
-1.0189,0.35906,-0.37486,0.12975,1.1941,6.1617,118.86
-0.99423,0.3497,-0.35294,0.17886,1.3011,6.1028,118.86
-0.96691,0.3401,-0.33018,0.22855,1.4122,6.0452,118.86
-0.93705,0.33038,-0.30691,0.27896,1.5271,5.9894,118.87
-0.90476,0.32066,-0.28342,0.33024,1.6456,5.9361,118.89
-0.87014,0.31106,-0.26004,0.38252,1.7674,5.8855,118.92
-0.83328,0.30169,-0.23707,0.43595,1.8922,5.838,118.96
-0.79426,0.29267,-0.21481,0.49068,2.0198,5.7939,119.02
-0.75312,0.28411,-0.19355,0.54682,2.1501,5.7533,119.09
-0.7099,0.27612,-0.17359,0.60444,2.2827,5.7163,119.17
-0.66459,0.26881,-0.15523,0.66359,2.4176,5.6829,119.26
-0.61717,0.26229,-0.13876,0.72426,2.5545,5.6531,119.37
-0.56761,0.25665,-0.12446,0.78636,2.6932,5.6268,119.49
-0.51583,0.25201,-0.11262,0.84973,2.8336,5.604,119.62
-0.46177,0.24844,-0.10353,0.91412,2.9753,5.5845,119.76
-0.40533,0.24604,-0.097418,0.97917,3.1182,5.5682,119.92
-0.34643,0.24489,-0.094537,1.0444,3.262,5.5549,120.09
-0.28499,0.24504,-0.095087,1.1093,3.4063,5.5443,120.27
-0.22092,0.24656,-0.09924,1.173,3.5508,5.5364,120.47
-0.15419,0.24946,-0.10714,1.2348,3.6951,5.531,120.67
-0.084796,0.25374,-0.11888,1.2936,3.8387,5.528,120.88
-0.012883,0.25933,-0.13462,1.3484,3.9811,5.5274,121.1
0.060933,0.26598,-0.15479,1.3983,4.122,5.5302,121.33
0.13638,0.2735,-0.17949,1.442,4.2609,5.5363,121.57
0.21406,0.28198,-0.20796,1.4778,4.3967,5.544,121.81
0.29391,0.29126,-0.23977,1.5041,4.5286,5.5529,122.05
0.37551,0.3011,-0.27454,1.5194,4.6557,5.5629,122.29
0.45835,0.31117,-0.31182,1.5225,4.7771,5.5737,122.53
0.54181,0.3211,-0.35105,1.5122,4.8919,5.5853,122.76
0.6252,0.33044,-0.39156,1.4876,4.9991,5.5973,122.99
0.70777,0.33872,-0.43261,1.448,5.0975,5.6095,123.21
0.78871,0.34539,-0.47334,1.3931,5.1862,5.6214,123.41
0.86716,0.3499,-0.51286,1.3232,5.2642,5.6325,123.6
0.94227,0.35167,-0.55021,1.2389,5.3303,5.6422,123.77
1.0132,0.35015,-0.58444,1.1414,5.3837,5.6499,123.92
1.0792,0.34482,-0.61463,1.0323,5.4237,5.655,124.05
1.1395,0.33526,-0.63993,0.91404,5.4498,5.6571,124.16
1.1936,0.32116,-0.65961,0.78903,5.4617,5.6557,124.24
1.241,0.30235,-0.67312,0.66018,5.4593,5.6507,124.3
1.2817,0.27886,-0.68006,0.53047,5.4431,5.6422,124.33
1.3154,0.25085,-0.68027,0.40286,5.4135,5.6304,124.33
1.3424,0.21869,-0.67381,0.28008,5.3714,5.616,124.31
1.3629,0.18287,-0.6609,0.16455,5.3178,5.5996,124.27
1.3775,0.14401,-0.64197,0.058258,5.2539,5.5822,124.21
1.3865,0.10283,-0.61754,-0.037002,5.1806,5.5648,124.12
1.3903,0.06025,-0.58817,-0.11924,5.0983,5.548,124.01
1.3898,0.017067,-0.55434,-0.18894,5.0087,5.5328,123.89
1.3857,-0.025677,-0.51632,-0.24633,4.9128,5.5199,123.75
1.3787,-0.067177,-0.47467,-0.29157,4.8116,5.51,123.59
1.3691,-0.1073,-0.43059,-0.32519,4.7063,5.5041,123.43
1.3573,-0.14599,-0.38521,-0.34791,4.5981,5.5028,123.25
1.3437,-0.18303,-0.33926,-0.36055,4.4877,5.5065,123.07
1.3285,-0.21816,-0.29329,-0.36394,4.3757,5.5156,122.88
1.3121,-0.25118,-0.24772,-0.35895,4.2627,5.5305,122.68
1.2946,-0.2819,-0.20287,-0.34641,4.1488,5.5512,122.49
1.2763,-0.31022,-0.15901,-0.32711,4.0345,5.5779,122.29
1.2573,-0.33607,-0.11638,-0.30179,3.9199,5.6108,122.09
1.2376,-0.35943,-0.075195,-0.2711,3.8053,5.6498,121.89
1.2173,-0.38037,-0.035705,-0.23563,3.6908,5.695,121.69
1.1964,-0.399,0.0017135,-0.19589,3.5764,5.7461,121.5
1.1747,-0.41546,0.036743,-0.15228,3.4621,5.8029,121.31
1.1523,-0.42973,0.069502,-0.10519,3.3481,5.8656,121.13
1.1292,-0.44169,0.10037,-0.054946,3.2342,5.9343,120.95
1.1056,-0.4513,0.12961,-0.0019791,3.1208,6.0097,120.78
1.0813,-0.45856,0.15737,0.053159,3.0083,6.092,120.61
1.0563,-0.46346,0.18371,0.11044,2.8966,6.1812,120.46
1.0303,-0.4659,0.20861,0.17035,2.7851,6.2772,120.31
1.0032,-0.46581,0.23209,0.2331,2.6736,6.3802,120.17
0.97473,-0.46314,0.25414,0.29872,2.562,6.4901,120.04
0.9447,-0.45779,0.27479,0.36721,2.4503,6.607,119.93
0.91291,-0.44969,0.29406,0.43861,2.3383,6.731,119.82
0.87911,-0.43872,0.31195,0.51296,2.2261,6.8618,119.72
0.84304,-0.42475,0.3285,0.59032,2.1136,6.9993,119.63
0.80445,-0.40763,0.34371,0.67072,2.0009,7.1431,119.56
0.76307,-0.38721,0.35759,0.7542,1.8881,7.2926,119.49
0.71863,-0.36332,0.37014,0.84073,1.7752,7.4468,119.44
0.67089,-0.33581,0.38135,0.93023,1.6624,7.6048,119.39
0.61963,-0.30453,0.3912,1.0225,1.5499,7.7649,119.36
0.56468,-0.26937,0.39964,1.1174,1.4381,7.9254,119.34
0.50595,-0.23027,0.40662,1.2144,1.3274,8.0841,119.32
0.44345,-0.18723,0.41209,1.3129,1.2185,8.2382,119.31
0.3773,-0.14035,0.41597,1.4123,1.1119,8.3849,119.31
0.30775,-0.089858,0.41815,1.5117,1.0086,8.5208,119.32
0.23522,-0.036205,0.41844,1.6099,0.90962,8.6426,119.32
0.16019,0.019739,0.41632,1.7057,0.8164,8.7463,119.33
0.083294,0.076823,0.41112,1.7977,0.73064,8.828,119.34
0.0056964,0.13485,0.40346,1.8845,0.653,8.8853,119.34
-0.070815,0.19384,0.39471,1.9648,0.58339,8.9166,119.34
-0.14513,0.25308,0.38519,2.0373,0.52252,8.9202,119.34
-0.21697,0.31139,0.37422,2.1016,0.47192,8.8958,119.33
-0.2855,0.36778,0.36175,2.1571,0.43242,8.8442,119.31
-0.34989,0.42142,0.34796,2.2035,0.40458,8.7667,119.3
-0.40942,0.47161,0.33303,2.2404,0.3887,8.6655,119.27
-0.46361,0.51781,0.31715,2.268,0.38492,8.5433,119.25
-0.51216,0.55964,0.30049,2.2866,0.3932,8.4031,119.22
-0.555,0.59688,0.28324,2.2967,0.41336,8.2482,119.19
-0.59221,0.62948,0.26552,2.2989,0.44513,8.0817,119.16
-0.62402,0.6575,0.24748,2.294,0.48813,7.9069,119.14
-0.65079,0.68111,0.22922,2.2826,0.54192,7.7268,119.12
-0.67292,0.70058,0.21082,2.2656,0.60603,7.544,119.11
-0.69089,0.7162,0.19235,2.2436,0.67996,7.3611,119.11
-0.70516,0.7283,0.17389,2.2173,0.76322,7.1801,119.11
-0.7162,0.73724,0.15548,2.1871,0.8553,7.003,119.13
-0.72447,0.74334,0.13717,2.1535,0.9557,6.8312,119.16
-0.73037,0.74693,0.11904,2.1169,1.0639,6.6662,119.2
-0.73426,0.7483,0.10114,2.0775,1.1795,6.509,119.26
-0.73646,0.74771,0.083575,2.0354,1.3019,6.3604,119.32
-0.73722,0.74538,0.066457,1.9908,1.4306,6.221,119.4
-0.73676,0.74149,0.049937,1.9436,1.5651,6.0915,119.5
-0.73523,0.73617,0.034196,1.8937,1.7048,5.9722,119.61
-0.73273,0.72952,0.019423,1.8409,1.8492,5.8632,119.73
-0.72934,0.72155,0.0057892,1.7852,1.9979,5.7648,119.87
-0.7251,0.71222,-0.006583,1.7261,2.1502,5.6769,120.02
-0.71999,0.70143,-0.017621,1.6634,2.3059,5.5994,120.19
-0.714,0.68899,-0.027282,1.5968,2.4646,5.5323,120.36
-0.70704,0.67469,-0.035527,1.5258,2.6258,5.4754,120.55
-0.69899,0.65829,-0.042302,1.4503,2.7891,5.4284,120.74
-0.68967,0.63951,-0.047531,1.3697,2.954,5.3909,120.95
-0.67889,0.61805,-0.051118,1.2837,3.1199,5.3626,121.16
-0.66638,0.5936,-0.052952,1.1922,3.2861,5.343,121.38
-0.65187,0.56585,-0.052922,1.0948,3.452,5.3314,121.61
-0.63505,0.53452,-0.050929,0.99143,3.6166,5.3272,121.84
-0.61559,0.49935,-0.046896,0.88225,3.7791,5.3296,122.07
-0.5932,0.46014,-0.040791,0.76752,3.9387,5.3377,122.3
-0.56759,0.41679,-0.032642,0.6478,4.0943,5.3505,122.53
-0.53856,0.36928,-0.022551,0.52393,4.2452,5.3672,122.76
-0.50599,0.31776,-0.010705,0.3971,4.3902,5.3866,122.98
-0.46986,0.26253,0.0026375,0.26881,4.5286,5.4078,123.19
-0.4303,0.20403,0.017174,0.14091,4.6595,5.4299,123.39
-0.38757,0.14295,0.032611,0.015512,4.7818,5.4522,123.58
-0.34261,0.080323,0.048586,-0.10327,4.8948,5.4722,123.75
-0.29615,0.017384,0.065045,-0.21225,4.9975,5.4882,123.91
-0.24784,-0.044667,0.08303,-0.31216,5.0876,5.5038,124.04
-0.19814,-0.10464,0.10273,-0.40146,5.164,5.519,124.16
-0.14756,-0.16235,0.12227,-0.47947,5.2277,5.5341,124.25
-0.09657,-0.2173,0.14049,-0.5457,5.2791,5.5494,124.32
-0.045603,-0.26881,0.15678,-0.59988,5.3183,5.565,124.36
0.0048236,-0.31632,0.17042,-0.64187,5.3454,5.5806,124.38
0.054135,-0.35939,0.18062,-0.67176,5.3612,5.5957,124.37
0.10234,-0.39768,0.18719,-0.69093,5.3656,5.6099,124.34
0.1498,-0.43093,0.1904,-0.70155,5.3585,5.6234,124.29
0.19661,-0.45905,0.19026,-0.70548,5.3403,5.6358,124.21
0.24269,-0.48207,0.18668,-0.70438,5.3113,5.6469,124.11
0.28789,-0.50013,0.17956,-0.6998,5.2725,5.6562,123.99
0.33205,-0.51345,0.16889,-0.6932,5.2246,5.6634,123.85
0.37493,-0.52235,0.15474,-0.68591,5.1684,5.6684,123.7
0.41632,-0.52723,0.13723,-0.67908,5.1047,5.671,123.53
0.45597,-0.5285,0.1166,-0.67366,5.0344,5.6712,123.35
0.49362,-0.52663,0.093146,-0.67042,4.958,5.6692,123.15
0.52906,-0.52208,0.067295,-0.66989,4.8763,5.6653,122.95
0.5621,-0.51528,0.039597,-0.67244,4.7895,5.6597,122.74
0.59261,-0.50658,0.010788,-0.67828,4.698,5.6527,122.53
0.62052,-0.49631,-0.018345,-0.68744,4.6018,5.6446,122.32
0.64574,-0.48481,-0.047341,-0.69984,4.5012,5.6357,122.1
0.66815,-0.47255,-0.076234,-0.71523,4.3969,5.6265,121.88
0.68764,-0.45999,-0.10518,-0.73332,4.2894,5.6175,121.67
0.70416,-0.4475,-0.13418,-0.75372,4.1793,5.6093,121.46
0.71772,-0.43532,-0.16306,-0.77606,4.067,5.6024,121.25
0.72838,-0.42363,-0.19157,-0.79994,3.9526,5.5975,121.06
0.73623,-0.41253,-0.21944,-0.82494,3.8363,5.5948,120.87
0.74136,-0.40208,-0.24645,-0.85068,3.7183,5.5947,120.68
0.74391,-0.39226,-0.2724,-0.87677,3.5988,5.5976,120.51
0.74398,-0.38305,-0.29712,-0.90283,3.4779,5.6037,120.35
0.74171,-0.37438,-0.32053,-0.9285,3.3557,5.6133,120.19
0.73719,-0.36614,-0.34254,-0.95344,3.2325,5.6266,120.05
0.73054,-0.35823,-0.36315,-0.97733,3.1084,5.6438,119.92
0.72183,-0.35051,-0.38236,-0.99985,2.9836,5.6649,119.8
0.71115,-0.34282,-0.40022,-1.0207,2.8585,5.6901,119.69
0.69854,-0.33502,-0.4168,-1.0396,2.7332,5.7194,119.59
0.68405,-0.32696,-0.43219,-1.0563,2.6079,5.7526,119.51
0.66769,-0.31846,-0.4465,-1.0705,2.483,5.7899,119.43
0.64949,-0.30938,-0.45984,-1.082,2.3588,5.8309,119.37
