0.3,0.1,0.1995
0.3,0.1,0.1995
0.29961,0.10015,0.1993
0.29893,0.10042,0.19895
0.29801,0.10079,0.19847
0.29692,0.10124,0.19789
0.29572,0.10175,0.19723
0.29443,0.10232,0.19651
0.29311,0.10292,0.19573
0.29178,0.10356,0.19492
0.29046,0.10421,0.19408
0.28918,0.10488,0.19322
0.28796,0.10556,0.19235
0.2868,0.10624,0.19146
0.28571,0.10692,0.19057
0.28472,0.1076,0.18968
0.28381,0.10828,0.18879
0.28301,0.10896,0.18791
0.2823,0.10962,0.18704
0.2817,0.11029,0.18618
0.28121,0.11095,0.18534
0.28082,0.1116,0.18451
0.28054,0.11225,0.1837
0.28038,0.1129,0.18292
0.28032,0.11354,0.18216
0.28037,0.11419,0.18144
0.28053,0.11483,0.18075
0.28081,0.11547,0.1801
0.28118,0.11611,0.17949
0.28167,0.11675,0.17894
0.28226,0.11739,0.17845
0.28295,0.11802,0.17802
0.28374,0.11864,0.17767
0.28462,0.11925,0.1774
0.28561,0.11985,0.17723
0.28668,0.12043,0.17715
0.28784,0.12099,0.17718
0.28909,0.12151,0.17733
0.29042,0.122,0.17761
0.29182,0.12244,0.17802
0.29328,0.12282,0.17858
0.29481,0.12312,0.1793
0.29639,0.12335,0.18018
0.298,0.12347,0.18122
0.29965,0.12349,0.18242
0.30131,0.12337,0.18378
0.30298,0.12312,0.1853
0.30464,0.1227,0.18697
0.30628,0.12212,0.18878
0.3079,0.12134,0.19071
0.30947,0.12037,0.19275
0.311,0.11919,0.19487
0.31247,0.11779,0.19705
0.31387,0.11617,0.19928
0.3152,0.11434,0.20151
0.31646,0.11229,0.20374
0.31764,0.11003,0.20592
0.31874,0.10757,0.20805
0.31976,0.10492,0.21009
0.32071,0.10211,0.21202
0.32159,0.099137,0.21383
0.3224,0.096033,0.21549
0.32316,0.092815,0.21701
0.32386,0.089504,0.21836
0.32451,0.086118,0.21955
0.32513,0.082677,0.22058
0.32571,0.0792,0.22143
0.32626,0.075701,0.22213
0.32678,0.072197,0.22267
0.32729,0.0687,0.22307
0.32779,0.065222,0.22332
0.32828,0.061773,0.22344
0.32876,0.058358,0.22343
0.32923,0.054984,0.22331
0.32971,0.051654,0.22308
0.33018,0.048371,0.22276
0.33065,0.045136,0.22237
0.33113,0.04195,0.2219
0.3316,0.038812,0.22138
0.33208,0.03572,0.2208
0.33255,0.032671,0.22019
0.33302,0.029663,0.21954
0.33349,0.026692,0.21887
0.33396,0.023754,0.21818
0.33442,0.020845,0.21749
0.33486,0.017965,0.21678
0.33529,0.015109,0.21607
0.33571,0.012274,0.21536
0.3361,0.0094551,0.21466
0.33647,0.0066483,0.21397
0.33681,0.0038494,0.21329
0.33712,0.0010547,0.21263
0.3374,-0.0017392,0.21199
0.33765,-0.0045353,0.21138
0.33786,-0.0073365,0.21078
0.33802,-0.010145,0.21022
0.33815,-0.012964,0.20969
0.33824,-0.015794,0.2092
0.33828,-0.018639,0.20875
0.33829,-0.021499,0.20833
0.33826,-0.024377,0.20797
0.33819,-0.027275,0.20765
0.33808,-0.030195,0.20738
0.33795,-0.033137,0.20717
0.33778,-0.036106,0.20701
0.3376,-0.039101,0.20691
0.3374,-0.042124,0.20688
0.33718,-0.045178,0.2069
0.33696,-0.048263,0.20699
0.33673,-0.05138,0.20714
0.33651,-0.054529,0.20736
0.3363,-0.057712,0.20764
0.33609,-0.060927,0.20799
0.3359,-0.064174,0.20839
0.33573,-0.067452,0.20886
0.33558,-0.07076,0.20939
0.33545,-0.074094,0.20998
0.33534,-0.077454,0.21063
0.33525,-0.080836,0.21134
0.33519,-0.084238,0.2121
0.33515,-0.087656,0.21291
0.33513,-0.091086,0.21378
0.33514,-0.094527,0.21469
0.33516,-0.097972,0.21565
0.33521,-0.10142,0.21666
0.33528,-0.10486,0.21771
0.33535,-0.1083,0.2188
0.33544,-0.11172,0.21993
0.33554,-0.11513,0.22109
0.33564,-0.11851,0.22229
0.33574,-0.12187,0.22351
0.33584,-0.1252,0.22477
0.33592,-0.1285,0.22604
0.33599,-0.13175,0.22734
0.33604,-0.13497,0.22865
0.33607,-0.13814,0.22997
0.33606,-0.14127,0.23131
0.33603,-0.14434,0.23264
0.33595,-0.14736,0.23397
0.33584,-0.15033,0.23529
0.33568,-0.15325,0.23659
0.33548,-0.15611,0.23788
0.33523,-0.15891,0.23913
0.33494,-0.16166,0.24035
0.3346,-0.16435,0.24152
0.33422,-0.16699,0.24264
0.33381,-0.16958,0.2437
0.33336,-0.17211,0.24469
0.3329,-0.17459,0.2456
0.33243,-0.17702,0.24643
0.33195,-0.1794,0.24718
0.33149,-0.18173,0.24783
0.33106,-0.18399,0.24838
0.33067,-0.1862,0.24884
0.33034,-0.18835,0.24921
0.33009,-0.19042,0.24948
0.32992,-0.19241,0.24966
0.32986,-0.19431,0.24977
0.32991,-0.19612,0.2498
0.3301,-0.1978,0.24977
0.33041,-0.19937,0.2497
0.33087,-0.20079,0.2496
0.33148,-0.20207,0.24949
0.33222,-0.20318,0.24938
0.33312,-0.20411,0.24928
0.33415,-0.20484,0.24921
0.33532,-0.20537,0.24919
0.33662,-0.20568,0.24922
0.33804,-0.20576,0.24932
0.33957,-0.20559,0.24949
0.34119,-0.20518,0.24976
0.34289,-0.2045,0.25011
0.34467,-0.20355,0.25057
0.3465,-0.20233,0.25113
0.34839,-0.20083,0.25181
0.3503,-0.19905,0.25259
0.35223,-0.19699,0.25348
0.35418,-0.19465,0.25449
0.35612,-0.19202,0.25561
0.35804,-0.1891,0.25685
0.35994,-0.1859,0.25819
0.3618,-0.18242,0.25963
0.36362,-0.17866,0.26116
0.36539,-0.17463,0.26279
0.36709,-0.17032,0.26449
0.36872,-0.16575,0.26627
0.37028,-0.16092,0.26811
0.37176,-0.15584,0.27001
0.37316,-0.15051,0.27196
0.37447,-0.14494,0.27395
0.37568,-0.13915,0.27596
0.37681,-0.13313,0.278
0.37784,-0.1269,0.28005
0.37878,-0.12046,0.2821
0.37962,-0.11383,0.28415
0.38036,-0.10702,0.28618
0.38101,-0.10003,0.28819
0.38156,-0.092871,0.29018
0.38201,-0.085559,0.29213
0.38237,-0.0781,0.29403
0.38263,-0.070503,0.29588
0.3828,-0.062778,0.29767
0.38286,-0.054932,0.29939
0.38283,-0.046973,0.30104
0.3827,-0.038909,0.30261
0.38247,-0.030746,0.30409
0.38214,-0.022491,0.30547
0.38172,-0.014148,0.30675
0.3812,-0.0057232,0.30792
0.38058,0.0027795,0.30897
0.37988,0.011356,0.30991
0.37909,0.019999,0.31072
0.37823,0.028703,0.3114
0.37729,0.037464,0.31196
0.3763,0.046274,0.31238
0.37526,0.055124,0.31268
0.3742,0.064005,0.31287
0.37313,0.072903,0.31295
0.37206,0.081802,0.31293
0.37101,0.090685,0.31281
0.37,0.09953,0.3126
0.36905,0.10832,0.31231
0.36817,0.11703,0.31195
0.36737,0.12565,0.31153
0.36666,0.13414,0.31105
0.36605,0.14251,0.31053
0.36554,0.15072,0.30997
0.36514,0.15876,0.30937
0.36485,0.16662,0.30875
0.36467,0.17429,0.30811
0.36459,0.18175,0.30746
0.36462,0.18899,0.30681
0.36475,0.19601,0.30616
0.36499,0.20279,0.30552
0.36532,0.20933,0.30489
0.36574,0.21562,0.30428
0.36626,0.22166,0.3037
0.36685,0.22744,0.30315
0.36752,0.23296,0.30264
0.36826,0.23822,0.30216
0.36908,0.24321,0.30173
0.36995,0.24794,0.30135
0.37089,0.2524,0.30103
0.37187,0.25659,0.30077
0.37291,0.26052,0.30057
0.37399,0.26418,0.30045
0.37511,0.26757,0.3004
0.37627,0.27069,0.30045
0.37746,0.27353,0.30058
0.37867,0.27611,0.30082
0.37992,0.27842,0.30116
0.38118,0.28045,0.30162
0.38246,0.2822,0.30219
0.38376,0.28367,0.3029
0.38508,0.28485,0.30375
0.38641,0.28574,0.30474
0.38776,0.28634,0.30588
0.38911,0.28662,0.30718
0.39047,0.2866,0.30865
0.39183,0.28624,0.31027
0.3932,0.28555,0.31206
0.39456,0.28451,0.31401
0.39594,0.2831,0.31612
0.39731,0.28133,0.31837
0.39868,0.27917,0.32077
0.40006,0.27662,0.3233
0.40145,0.27368,0.32593
0.40283,0.27032,0.32866
0.40423,0.26657,0.33146
0.40563,0.26241,0.3343
0.40704,0.25784,0.33717
0.40846,0.25289,0.34003
0.4099,0.24756,0.34287
0.41136,0.24186,0.34566
0.41283,0.23582,0.34837
0.41432,0.22946,0.35098
0.41584,0.2228,0.35347
0.41737,0.21588,0.35582
0.41891,0.20872,0.35803
0.42048,0.20135,0.36007
0.42206,0.1938,0.36195
0.42365,0.18611,0.36365
0.42524,0.17831,0.36518
0.42685,0.17042,0.36654
0.42845,0.16248,0.36772
0.43006,0.15451,0.36875
0.43166,0.14655,0.36962
0.43325,0.1386,0.37034
0.43483,0.1307,0.37093
0.43639,0.12286,0.37139
0.43794,0.1151,0.37174
0.43946,0.10744,0.37198
0.44097,0.099898,0.37212
0.44245,0.092476,0.37219
0.4439,0.085191,0.37217
0.44532,0.078053,0.37209
0.44671,0.07107,0.37196
0.44807,0.064252,0.37177
0.44939,0.057607,0.37154
0.45067,0.051141,0.37128
0.45191,0.044861,0.37098
0.45312,0.038772,0.37067
0.45427,0.032882,0.37033
0.45539,0.027194,0.36998
0.45645,0.021715,0.36962
0.45746,0.016449,0.36926
0.45842,0.0114,0.36889
0.45932,0.0065745,0.36851
0.46016,0.0019754,0.36814
0.46094,-0.002393,0.36778
0.46166,-0.006527,0.36742
0.46231,-0.010423,0.36707
0.46288,-0.014079,0.36674
0.46339,-0.017493,0.36642
0.46382,-0.020661,0.36613
0.46418,-0.023585,0.36586
0.46447,-0.026262,0.36563
0.46468,-0.028694,0.36544
0.46483,-0.030882,0.36528
0.4649,-0.032826,0.36518
0.46491,-0.034529,0.36512
0.46485,-0.035993,0.36512
0.46473,-0.037222,0.36518
0.46456,-0.038219,0.3653
0.46434,-0.038987,0.36549
0.46407,-0.039529,0.36575
0.46376,-0.03985,0.36607
0.46341,-0.039954,0.36646
0.46302,-0.039844,0.36692
0.46259,-0.039525,0.36746
0.46213,-0.039002,0.36806
0.46164,-0.038278,0.36872
0.46112,-0.037359,0.36945
0.46058,-0.036249,0.37024
0.46001,-0.034954,0.37109
0.45942,-0.033479,0.372
0.45881,-0.031829,0.37295
0.45817,-0.030011,0.37395
0.45751,-0.028032,0.375
0.45683,-0.025897,0.37608
0.45613,-0.023615,0.37719
0.4554,-0.021193,0.37832
0.45465,-0.01864,0.37948
0.45388,-0.015965,0.38065
0.45308,-0.013177,0.38182
0.45226,-0.010285,0.38299
0.45143,-0.0073005,0.38416
0.45058,-0.0042328,0.3853
0.44971,-0.0010924,0.38643
0.44885,0.0021103,0.38752
0.44798,0.0053652,0.38857
0.44713,0.0086624,0.38957
0.4463,0.011992,0.39052
0.44551,0.015343,0.39141
0.44476,0.018711,0.39223
0.44407,0.02209,0.39298
0.44347,0.025479,0.39364
0.44296,0.028877,0.39423
0.44256,0.032286,0.39473
0.4423,0.035709,0.39515
0.44217,0.039154,0.39549
0.44221,0.042628,0.39574
0.44243,0.046142,0.39593
0.44282,0.049707,0.39605
0.44341,0.053335,0.39611
0.44419,0.05704,0.39613
0.44517,0.060835,0.39612
0.44634,0.064731,0.39609
0.4477,0.06874,0.39606
0.44924,0.072873,0.39603
0.45095,0.077137,0.39603
0.45281,0.081539,0.39607
0.45481,0.086082,0.39616
0.45694,0.09077,0.39632
0.45917,0.095603,0.39654
0.46149,0.10058,0.39685
0.46388,0.1057,0.39725
0.46633,0.11095,0.39775
0.46882,0.11634,0.39835
0.47132,0.12184,0.39905
0.47382,0.12745,0.39986
0.4763,0.13317,0.40077
0.47876,0.13897,0.40179
0.48116,0.14484,0.40291
0.48351,0.15078,0.40413
0.48579,0.15677,0.40545
0.48799,0.16279,0.40685
0.4901,0.16884,0.40834
0.49211,0.17489,0.40991
0.49402,0.18095,0.41155
0.49582,0.18698,0.41325
0.4975,0.19299,0.41502
0.49906,0.19896,0.41683
0.50051,0.20488,0.41869
0.50182,0.21073,0.42059
0.50301,0.21651,0.4225
0.50407,0.22221,0.42444
0.50501,0.22782,0.42639
0.50581,0.23334,0.42833
0.50649,0.23875,0.43027
0.50704,0.24405,0.4322
0.50747,0.24924,0.4341
0.50776,0.25432,0.43597
0.50793,0.25928,0.4378
0.50796,0.26413,0.43958
0.50787,0.26885,0.44132
0.50764,0.27345,0.44299
0.50728,0.27794,0.44459
0.50678,0.28232,0.44611
0.50614,0.28658,0.44754
0.50537,0.29074,0.44887
0.50446,0.2948,0.4501
0.50341,0.29877,0.45121
0.50224,0.30265,0.4522
0.50093,0.30645,0.45305
0.49951,0.31018,0.45375
0.49799,0.31385,0.45431
0.49637,0.31746,0.45471
0.49468,0.32102,0.45495
0.49293,0.32453,0.45502
0.49114,0.32799,0.45494
0.48934,0.33141,0.4547
0.48755,0.33479,0.45431
0.48578,0.33812,0.45377
0.48406,0.3414,0.4531
0.48241,0.34464,0.45231
0.48083,0.34783,0.45141
0.47935,0.35096,0.4504
0.47797,0.35404,0.44931
0.47669,0.35706,0.44814
0.47553,0.36003,0.44691
0.4745,0.36293,0.44562
0.47358,0.36578,0.44429
0.47279,0.36856,0.44293
0.47212,0.37129,0.44154
0.47157,0.37395,0.44014
0.47113,0.37657,0.43874
0.4708,0.37912,0.43734
0.47059,0.38163,0.43595
0.47047,0.38409,0.43458
0.47045,0.38651,0.43323
0.47052,0.38889,0.43192
0.47067,0.39124,0.43065
0.4709,0.39356,0.42943
0.47119,0.39586,0.42826
0.47155,0.39813,0.42715
0.47197,0.4004,0.42611
0.47243,0.40266,0.42514
0.47294,0.40491,0.42426
0.47348,0.40716,0.42348
0.47405,0.40941,0.42279
0.47465,0.41166,0.42221
0.47527,0.41392,0.42175
0.47591,0.41619,0.42142
0.47656,0.41845,0.42122
0.47722,0.42071,0.42117
0.4779,0.42296,0.42127
0.47858,0.4252,0.42153
0.47927,0.42742,0.42195
0.47997,0.4296,0.42255
0.48069,0.43174,0.42332
0.48142,0.43383,0.42426
0.48218,0.43585,0.42537
0.48296,0.4378,0.42665
0.48377,0.43965,0.42809
0.48461,0.44139,0.42968
0.48549,0.44301,0.43141
0.48641,0.4445,0.43327
0.48737,0.44585,0.43523
0.48839,0.44705,0.43729
0.48945,0.44809,0.43941
0.49057,0.44898,0.44158
0.49174,0.4497,0.44378
0.49297,0.45027,0.44598
0.49424,0.45068,0.44816
0.49556,0.45093,0.45031
0.49692,0.45105,0.4524
0.49833,0.45103,0.45441
0.49976,0.45088,0.45634
0.50123,0.45062,0.45815
0.50272,0.45026,0.45985
0.50423,0.4498,0.46142
0.50575,0.44928,0.46284
0.50727,0.44868,0.46412
0.5088,0.44804,0.46525
0.51031,0.44736,0.46622
0.51181,0.44665,0.46703
0.51328,0.44593,0.46769
0.51472,0.44521,0.46819
0.51613,0.44449,0.46854
0.51749,0.4438,0.46875
0.5188,0.44313,0.46881
0.52006,0.44249,0.46874
0.52126,0.44189,0.46855
0.5224,0.44134,0.46823
0.52346,0.44084,0.46779
0.52445,0.4404,0.46725
0.52537,0.44,0.46661
0.52621,0.43967,0.46588
0.52697,0.43939,0.46506
