0.22399
0.22399
0.22404
0.22414
0.22429
0.22449
0.22475
0.22505
0.2254
0.22578
0.2262
0.22664
0.22711
0.22759
0.22809
0.22859
0.2291
0.2296
0.23011
0.23061
0.23111
0.23161
0.23211
0.23261
0.23313
0.23366
0.2342
0.23478
0.23539
0.23603
0.23671
0.23744
0.23822
0.23905
0.23993
0.24085
0.24181
0.24279
0.24379
0.24478
0.24574
0.24665
0.24748
0.24821
0.24881
0.24926
0.24954
0.24964
0.24954
0.24923
0.24873
0.24802
0.24712
0.24604
0.24478
0.24337
0.24182
0.24015
0.23839
0.23655
0.23467
0.23276
0.23085
0.22896
0.22711
0.22531
0.22358
0.22192
0.22034
0.21885
0.21745
0.21614
0.21492
0.21378
0.21272
0.21174
0.21083
0.20999
0.20922
0.20851
0.20786
0.20726
0.20672
0.20624
0.20581
0.20544
0.20512
0.20486
0.20465
0.20451
0.20443
0.20441
0.20446
0.20456
0.20473
0.20496
0.20525
0.2056
0.206
0.20645
0.20695
0.20748
0.20805
0.20865
0.20928
0.20992
0.21058
0.21126
0.21194
0.21265
0.21336
0.2141
0.21486
0.21564
0.21647
0.21733
0.21824
0.21921
0.22024
0.22135
0.22252
0.22378
0.22511
0.22653
0.22802
0.22959
0.23123
0.23293
0.23468
0.23648
0.2383
0.24014
0.24198
0.24381
0.24561
0.24738
0.24909
0.25073
0.25229
0.25375
0.2551
0.25634
0.25744
0.2584
0.25921
0.25987
0.26037
0.26072
0.2609
0.26093
0.26083
0.26059
0.26026
0.25985
0.2594
0.25895
0.25853
0.2582
0.25798
0.25791
0.25802
0.25831
0.2588
0.25948
0.26033
0.26132
0.26244
0.26364
0.26488
0.26615
0.2674
0.2686
0.26972
0.27076
0.27168
0.27247
0.27313
0.27364
0.274
0.2742
0.27423
0.2741
0.2738
0.27332
0.27266
0.27182
0.2708
0.26959
0.2682
0.26662
0.26487
0.26294
0.26085
0.25859
0.25619
0.25366
0.25102
0.24828
0.24546
0.2426
0.23972
0.23686
0.23404
0.23131
0.2287
0.22627
0.22405
0.22211
0.22047
0.21921
0.21835
0.21793
0.21799
0.21854
0.21959
0.22113
0.22313
0.22555
0.22836
0.23148
0.23485
0.23839
0.24204
0.24571
0.24934
0.25284
0.25615
0.25921
0.26196
0.26434
0.26632
0.26787
0.26898
0.26964
0.26986
0.26967
0.2691
0.26818
0.26696
0.26548
0.26379
0.26194
0.25996
0.25791
0.25581
0.2537
0.25162
0.24959
0.24765
0.2458
0.24408
0.2425
0.24108
0.23982
0.23874
0.23785
0.23715
0.23664
0.23634
0.23624
0.23634
0.23664
0.23715
0.23787
0.23879
0.2399
0.24121
0.2427
0.24437
0.24618
0.24813
0.25019
0.25233
0.25452
0.25673
0.25893
0.26108
0.26315
0.2651
0.26692
0.26858
0.27006
0.27134
0.27243
0.27332
0.27402
0.27453
0.27487
0.27506
0.2751
0.27502
0.27484
0.27458
0.27425
0.27387
0.27346
0.27304
0.27261
0.27218
0.27178
0.2714
0.27105
0.27075
0.27049
0.27029
0.27014
0.27006
0.27004
0.27009
0.2702
0.27038
0.27062
0.27092
0.27127
0.27168
0.27213
0.27262
0.27313
0.27366
0.27421
0.27475
0.27528
0.27579
0.27628
0.27673
0.27713
0.27749
0.27779
0.27803
0.27821
0.27832
0.27836
0.27833
0.27824
0.27807
0.27784
0.27753
0.27716
0.27673
0.27623
0.27567
0.27505
0.27438
0.27366
0.27288
0.27205
0.27118
0.27026
0.26928
0.26826
0.26718
0.26605
0.26487
0.26363
0.26234
0.26099
0.25961
0.2582
0.25678
0.25538
0.25403
0.25275
0.25158
0.25057
0.24973
0.24911
0.24871
0.24856
0.24864
0.24897
0.2495
0.25022
0.2511
0.2521
0.25317
0.25428
0.2554
0.2565
0.25753
0.2585
0.25938
0.26015
0.26082
0.26138
0.26183
0.26218
0.26243
0.26259
0.26267
0.26267
0.26261
0.2625
0.26233
0.26213
0.2619
0.26165
0.26138
0.26111
0.26083
0.26056
0.26031
0.26007
0.25985
0.25967
0.25951
0.25939
0.25931
0.25927
0.25927
0.25932
0.2594
0.25951
0.25964
0.25977
0.25989
0.25998
0.26
0.25993
0.25974
0.25939
0.25885
0.25809
0.25708
0.25581
0.25424
0.25237
0.25021
0.24774
0.24497
0.24193
0.23863
0.23509
0.23132
0.22737
0.22324
0.21898
0.21459
0.21011
0.20556
0.20097
0.19634
0.19171
0.1871
0.18252
0.17799
0.17354
0.16919
0.16496
0.16087
0.15695
0.15322
0.14971
0.14645
0.14346
0.14078
0.13842
0.13641
0.13476
0.13348
0.13258
0.13205
0.13186
0.13202
0.13248
0.13324
0.13427
0.13553
0.13702
0.13871
0.14058
0.14261
0.14478
0.1471
0.14953
0.15207
0.15471
0.15743
0.16021
0.16305
0.16592
0.16881
0.17171
0.17459
0.17746
0.18028
0.18306
0.18577
0.1884
0.19096
0.19342
0.19578
0.19804
0.20019
0.20222
0.20413
0.20593
0.2076
0.20915
0.21058
0.21189
