0,0,0,0,0,0,0
0,0,0,0,0,0,0
0,0,0,0,0,0,0
0,0,0,0,0,0,0
0,0,0,0,0,0,0
0.027409,1.5683,0.40477,0.061375,-0.002138,-0.069006,1.9272e-06
0.028309,1.6083,0.40863,0.045825,-0.002599,-0.066817,1.8823e-06
0.029012,1.63,0.41096,0.039084,-0.0027234,-0.065869,8.7407e-06
0.029493,1.6423,0.41244,0.03553,-0.0025399,-0.065223,2.2268e-05
0.12895,1.7695,0.50332,-0.011566,-0.015706,-0.063752,-0.00034893
0.1589,1.7625,0.54206,-0.0094196,-0.013731,-0.063722,-0.00033249
0.16404,1.7582,0.55657,-0.0085061,-0.015407,-0.063525,-0.0003772
0.15422,1.7445,0.55839,0.0080261,-0.014818,-0.066789,-0.00036925
0.13855,1.7333,0.55393,0.022374,-0.014607,-0.069684,-0.00036539
-0.05379,1.7506,0.40817,-0.021433,-0.012585,-0.066607,-0.00022079
0.034475,1.7943,0.47885,-0.047909,-0.010396,-0.063091,-0.0002327
0.065573,1.825,0.50829,-0.069956,-0.0092397,-0.059828,-0.00023769
0.067856,1.8484,0.51656,-0.089034,-0.0086483,-0.056872,-0.00024003
0.056215,1.8677,0.51425,-0.10619,-0.0083393,-0.054204,-0.00024113
-0.10264,1.7285,0.38786,-0.012123,-0.012559,-0.067546,-0.00022305
-0.034435,1.742,0.43915,-0.023317,-0.011036,-0.066731,-0.00023592
-0.0081477,1.7561,0.46119,-0.035243,-0.010202,-0.065798,-0.00024309
-0.0045976,1.7708,0.46741,-0.047636,-0.0097033,-0.064832,-0.0002464
-0.011684,1.7857,0.466,-0.06013,-0.0094028,-0.0639,-0.00024854
-0.13542,1.7275,0.3748,-0.0043495,-0.010345,-0.06718,-0.00019202
-0.058373,1.746,0.42771,-0.011115,-0.0089574,-0.067552,-0.00020793
-0.022592,1.7607,0.45305,-0.016823,-0.0081955,-0.068049,-0.00021766
-0.0083416,1.7737,0.464,-0.022089,-0.0077059,-0.068634,-0.00022284
-0.0050927,1.7859,0.46757,-0.02725,-0.0074004,-0.069256,-0.00022661
0.071867,1.9274,0.50054,-0.071899,-0.0037323,-0.056297,-1.1565e-05
0.063503,1.9476,0.49884,-0.080736,-0.0035996,-0.056881,-1.7266e-05
0.054271,1.9666,0.49674,-0.088786,-0.0034212,-0.057695,-2.5088e-05
0.044227,1.9846,0.49431,-0.096165,-0.0031934,-0.05874,-3.4843e-05
0.033446,2.0018,0.49162,-0.103,-0.0029141,-0.060005,-4.6351e-05
-0.028559,1.8522,0.47085,-0.063445,-0.0019743,-0.056914,-1.2928e-05
-0.040721,1.8709,0.4694,-0.069402,-0.0014928,-0.05852,-2.4453e-05
-0.052444,1.8917,0.46848,-0.076197,-0.00097253,-0.060132,-3.5845e-05
-0.063705,1.9154,0.46813,-0.084707,-0.00041718,-0.061673,-4.7109e-05
-0.074419,1.9416,0.46842,-0.094512,0.00017101,-0.063191,-5.8993e-05
-0.025791,1.8688,0.49526,-0.076243,-0.0014316,-0.052788,-2.7383e-05
-0.031896,1.8918,0.49935,-0.084472,-0.00050179,-0.054446,-4.0278e-05
-0.035614,1.9173,0.50509,-0.09364,0.00041844,-0.055905,-5.2338e-05
-0.037069,1.9458,0.51241,-0.10416,0.0013264,-0.057145,-6.3737e-05
-0.036396,1.9767,0.52122,-0.11557,0.002222,-0.058229,-7.5264e-05
0.02072,1.8912,0.53423,-0.065602,-0.0028078,-0.050523,-2.4329e-05
0.028426,1.9202,0.5466,-0.074185,-0.0018193,-0.05158,-3.5942e-05
0.039353,1.9513,0.56106,-0.083404,-0.00085202,-0.052394,-4.6056e-05
0.052821,1.9847,0.57723,-0.093764,0.00010247,-0.052949,-5.4945e-05
0.068196,2.0195,0.59477,-0.10473,0.001054,-0.053317,-6.3398e-05
-0.1145,1.8861,0.45903,-0.055617,-0.0067224,-0.047796,2.9829e-05
-0.096999,1.9152,0.47687,-0.064279,-0.0057295,-0.047977,2.3148e-05
-0.079138,1.9441,0.49519,-0.073186,-0.0047277,-0.048002,1.8444e-05
-0.061504,1.9732,0.51366,-0.082785,-0.0037137,-0.047865,1.5115e-05
-0.044476,2.0018,0.53206,-0.092533,-0.0026829,-0.047646,1.2004e-05
-0.11728,1.8761,0.44735,-0.052843,-0.008205,-0.04562,3.307e-05
-0.098226,1.8994,0.46536,-0.06015,-0.0071203,-0.045415,3.0551e-05
-0.079183,1.9217,0.48352,-0.067131,-0.006013,-0.04519,2.9304e-05
-0.060302,1.9437,0.50179,-0.074682,-0.0048881,-0.044884,2.9138e-05
-0.041565,1.9653,0.52014,-0.082314,-0.0037488,-0.044541,2.9014e-05
-0.068905,1.894,0.4497,-0.056996,-0.0092871,-0.045224,-1.2457e-05
-0.069557,1.9159,0.45619,-0.06727,-0.0086329,-0.044714,-1.3685e-05
-0.07008,1.9389,0.46281,-0.077589,-0.0080584,-0.044171,-1.4465e-05
-0.070354,1.9629,0.46965,-0.087986,-0.0075621,-0.043587,-1.4793e-05
-0.069937,1.9881,0.47708,-0.098518,-0.0071191,-0.042952,-1.4788e-05
-0.0092731,1.9167,0.46965,-0.053941,-0.010403,-0.0469,-2.5343e-06
-0.0031224,1.9419,0.47942,-0.065017,-0.010026,-0.046085,-2.2011e-06
0.0025166,1.9682,0.4889,-0.076253,-0.0097189,-0.045267,-1.3247e-06
0.0067573,1.9948,0.49761,-0.087705,-0.0094584,-0.044444,3.8291e-08
0.0094575,2.0212,0.50561,-0.099446,-0.009199,-0.043611,1.6805e-06
-0.015305,1.8534,0.45104,-0.043411,-0.011218,-0.048923,7.5707e-06
-0.016302,1.8735,0.45629,-0.056059,-0.010898,-0.047957,9.65e-06
-0.020306,1.8933,0.45983,-0.069068,-0.010583,-0.047057,1.2023e-05
-0.027166,1.9128,0.46182,-0.082502,-0.010266,-0.04621,1.4655e-05
-0.035917,1.9325,0.46296,-0.096414,-0.0099225,-0.045399,1.7402e-05
-0.035257,1.8496,0.43924,-0.056848,-0.010733,-0.050051,1.0302e-05
-0.043961,1.8691,0.44064,-0.072129,-0.010406,-0.049164,1.3406e-05
-0.052587,1.8902,0.44215,-0.08769,-0.01013,-0.048316,1.6863e-05
-0.061528,1.9125,0.44355,-0.10359,-0.0098981,-0.047492,2.0698e-05
-0.070634,1.936,0.44508,-0.11993,-0.0096756,-0.046677,2.4794e-05
-0.016833,1.9078,0.46262,-0.074242,-0.011539,-0.050909,-6.7037e-06
-0.026452,1.9305,0.46449,-0.091613,-0.011246,-0.049969,-1.118e-06
-0.038363,1.9538,0.46515,-0.10956,-0.010974,-0.049054,5.0515e-06
-0.053111,1.9774,0.46436,-0.12819,-0.010704,-0.048158,1.1822e-05
-0.070186,2.0014,0.4626,-0.1476,-0.010394,-0.047271,1.902e-05
-0.051401,1.9272,0.46028,-0.08261,-0.010892,-0.051324,-9.2068e-06
-0.070508,1.9507,0.45821,-0.10365,-0.010543,-0.050251,-2.4675e-06
-0.092032,1.975,0.45496,-0.12536,-0.010228,-0.049191,4.8875e-06
-0.11604,1.9999,0.45052,-0.14778,-0.0099395,-0.048134,1.2851e-05
-0.14149,2.026,0.44572,-0.17099,-0.0096336,-0.047065,2.1227e-05
-0.12549,2.0022,0.43695,-0.10665,-0.013019,-0.050633,1.34e-05
-0.15085,2.0249,0.4319,-0.12903,-0.012585,-0.04954,2.5982e-05
-0.17583,2.0493,0.42743,-0.15261,-0.012169,-0.048251,3.8507e-05
-0.20181,2.0746,0.4228,-0.17743,-0.011752,-0.046787,5.1039e-05
-0.2304,2.0997,0.4171,-0.20294,-0.011323,-0.045301,6.413e-05
-0.16813,2.052,0.43174,-0.11129,-0.013124,-0.051224,2.418e-05
-0.19569,2.0745,0.42631,-0.13636,-0.012619,-0.049743,3.8969e-05
-0.2243,2.0977,0.42067,-0.16258,-0.012114,-0.048083,5.3804e-05
-0.25471,2.1211,0.41445,-0.1899,-0.011598,-0.046266,6.8797e-05
-0.28777,2.1441,0.40714,-0.2177,-0.01107,-0.044446,8.4593e-05
-0.19125,2.1263,0.43587,-0.11943,-0.013471,-0.051671,2.751e-05
-0.22031,2.1488,0.42963,-0.14724,-0.012979,-0.049765,4.4435e-05
-0.24899,2.1729,0.42387,-0.17612,-0.012513,-0.047661,6.1398e-05
-0.27878,2.1974,0.41781,-0.20602,-0.012055,-0.045384,7.848e-05
-0.31136,2.2211,0.41052,-0.23622,-0.011591,-0.043114,9.6363e-05
-0.18945,2.2135,0.44743,-0.12871,-0.014755,-0.051409,1.095e-05
-0.21909,2.2374,0.44077,-0.16011,-0.014237,-0.048989,2.9206e-05
-0.25041,2.2612,0.43344,-0.19228,-0.013714,-0.046445,4.7747e-05
-0.28428,2.2841,0.42501,-0.22512,-0.013177,-0.043793,6.6671e-05
-0.32153,2.3053,0.41504,-0.25807,-0.012623,-0.04117,8.6466e-05
-0.24192,2.2698,0.42634,-0.12745,-0.01705,-0.055004,2.6427e-05
-0.27274,2.2934,0.41883,-0.16213,-0.016312,-0.052159,4.7718e-05
-0.30278,2.3189,0.41184,-0.19798,-0.015588,-0.049083,7.0024e-05
-0.33378,2.3449,0.40452,-0.2348,-0.014865,-0.045808,9.3126e-05
-0.36813,2.3692,0.39559,-0.27156,-0.014142,-0.04259,0.0001165
-0.15549,2.3928,0.49037,-0.14103,-0.017148,-0.055042,-4.6293e-05
-0.1966,2.416,0.47659,-0.18035,-0.016462,-0.051739,-1.7706e-05
-0.23931,2.4394,0.46225,-0.22061,-0.015764,-0.048238,1.1526e-05
-0.28479,2.4618,0.44679,-0.26159,-0.01505,-0.044578,4.129e-05
-0.33451,2.4816,0.42945,-0.30224,-0.014329,-0.041012,7.1374e-05
-0.16039,2.4359,0.49831,-0.13753,-0.015767,-0.055257,3.3152e-05
-0.21471,2.4442,0.4725,-0.1784,-0.015655,-0.05142,6.3608e-05
-0.26858,2.4525,0.4469,-0.21868,-0.015571,-0.047716,9.3841e-05
-0.32678,2.4577,0.41952,-0.25833,-0.015497,-0.044142,0.00012349
-0.39168,2.4584,0.38945,-0.29727,-0.015423,-0.0407,0.00015232
-0.19678,2.5384,0.50256,-0.14221,-0.016578,-0.05817,3.046e-05
-0.26308,2.5434,0.47062,-0.18691,-0.016669,-0.05394,6.683e-05
-0.32526,2.5507,0.44062,-0.23103,-0.016789,-0.049844,0.00010238
-0.39354,2.554,0.40855,-0.2746,-0.016884,-0.045863,0.00013725
-0.47344,2.5495,0.37247,-0.31752,-0.016919,-0.042008,0.00017149
-0.26046,2.6768,0.51188,-0.15854,-0.018214,-0.060901,1.5679e-05
-0.35375,2.6767,0.46981,-0.20895,-0.01856,-0.056205,5.9444e-05
-0.4365,2.6828,0.43249,-0.25882,-0.018895,-0.051629,0.00010169
-0.52256,2.6866,0.39468,-0.30805,-0.019203,-0.047158,0.00014276
-0.62177,2.6814,0.35296,-0.35641,-0.019465,-0.04281,0.00018293
-0.31258,2.7674,0.52539,-0.15633,-0.019803,-0.062616,1.7124e-05
-0.43303,2.7546,0.4746,-0.20915,-0.020341,-0.057626,7.0142e-05
-0.54128,2.749,0.42942,-0.26121,-0.020829,-0.052791,0.00012114
-0.65051,2.743,0.38524,-0.3127,-0.021268,-0.048072,0.00017022
-0.77053,2.7307,0.33893,-0.36361,-0.021651,-0.043467,0.00021747
-0.35763,3.1151,0.57327,-0.23039,-0.020335,-0.061931,-7.2936e-07
-0.4905,3.0864,0.51951,-0.28029,-0.021113,-0.056908,6.0476e-05
-0.61009,3.0674,0.47186,-0.32987,-0.021824,-0.052013,0.00011828
-0.73272,3.0435,0.42474,-0.37766,-0.022456,-0.047284,0.00017388
-0.86786,3.0051,0.37512,-0.42247,-0.022996,-0.042788,0.00022809
-0.45044,3.2802,0.59945,-0.23992,-0.024714,-0.06469,-4.0058e-05
-0.57778,3.2524,0.55036,-0.28622,-0.025635,-0.060008,2.3323e-05
-0.68112,3.2395,0.50974,-0.33144,-0.02651,-0.055511,8.0742e-05
-0.79269,3.22,0.46873,-0.37545,-0.027232,-0.051064,0.00013567
-0.9297,3.1814,0.42289,-0.41783,-0.027732,-0.046669,0.00019032
-0.19469,3.2923,0.72505,-0.087629,-0.022661,-0.069759,-8.9109e-05
-0.33388,3.2452,0.67436,-0.12776,-0.02374,-0.065596,-2.5938e-05
-0.46407,3.2072,0.62862,-0.16751,-0.024679,-0.061688,3.0873e-05
-0.58479,3.1774,0.58763,-0.20648,-0.025485,-0.058065,8.1789e-05
-0.69572,3.155,0.55119,-0.24433,-0.026168,-0.054753,0.00012717
-0.4866,2.5953,0.62041,0.14287,-0.034728,-0.092116,-7.46e-05
-0.57397,2.632,0.59703,0.092017,-0.034935,-0.087654,-4.143e-05
-0.65036,2.6822,0.57873,0.041277,-0.035104,-0.083402,-1.6436e-05
-0.8269,2.9438,0.54753,-0.13292,-0.035795,-0.072467,9.331e-06
-0.98932,3.2138,0.52197,-0.30303,-0.036642,-0.062154,2.5038e-05
-0.97508,3.3123,0.63684,-0.16224,-0.042305,-0.073674,-4.8836e-05
-0.95359,3.4393,0.65285,-0.20597,-0.041848,-0.070085,-7.012e-05
-0.91298,3.564,0.6793,-0.23228,-0.041466,-0.067751,-9.6752e-05
-0.85358,3.706,0.71576,-0.25355,-0.040949,-0.065689,-0.00013032
-0.77531,3.8812,0.76178,-0.2798,-0.040164,-0.063147,-0.00017306
-0.83413,3.732,0.77212,-0.18326,-0.040892,-0.064578,-0.00013708
-0.69756,4.047,0.84287,-0.25819,-0.037934,-0.059199,-0.00020885
-0.54201,4.3984,0.9281,-0.33371,-0.03484,-0.053463,-0.00029406
-0.35983,4.7892,1.0363,-0.40022,-0.031362,-0.047527,-0.00039232
-0.14535,5.2272,1.1722,-0.45704,-0.027361,-0.04121,-0.00050461
-1.4713,4.8118,0.78204,-0.74483,-0.048884,-0.018476,-0.00012928
-1.1094,5.0519,0.93203,-0.69058,-0.043528,-0.019949,-0.00024728
-0.71688,5.341,1.1034,-0.63749,-0.037991,-0.020771,-0.0003821
-0.32309,5.7195,1.3005,-0.60203,-0.032474,-0.019344,-0.00053469
0.065644,6.1775,1.5244,-0.58005,-0.026949,-0.015864,-0.0007042
-1.5721,3.8704,0.59771,-0.49161,-0.056961,-0.031321,5.024e-06
-1.1707,4.0773,0.78,-0.38693,-0.050221,-0.035946,-0.00011868
-0.75399,4.3142,0.98025,-0.2803,-0.043611,-0.039866,-0.00025592
-0.35001,4.5933,1.1969,-0.18005,-0.037523,-0.042,-0.00040774
0.040963,4.9152,1.432,-0.085004,-0.031938,-0.042243,-0.00057525
-1.5163,2.3814,0.20884,0.10856,-0.069883,-0.097717,-0.00016488
-1.2058,2.5767,0.38819,0.19354,-0.060961,-0.097739,-0.00023157
-0.88006,2.7997,0.5843,0.27913,-0.052348,-0.097309,-0.00031326
-0.54034,3.0471,0.79729,0.36589,-0.04401,-0.09642,-0.00040997
-0.18786,3.3161,1.0271,0.45426,-0.035926,-0.095058,-0.00052165
-0.36535,2.5485,0.45855,0.17827,-0.038907,-0.079184,-3.7618e-05
-0.26595,2.5918,0.52446,0.23478,-0.038076,-0.080468,-0.00010504
-0.16603,2.6475,0.59507,0.28945,-0.037535,-0.081638,-0.00017583
-0.064702,2.7128,0.6704,0.34333,-0.037203,-0.08272,-0.00024988
0.038537,2.7856,0.75042,0.39721,-0.037016,-0.083732,-0.00032709
-0.28163,2.3954,0.2937,0.050055,-0.035925,-0.079158,1.9533e-05
-0.32435,2.3163,0.25357,0.091881,-0.038339,-0.084994,2.1652e-05
-0.36596,2.2479,0.21587,0.13119,-0.040792,-0.090562,2.7121e-05
-0.40495,2.1889,0.18125,0.16892,-0.043208,-0.095871,3.5499e-05
-0.44037,2.138,0.15007,0.20576,-0.045536,-0.10093,4.6293e-05
-0.066728,2.2743,0.25222,0.047582,-0.025533,-0.082656,8.8674e-05
-0.12356,2.2353,0.20171,0.064664,-0.027879,-0.088102,0.00012019
-0.17886,2.1999,0.15391,0.081443,-0.030049,-0.093286,0.0001588
-0.23171,2.1675,0.10906,0.098396,-0.03202,-0.098219,0.00020332
-0.28163,2.1375,0.067209,0.11583,-0.033786,-0.10291,0.00025264
-0.18322,2.2067,0.16669,-0.035917,-0.025429,-0.080517,9.9491e-05
-0.21024,2.1998,0.13302,-0.025237,-0.026057,-0.084946,0.00014902
-0.2341,2.1943,0.1034,-0.013961,-0.02645,-0.089063,0.00020104
-0.25498,2.1899,0.077457,-0.001953,-0.026624,-0.092901,0.00025473
-0.27322,2.1862,0.054747,0.010848,-0.026601,-0.096488,0.00030932
-0.22215,2.033,0.10891,-0.0095144,-0.026652,-0.079259,0.0001119
-0.24671,2.031,0.077029,0.0034299,-0.026876,-0.083895,0.0001563
-0.27051,2.0286,0.047593,0.016908,-0.026949,-0.088177,0.00020045
-0.294,2.0257,0.020024,0.030817,-0.026904,-0.092146,0.00024413
-0.31761,2.0225,-0.0062084,0.045047,-0.026773,-0.095837,0.00028722
0.037786,2.0832,0.33608,-0.0051814,-0.017895,-0.068841,-1.7445e-05
-0.0053758,2.0629,0.29833,0.0052124,-0.018467,-0.073141,2.1868e-05
-0.042988,2.0483,0.26548,0.015289,-0.018884,-0.076892,5.902e-05
-0.07608,2.0387,0.23669,0.025009,-0.019198,-0.080132,9.3975e-05
-0.10564,2.0334,0.21113,0.034333,-0.019453,-0.082901,0.00012678
0.13257,2.1246,0.39756,0.0096156,-0.0201,-0.061515,-8.8862e-06
0.10787,2.1232,0.37314,0.016262,-0.020559,-0.063848,2.0549e-05
0.084065,2.1254,0.35024,0.022098,-0.021049,-0.065826,5.0331e-05
0.060504,2.1305,0.32821,0.027155,-0.021588,-0.067493,8.0488e-05
0.036608,2.1378,0.30646,0.031466,-0.022191,-0.068889,0.00011104
0.27017,2.0457,0.44363,0.046839,-0.020388,-0.060914,-4.6729e-05
0.23175,2.037,0.40859,0.048807,-0.02175,-0.062533,-1.2931e-05
0.19314,2.0296,0.37361,0.04978,-0.023102,-0.064044,2.1219e-05
0.15422,2.0232,0.33855,0.049792,-0.024444,-0.065464,5.5596e-05
0.11487,2.0175,0.30328,0.048878,-0.025778,-0.066808,9.0076e-05
0.22034,1.8804,0.39552,0.042218,-0.019621,-0.062301,-8.432e-05
0.16984,1.8718,0.35297,0.032928,-0.021436,-0.063524,-5.148e-05
0.11848,1.864,0.31008,0.022272,-0.023164,-0.06481,-1.7555e-05
0.066638,1.8567,0.26707,0.010434,-0.024807,-0.06615,1.7155e-05
0.014669,1.8501,0.22417,-0.0024059,-0.026366,-0.067533,5.2355e-05
0.16434,1.7861,0.36683,-0.00048188,-0.021092,-0.060762,-9.8514e-05
0.13096,1.776,0.33595,-0.012642,-0.021671,-0.062342,-7.0351e-05
0.097338,1.7661,0.3052,-0.025698,-0.022177,-0.063991,-4.1576e-05
0.063799,1.7566,0.27478,-0.039451,-0.022615,-0.06569,-1.2453e-05
0.030629,1.7473,0.24486,-0.053716,-0.022989,-0.067419,1.6757e-05
0.057436,1.7614,0.3352,-0.030349,-0.020776,-0.056683,-5.1724e-05
0.034067,1.7528,0.31433,-0.04505,-0.020888,-0.058462,-3.4144e-05
0.010365,1.7444,0.29361,-0.059865,-0.020991,-0.060235,-1.7075e-05
-0.013418,1.7362,0.27318,-0.074653,-0.021085,-0.061992,-5.8288e-07
-0.037045,1.7281,0.25314,-0.089285,-0.021172,-0.063724,1.527e-05
-0.054313,1.8052,0.31154,-0.10179,-0.022789,-0.054701,2.1823e-05
-0.066366,1.8,0.30379,-0.090543,-0.022617,-0.054711,2.6289e-05
-0.076411,1.7927,0.29619,-0.085005,-0.022489,-0.054973,3.0403e-05
-0.08502,1.7835,0.28858,-0.08435,-0.02239,-0.055478,3.4391e-05
-0.092469,1.7732,0.28127,-0.086371,-0.022303,-0.056102,3.8042e-05
-0.029706,1.8984,0.3853,-0.047026,-0.02468,-0.040787,1.7998e-05
-0.032028,1.8909,0.3835,-0.047071,-0.024457,-0.040972,1.9458e-05
-0.032624,1.8817,0.3823,-0.050006,-0.024209,-0.041366,2.0437e-05
-0.032172,1.8717,0.38165,-0.05428,-0.023952,-0.041844,2.1047e-05
-0.030923,1.8615,0.38158,-0.059051,-0.023694,-0.042345,2.1328e-05
-0.0057831,1.9341,0.42733,-0.048763,-0.026243,-0.033579,5.5467e-07
-0.0040025,1.9283,0.42992,-0.049034,-0.026012,-0.033783,2.3997e-06
0.0005686,1.9223,0.43404,-0.051884,-0.02572,-0.034135,3.5296e-06
0.0067551,1.9162,0.43917,-0.0556,-0.025403,-0.034547,4.0902e-06
0.014036,1.9101,0.44507,-0.059274,-0.025077,-0.034972,4.1337e-06
-0.014624,2.0253,0.45702,-0.071383,-0.027497,-0.025041,2.7014e-05
-0.004415,2.0203,0.46565,-0.066489,-0.027123,-0.025045,2.4556e-05
0.012064,2.0147,0.4774,-0.062928,-0.02656,-0.025316,2.1087e-05
0.032226,2.0089,0.4912,-0.05951,-0.025897,-0.025689,1.687e-05
0.054755,2.0031,0.50648,-0.055587,-0.025177,-0.026081,1.2018e-05
0.0614,2.0364,0.50323,-0.049916,-0.026068,-0.018836,1.8785e-05
0.079555,2.0289,0.51614,-0.037127,-0.025498,-0.0193,1.2744e-05
0.10013,2.0208,0.53008,-0.025854,-0.024877,-0.019982,6.1968e-06
0.12257,2.0126,0.54508,-0.014569,-0.024207,-0.020751,-7.8958e-07
0.1466,2.0043,0.56117,-0.0024861,-0.023488,-0.021537,-8.2018e-06
0.009089,2.0276,0.46872,-0.03945,-0.026096,-0.015822,2.3563e-05
0.032635,2.015,0.48255,-0.020965,-0.025486,-0.01643,1.5922e-05
0.057604,2.0019,0.49678,-0.0027578,-0.02485,-0.017205,8.3067e-06
0.083653,1.9885,0.5115,0.016159,-0.024183,-0.018045,5.3672e-07
0.11054,1.9747,0.52672,0.036295,-0.023484,-0.018903,-7.4727e-06
0.10105,2.0014,0.51537,-0.038222,-0.021084,-0.0066312,7.1564e-06
0.10775,1.9752,0.51185,-0.016955,-0.021452,-0.0075742,7.3681e-06
0.11509,1.9472,0.50854,0.0070016,-0.021796,-0.008192,6.8349e-06
0.12242,1.918,0.50502,0.03275,-0.022127,-0.0086588,6.0355e-06
0.1291,1.8882,0.50085,0.05933,-0.022456,-0.0091441,5.4852e-06
0.083829,1.9137,0.47581,-0.024671,-0.019165,-0.0041546,1.1365e-05
0.094276,1.8871,0.47366,0.00038191,-0.019353,-0.0053805,1.0148e-05
0.10321,1.8609,0.47031,0.02464,-0.019552,-0.0069104,9.8945e-06
0.11098,1.8348,0.46599,0.048466,-0.019755,-0.0086457,1.0476e-05
0.11813,1.8084,0.46105,0.072538,-0.019945,-0.010432,1.1633e-05
0.058703,1.8123,0.43098,-0.021223,-0.017862,-0.0034129,1e-05
0.072025,1.79,0.43086,0.002998,-0.017956,-0.004804,1.0342e-05
0.086219,1.7656,0.43116,0.030135,-0.018024,-0.0057623,9.8613e-06
0.10108,1.7398,0.43179,0.059956,-0.018068,-0.0063815,8.7836e-06
0.11627,1.7132,0.43259,0.091876,-0.018093,-0.0068012,7.4794e-06
0.11225,1.7237,0.43909,0.0084962,-0.015037,0.00067473,1.1438e-07
0.12312,1.7012,0.439,0.036213,-0.015073,-0.0002487,1.67e-06
0.13271,1.68,0.43807,0.062464,-0.01515,-0.001585,4.2872e-06
0.1414,1.6597,0.43654,0.087728,-0.015254,-0.003204,7.7273e-06
0.14978,1.6396,0.43479,0.11283,-0.015363,-0.0049112,1.1653e-05
0.083595,1.5973,0.3902,0.0001963,-0.014875,-0.0031113,-1.9447e-06
0.092176,1.5861,0.39081,0.020012,-0.015088,-0.0043376,1.8893e-06
0.10152,1.5746,0.392,0.041053,-0.015284,-0.0051785,5.5987e-06
0.11175,1.5631,0.39391,0.063682,-0.015457,-0.0055506,9.065e-06
0.1228,1.5517,0.39658,0.088011,-0.015604,-0.0054671,1.2302e-05
0.089476,1.4765,0.37902,0.010704,-0.012798,0.0015333,-1.1788e-05
0.093172,1.4618,0.37428,0.034527,-0.013357,0.00099053,-5.7808e-06
0.096877,1.4481,0.36967,0.057404,-0.013888,0.00017444,1.1875e-06
0.10076,1.435,0.36533,0.079584,-0.014387,-0.00080854,8.888e-06
0.10505,1.4225,0.36145,0.10152,-0.014851,-0.0018134,1.7031e-05
0.0046379,1.2815,0.29016,0.0025485,-0.01195,-0.008674,8.7554e-06
0.014398,1.2656,0.28681,0.023123,-0.012481,-0.0099748,1.5807e-05
0.023259,1.2567,0.28413,0.046217,-0.013035,-0.010779,2.2509e-05
0.029813,1.2583,0.28156,0.07375,-0.013666,-0.01085,2.9036e-05
0.035105,1.2662,0.27897,0.10419,-0.014311,-0.010524,3.6369e-05
-0.051803,1.1264,0.22926,0.0081408,-0.010189,-0.01057,9.4398e-06
-0.036107,1.1107,0.22957,0.02025,-0.010653,-0.011877,1.717e-05
-0.016013,1.0886,0.23305,0.028393,-0.010927,-0.013576,2.5557e-05
-0.0032995,1.0824,0.23407,0.041696,-0.011478,-0.01426,3.234e-05
-0.0031522,1.101,0.22933,0.064467,-0.012473,-0.013435,3.8517e-05
-0.080121,0.97113,0.20139,0.020389,-0.0080634,-0.0093618,-5.8609e-05
-0.063127,0.97239,0.20536,0.031319,-0.0083978,-0.010188,-4.7944e-05
-0.04034,0.95344,0.21281,0.031766,-0.0082164,-0.012215,-2.8445e-05
-0.019609,0.94332,0.22102,0.034275,-0.0082242,-0.013565,-1.3049e-05
-0.0067556,0.96223,0.22713,0.048567,-0.0088588,-0.013066,-9.1093e-06
-0.16911,0.78151,0.12938,0.019332,-0.0066268,-0.015295,1.0807e-05
-0.157,0.80579,0.13358,0.029263,-0.0072336,-0.015089,2.2095e-05
-0.13388,0.80861,0.14515,0.026502,-0.0072795,-0.015318,2.558e-05
-0.11059,0.81109,0.15835,0.021903,-0.0072821,-0.015472,2.7045e-05
-0.09789,0.83331,0.16667,0.026199,-0.0077041,-0.015148,3.5599e-05
-0.19704,0.53895,0.10074,-0.013986,-0.0020093,-0.017456,-1.6689e-05
-0.18924,0.57792,0.10754,-0.0044438,-0.002773,-0.016967,-1.1817e-05
-0.18034,0.6021,0.11517,-0.0032468,-0.0033729,-0.016768,-7.7986e-06
-0.17161,0.6172,0.12351,-0.0078177,-0.0038673,-0.016683,-4.6067e-06
-0.1656,0.6354,0.13172,-0.01216,-0.0043683,-0.016441,-4.9218e-07
-0.23792,0.26117,0.047838,-0.063795,0.00039599,-0.019421,-1.9947e-05
-0.24401,0.3029,0.04983,-0.053612,-0.00036727,-0.019737,-1.1933e-05
-0.2525,0.3443,0.051479,-0.044449,-0.0010841,-0.019997,-1.917e-06
-0.25976,0.37492,0.0564,-0.045364,-0.0015396,-0.019779,9.5734e-06
-0.2661,0.39363,0.064771,-0.057281,-0.0017284,-0.019052,2.2291e-05
-0.2095,0.16227,0.069003,-0.11553,0.0023904,-0.017748,-0.00010435
-0.23056,0.17248,0.068069,-0.1202,0.0022889,-0.017849,-9.1746e-05
-0.25744,0.18033,0.064636,-0.12496,0.0022373,-0.018019,-7.6039e-05
-0.29055,0.18589,0.058551,-0.12977,0.0022305,-0.018258,-5.7119e-05
-0.33019,0.18919,0.049739,-0.13471,0.0022649,-0.018561,-3.494e-05
-0.08226,0.26167,0.13437,-0.1167,0.0025864,-0.015725,-0.00015998
-0.13732,0.21838,0.10635,-0.11531,0.0031944,-0.016438,-0.00011944
-0.19861,0.17135,0.075192,-0.1135,0.0038484,-0.017182,-7.5851e-05
-0.26622,0.11985,0.040745,-0.11195,0.0045564,-0.01797,-2.8805e-05
-0.34014,0.063441,0.0029734,-0.1114,0.0053221,-0.018816,2.2047e-05
-0.033719,0.49622,0.14665,-0.13111,-0.00055021,-0.015227,-0.00016611
-0.081639,0.42954,0.11284,-0.12692,0.00073287,-0.015893,-0.00012033
-0.1316,0.3608,0.077945,-0.12391,0.0020614,-0.016615,-7.2678e-05
-0.18255,0.29064,0.042771,-0.12254,0.0034475,-0.01739,-2.3653e-05
-0.23366,0.22023,0.0081134,-0.12317,0.0048914,-0.018208,2.6175e-05
0.053914,0.87098,0.13463,-0.12126,-0.0028916,-0.019014,-6.5727e-05
0.052997,0.84175,0.13281,-0.12605,-0.0020994,-0.018981,-6.4256e-05
0.052902,0.82083,0.13401,-0.13197,-0.0013524,-0.018874,-6.3879e-05
0.05414,0.80788,0.13866,-0.13933,-0.0006292,-0.018693,-6.4813e-05
0.057205,0.80276,0.14723,-0.14846,9.1349e-05,-0.018439,-6.723e-05
0.15989,1.4293,0.19684,-0.10704,-0.010106,-0.019109,-5.5158e-05
0.17725,1.4423,0.20953,-0.11388,-0.0097938,-0.018752,-7.66e-05
0.19445,1.4623,0.2249,-0.12122,-0.0094983,-0.018167,-9.8909e-05
0.21276,1.4881,0.24339,-0.12948,-0.0091825,-0.017429,-0.00012229
0.23343,1.5191,0.2655,-0.1391,-0.0088123,-0.01661,-0.00014687
0.23822,1.791,0.2355,-0.059243,-0.015149,-0.01954,-1.7157e-05
0.26972,1.8379,0.26331,-0.071675,-0.014873,-0.018247,-6.2551e-05
0.3015,1.8886,0.29325,-0.085178,-0.014562,-0.016872,-0.00010847
0.33499,1.9415,0.32552,-0.099915,-0.014167,-0.015483,-0.00015473
0.37127,1.9957,0.3603,-0.11601,-0.013648,-0.014143,-0.00020109
0.25443,1.7836,0.23375,-0.0089632,-0.012077,-0.017919,-6.0464e-05
0.24595,1.8319,0.24109,-0.037364,-0.013341,-0.017011,-7.8798e-05
0.23971,1.893,0.2498,-0.075267,-0.014723,-0.01769,-8.5871e-05
0.23388,1.9607,0.26294,-0.11694,-0.016105,-0.01837,-9.1377e-05
0.22884,2.0255,0.28083,-0.15388,-0.017346,-0.017605,-0.00010611
0.30446,1.8438,0.29871,0.046124,-0.014047,-0.015886,-4.8745e-05
0.27074,1.8766,0.30779,0.024284,-0.014623,-0.012083,-7.1611e-05
0.24789,1.9111,0.31566,0.0023588,-0.015182,-0.0091404,-9.3544e-05
0.23529,1.9528,0.32397,-0.029562,-0.015976,-0.0077141,-0.00010999
0.22675,2.0008,0.33317,-0.071568,-0.016984,-0.0073481,-0.00012198
0.38923,1.7238,0.32661,0.040703,-0.014599,-0.023504,-4.177e-06
0.29097,1.8188,0.33161,-0.0072285,-0.016995,-0.018058,-2.612e-05
0.21157,1.8964,0.33323,-0.036775,-0.018919,-0.011588,-5.5966e-05
0.16891,1.9761,0.34097,-0.071833,-0.020201,-0.0083453,-7.3694e-05
0.14476,2.0609,0.353,-0.11328,-0.021126,-0.0071917,-8.3319e-05
0.41015,1.6546,0.32901,0.058447,-0.01145,-0.032803,7.9007e-05
0.32275,1.7714,0.35109,-0.0061633,-0.013912,-0.028387,5.0295e-05
0.27084,1.8846,0.391,-0.049039,-0.015206,-0.020964,3.4602e-07
0.24356,1.98,0.42676,-0.080681,-0.015952,-0.014447,-4.2961e-05
0.22177,2.0531,0.44103,-0.11518,-0.016859,-0.011952,-5.8028e-05
0.30664,1.9663,0.39805,-0.044196,-0.019676,-0.024101,2.8316e-05
0.22697,2.014,0.39919,-0.092361,-0.021103,-0.021847,1.3435e-05
0.17299,2.0306,0.40234,-0.11761,-0.021527,-0.018353,-9.4407e-06
0.13837,2.0398,0.40584,-0.13361,-0.021541,-0.014961,-3.1009e-05
0.11272,2.0692,0.40869,-0.15689,-0.021764,-0.01301,-4.271e-05
0.224,1.6923,0.32291,0.050582,-0.019123,-0.025763,-7.6055e-05
0.17157,1.7659,0.34203,0.0051956,-0.01973,-0.023256,-6.6961e-05
0.13319,1.8195,0.35631,-0.026952,-0.020124,-0.020638,-6.5837e-05
0.1076,1.8641,0.36798,-0.052746,-0.020333,-0.018345,-6.6957e-05
0.092323,1.9111,0.37933,-0.07934,-0.020385,-0.01674,-6.5128e-05
0.0087694,2.0159,0.32073,-0.06393,-0.031461,-0.024318,-5.3573e-05
0.0033326,2.0333,0.33785,-0.085189,-0.030418,-0.021445,-5.7742e-05
-0.0019517,2.0545,0.35371,-0.10347,-0.029509,-0.01853,-6.1027e-05
-0.0079837,2.0784,0.36651,-0.12102,-0.028794,-0.015923,-6.3195e-05
-0.01548,2.1045,0.37506,-0.14002,-0.028325,-0.01393,-6.4271e-05
-0.10072,2.0342,0.33147,-0.099591,-0.029287,-0.023235,-3.1087e-05
-0.098945,2.041,0.34508,-0.11388,-0.02858,-0.021141,-3.5037e-05
-0.099359,2.0512,0.35574,-0.12743,-0.028067,-0.019299,-3.8074e-05
-0.10096,2.0644,0.36406,-0.14088,-0.027706,-0.017705,-4.0488e-05
-0.10287,2.0802,0.37063,-0.15477,-0.027457,-0.016354,-4.2564e-05
0.044492,2.0365,0.43421,-0.069379,-0.024436,-0.022655,-3.6403e-05
0.022102,2.0462,0.4365,-0.085203,-0.024358,-0.020478,-3.7337e-05
0.00081231,2.0568,0.43727,-0.098689,-0.024383,-0.018398,-3.6852e-05
-0.017153,2.0683,0.43729,-0.11108,-0.024452,-0.01664,-3.5998e-05
-0.030064,2.0807,0.43738,-0.12344,-0.024512,-0.01536,-3.5669e-05
-0.073669,2.0915,0.39916,-0.10549,-0.026695,-0.026277,-3.0464e-05
-0.078591,2.0948,0.40534,-0.11549,-0.026357,-0.024834,-3.3694e-05
-0.083032,2.1003,0.41053,-0.12404,-0.026108,-0.023552,-3.6163e-05
-0.087097,2.1071,0.41471,-0.13133,-0.025934,-0.022417,-3.7956e-05
-0.090899,2.115,0.41782,-0.13789,-0.025829,-0.021442,-3.9201e-05
0.024349,2.0533,0.44885,-0.067508,-0.023098,-0.026524,-4.3576e-05
0.012235,2.054,0.44736,-0.072934,-0.02312,-0.02554,-4.4217e-05
0.0019379,2.0559,0.44565,-0.077864,-0.023174,-0.024711,-4.4676e-05
-0.0067228,2.0588,0.44374,-0.082879,-0.023256,-0.02405,-4.5053e-05
-0.013989,2.0628,0.44168,-0.088185,-0.023361,-0.023542,-4.5401e-05
-0.030869,2.0904,0.43231,-0.098919,-0.023631,-0.027332,-4.7437e-05
-0.038656,2.0929,0.43066,-0.10263,-0.023684,-0.026671,-4.6727e-05
-0.047672,2.0951,0.42764,-0.10503,-0.02382,-0.026039,-4.5768e-05
-0.056417,2.0974,0.42398,-0.10691,-0.023994,-0.025506,-4.4729e-05
-0.063498,2.1001,0.42045,-0.10902,-0.024164,-0.025133,-4.3788e-05
0.030946,2.165,0.48668,-0.11986,-0.017946,-0.02642,4.3269e-06
0.025697,2.184,0.48833,-0.12389,-0.018342,-0.025344,7.7258e-06
0.020326,2.1858,0.48463,-0.12562,-0.018669,-0.024961,9.8143e-06
0.015242,2.1842,0.48018,-0.12666,-0.018943,-0.024717,1.1244e-05
0.010461,2.1813,0.47567,-0.12726,-0.019171,-0.024526,1.2167e-05
0.01101,2.2673,0.50273,-0.14694,-0.018496,-0.027509,2.1487e-05
0.0069422,2.2748,0.50162,-0.14874,-0.018704,-0.027028,2.154e-05
0.0029087,2.275,0.49838,-0.14924,-0.018884,-0.026842,2.1795e-05
-0.00094093,2.2732,0.4947,-0.14916,-0.019045,-0.026736,2.205e-05
-0.0046031,2.2702,0.49086,-0.14866,-0.019192,-0.026674,2.229e-05
0.027879,2.2133,0.49915,-0.11969,-0.016991,-0.030299,2.3602e-06
0.025308,2.2172,0.49724,-0.12027,-0.017225,-0.029914,3.3559e-06
0.022641,2.2173,0.49417,-0.11993,-0.017459,-0.029723,4.5016e-06
0.020053,2.2161,0.49078,-0.11917,-0.017695,-0.029594,5.7609e-06
0.017582,2.2141,0.48726,-0.11809,-0.01793,-0.0295,7.082e-06
0.01345,2.2121,0.48304,-0.12982,-0.01768,-0.029945,-1.44e-05
0.013168,2.2108,0.48093,-0.12734,-0.017881,-0.029764,-1.309e-05
0.012523,2.2043,0.47706,-0.12394,-0.018081,-0.029829,-1.1823e-05
0.011885,2.1966,0.47291,-0.12026,-0.018277,-0.029944,-1.0507e-05
0.011309,2.1884,0.46872,-0.11643,-0.018466,-0.030075,-9.1743e-06
0.0061315,2.1974,0.4714,-0.13781,-0.017762,-0.02991,-2.5427e-05
0.0057307,2.2011,0.46999,-0.13638,-0.018014,-0.029748,-2.4285e-05
0.0054299,2.1979,0.46678,-0.13365,-0.018225,-0.029853,-2.3488e-05
0.005156,2.1931,0.46326,-0.13063,-0.018419,-0.030007,-2.2771e-05
0.0048932,2.1878,0.4597,-0.12749,-0.018597,-0.030173,-2.2121e-05
0.036248,2.1954,0.48573,-0.13266,-0.015814,-0.030371,-9.7521e-06
0.035953,2.1952,0.48358,-0.13017,-0.016035,-0.030292,-8.6087e-06
0.03531,2.1892,0.47966,-0.12683,-0.016246,-0.030457,-7.9851e-06
0.034653,2.1821,0.47551,-0.12334,-0.016444,-0.030659,-7.5797e-06
0.034035,2.1747,0.47137,-0.11982,-0.016629,-0.030867,-7.3519e-06
0.0090748,2.1676,0.46525,-0.12995,-0.01663,-0.029085,1.0406e-05
0.0067738,2.1596,0.461,-0.12782,-0.01657,-0.029547,1.0608e-05
0.0020462,2.1495,0.45551,-0.12583,-0.016373,-0.030216,1.1311e-05
0.001772,2.144,0.45258,-0.12424,-0.016316,-0.030513,1.1809e-05
0.0075428,2.1449,0.45309,-0.123,-0.016493,-0.030307,1.1917e-05
0.031792,2.0871,0.45983,-0.10665,-0.016085,-0.031248,-1.9449e-05
0.029708,2.0782,0.45608,-0.10483,-0.015938,-0.031786,-1.8307e-05
0.02434,2.067,0.45128,-0.10344,-0.015522,-0.032693,-1.6848e-05
0.021875,2.0588,0.44775,-0.10226,-0.015245,-0.033315,-1.5459e-05
0.024784,2.0558,0.44636,-0.10113,-0.015316,-0.033366,-1.429e-05
-0.0031974,2.0481,0.43874,-0.10461,-0.015566,-0.032285,2.3827e-05
-0.0062042,2.0411,0.43556,-0.10409,-0.015338,-0.032886,2.5367e-05
-0.011451,2.0314,0.43189,-0.10368,-0.014766,-0.033913,2.6755e-05
-0.015149,2.0242,0.42883,-0.10354,-0.014331,-0.034691,2.8498e-05
-0.015482,2.0221,0.4269,-0.10374,-0.014311,-0.034868,3.0864e-05
0.012491,2.0894,0.46343,-0.11953,-0.014874,-0.030122,3.5734e-05
0.010362,2.0847,0.46194,-0.12041,-0.014551,-0.030576,3.8828e-05
0.0085683,2.0765,0.46128,-0.1206,-0.013761,-0.0315,4.1451e-05
0.006756,2.0708,0.46039,-0.12136,-0.01317,-0.032154,4.4457e-05
0.0047037,2.0708,0.4587,-0.12334,-0.013181,-0.032125,4.828e-05
-0.019682,2.0467,0.44179,-0.10696,-0.015214,-0.030339,2.6468e-05
-0.023593,2.0445,0.44032,-0.10829,-0.014963,-0.030816,2.8659e-05
-0.030685,2.0401,0.43829,-0.11012,-0.014315,-0.031726,3.1273e-05
-0.035721,2.0372,0.43685,-0.11173,-0.013831,-0.032377,3.35e-05
-0.03585,2.038,0.43659,-0.11264,-0.013865,-0.03238,3.4907e-05
-0.017557,2.0619,0.4472,-0.10795,-0.01876,-0.028244,-4.5626e-05
-0.019639,2.0604,0.4467,-0.10796,-0.018522,-0.028714,-4.3369e-05
-0.023671,2.0558,0.44588,-0.10783,-0.01793,-0.029627,-4.2516e-05
-0.026546,2.0526,0.44536,-0.10774,-0.01747,-0.030298,-4.1644e-05
-0.026458,2.0536,0.44553,-0.10779,-0.017466,-0.030312,-3.9763e-05
-0.0078036,1.9102,0.42491,-0.072671,-0.0048183,-0.034976,0.00015521
-0.0015005,1.9149,0.4295,-0.071847,-0.0045124,-0.03469,0.00016377
0.010106,1.9231,0.44125,-0.064871,-0.002511,-0.03289,0.0001887
0.023971,1.9326,0.45663,-0.054074,0.00046122,-0.030185,0.00022207
0.036553,1.9406,0.4713,-0.042693,0.0034551,-0.027405,0.00025412
-0.020469,1.8886,0.41828,-0.03649,-0.0060694,-0.031089,8.0027e-05
-0.022367,1.884,0.41556,-0.036368,-0.006375,-0.031438,7.8978e-05
-0.02952,1.8744,0.40545,-0.042439,-0.0077583,-0.033763,7.1875e-05
-0.039401,1.8622,0.39141,-0.052238,-0.009743,-0.037245,6.1131e-05
-0.048992,1.8504,0.37769,-0.062436,-0.011727,-0.040815,4.9883e-05
-0.026408,1.8501,0.40259,-0.054075,-0.0056304,-0.035912,9.7312e-05
-0.023506,1.8523,0.40579,-0.052365,-0.0053074,-0.035646,0.00010032
-0.016693,1.8639,0.41736,-0.045294,-0.0034471,-0.03307,0.00012011
-0.007899,1.8808,0.43338,-0.035265,-0.00076363,-0.029139,0.00014984
0.00058713,1.8976,0.44903,-0.025319,0.0018558,-0.025113,0.00018067
-0.017428,1.8831,0.41296,-0.038473,-0.00644,-0.031958,3.097e-05
-0.017611,1.8816,0.41078,-0.04007,-0.0068782,-0.032408,3.6552e-05
-0.018431,1.8804,0.40863,-0.041956,-0.0072536,-0.032905,4.2167e-05
-0.024112,1.8735,0.39782,-0.052008,-0.0092409,-0.035901,3.55e-05
-0.033559,1.8617,0.37999,-0.068692,-0.012557,-0.040989,1.821e-05
-0.035468,1.8799,0.39823,-0.090288,-0.0086321,-0.036168,2.2436e-05
