0,0,0,0,0,0,0
0.021174,-0.011524,-0.035935,-0.0058459,0.019792,0.086757,-0.015171
0.040843,-0.020733,-0.068389,-0.0095119,0.038076,0.1629,-0.029219
0.059117,-0.027944,-0.097701,-0.011318,0.054938,0.22998,-0.042178
0.076102,-0.033436,-0.12418,-0.011541,0.070465,0.28931,-0.054088
0.091897,-0.037455,-0.1481,-0.010425,0.084738,0.34205,-0.064991
0.076536,-0.029228,-0.12306,-0.0022008,0.075297,0.30164,-0.056962
0.067415,-0.022812,-0.10619,-0.00014057,0.064545,0.24521,-0.048232
0.061904,-0.016961,-0.094429,0.0013428,0.053935,0.1963,-0.039628
0.058478,-0.010661,-0.08594,0.0066209,0.044282,0.1742,-0.031596
0.03507,-0.0069227,-0.049892,0.0064947,0.0012257,0.1339,0.002434
0.021067,-0.0032321,-0.025285,0.0067997,-0.044281,0.10187,0.04185
0.012636,-0.0030823,-0.0076938,-0.0053939,-0.090304,0.015937,0.082535
0.0073451,-0.0029681,0.0052488,-0.016219,-0.13286,-0.062424,0.12115
0.003938,-0.0030642,0.015092,-0.026226,-0.17138,-0.13523,0.15662
-0.01656,-0.0043156,0.04397,-0.03518,-0.22032,-0.19376,0.20001
-0.028167,-0.0052467,0.063103,-0.043786,-0.26729,-0.24382,0.24511
-0.034883,-0.006093,0.076473,-0.051801,-0.31055,-0.2855,0.28829
-0.038868,-0.0069982,0.086326,-0.059241,-0.3495,-0.32001,0.3279
-0.041297,-0.0080119,0.093952,-0.066073,-0.38409,-0.34819,0.36336
-0.057298,-0.010626,0.11606,-0.072137,-0.4127,-0.38553,0.38994
-0.066016,-0.013147,0.13047,-0.078731,-0.44148,-0.42157,0.41719
-0.070771,-0.01566,0.14054,-0.085516,-0.46863,-0.45511,0.44332
-0.073362,-0.018168,0.1481,-0.092159,-0.49327,-0.48503,0.46709
-0.074744,-0.020696,0.1542,-0.098588,-0.51517,-0.51142,0.4882
-0.087003,-0.023905,0.1715,-0.10312,-0.51785,-0.53096,0.48482
-0.093319,-0.026956,0.1829,-0.1082,-0.5238,-0.55182,0.48706
-0.096485,-0.029979,0.19114,-0.11362,-0.53084,-0.57316,0.49163
-0.097977,-0.03297,0.19765,-0.11903,-0.53785,-0.5934,0.49683
-0.098563,-0.035976,0.20324,-0.12441,-0.54437,-0.61248,0.50188
-0.11669,-0.040588,0.22629,-0.13275,-0.46377,-0.63046,0.35435
-0.13391,-0.045033,0.24705,-0.14033,-0.36781,-0.64579,0.22161
-0.15015,-0.049354,0.26586,-0.14728,-0.26417,-0.65886,0.10203
-0.16534,-0.053589,0.28305,-0.15368,-0.15968,-0.67004,-0.0058347
-0.17941,-0.057773,0.29892,-0.15959,-0.060287,-0.6797,-0.10328
-0.20328,-0.06396,0.32765,-0.16552,0.026704,-0.68272,0.0091558
-0.22512,-0.069874,0.35435,-0.17094,0.1047,-0.68541,0.10987
-0.24498,-0.075575,0.37933,-0.17594,0.17114,-0.68779,0.097946
-0.26291,-0.081114,0.40285,-0.18061,0.22425,-0.68984,-0.0035192
-0.27898,-0.086535,0.42512,-0.18505,0.26304,-0.69159,-0.083307
-0.29377,-0.092728,0.45189,-0.18833,0.22119,-0.67574,0.013559
-0.30677,-0.098661,0.47737,-0.19138,0.17259,-0.66165,0.085295
-0.31818,-0.1044,0.50163,-0.19432,0.12039,-0.64884,0.064654
-0.32821,-0.11,0.52473,-0.19723,0.067569,-0.63686,-0.017047
-0.33704,-0.11553,0.54669,-0.20018,0.016864,-0.62541,-0.072519
-0.3385,-0.12068,0.56198,-0.20065,-0.067211,-0.59318,0.025061
-0.3397,-0.12567,0.57662,-0.2013,-0.13917,-0.56328,0.085528
-0.34079,-0.13059,0.59055,-0.20222,-0.19658,-0.53516,0.054212
-0.3419,-0.13551,0.60372,-0.20346,-0.23801,-0.50838,-0.027085
-0.34312,-0.14051,0.61613,-0.2051,-0.26297,-0.48261,-0.072698
-0.33615,-0.14496,0.61407,-0.20507,-0.26602,-0.44024,0.038599
-0.33003,-0.14945,0.61253,-0.2056,-0.25476,-0.40019,0.098179
-0.32466,-0.15406,0.61147,-0.20676,-0.23124,-0.36214,0.054001
-0.31996,-0.15888,0.61087,-0.20862,-0.19791,-0.32587,-0.038069
-0.31581,-0.16398,0.61074,-0.2112,-0.1575,-0.29124,-0.082059
-0.30146,-0.16881,0.59597,-0.21438,-0.11573,-0.25352,0.03186
-0.28827,-0.17382,0.583,-0.21828,-0.071728,-0.21772,0.12102
-0.27606,-0.17908,0.57172,-0.22292,-0.028013,-0.18377,0.080637
-0.26466,-0.18463,0.56206,-0.22833,0.013165,-0.15159,-0.022462
-0.25391,-0.19052,0.55392,-0.23452,0.049906,-0.12111,-0.10291
-0.23212,-0.19651,0.53442,-0.24374,0.039689,-0.10242,0.011001
-0.21172,-0.2027,0.51743,-0.25359,0.02468,-0.084359,0.11314
-0.19269,-0.20912,0.50262,-0.26409,0.0076273,-0.066846,0.10846
-0.17502,-0.21582,0.48969,-0.27523,-0.0086724,-0.049778,0.00036316
-0.1587,-0.22283,0.47838,-0.28702,-0.021804,-0.033059,-0.097021
-0.13587,-0.23091,0.46022,-0.30298,-0.051543,-0.035796,0.014606
-0.1151,-0.2392,0.44382,-0.31937,-0.070036,-0.036679,0.10054
-0.096313,-0.24775,0.4289,-0.33622,-0.075579,-0.035874,0.077327
-0.079398,-0.25659,0.41527,-0.35351,-0.068646,-0.033556,-0.020759
-0.064166,-0.26575,0.40283,-0.37127,-0.05159,-0.029915,-0.088328
-0.047453,-0.27725,0.38827,-0.39337,-0.038008,-0.045765,0.024052
-0.032214,-0.28882,0.3751,-0.4157,-0.019684,-0.058444,0.11264
-0.018233,-0.30048,0.36324,-0.43826,2.4293e-05,-0.068412,0.079554
-0.0053065,-0.31223,0.35264,-0.46105,0.017884,-0.076072,-0.025057
0.0067407,-0.32409,0.34325,-0.48407,0.031286,-0.08177,-0.099378
0.018415,-0.33771,0.33715,-0.50991,0.0086922,-0.10204,0.0127
0.029243,-0.35129,0.3318,-0.53588,-0.012879,-0.119,0.11345
0.039147,-0.36486,0.32698,-0.56198,-0.030199,-0.13297,0.10394
0.048082,-0.37846,0.32252,-0.58822,-0.041021,-0.14426,-0.0044114
0.056044,-0.39213,0.3183,-0.61461,-0.04432,-0.15315,-0.10116
0.060981,-0.40708,0.31855,-0.64168,-0.053151,-0.16765,0.011214
0.06517,-0.42203,0.31856,-0.66898,-0.052792,-0.17915,0.1066
0.068651,-0.43702,0.31831,-0.69649,-0.044223,-0.18803,0.085727
0.071511,-0.45203,0.31783,-0.72421,-0.029591,-0.19466,-0.01865
0.073865,-0.46706,0.31718,-0.75213,-0.011758,-0.19936,-0.094434
0.073794,-0.48278,0.32089,-0.77864,-0.013427,-0.20137,0.016811
0.073534,-0.49843,0.32415,-0.80556,-0.012815,-0.20165,0.11233
0.073083,-0.51402,0.32696,-0.83283,-0.010249,-0.2005,0.085626
0.072455,-0.52955,0.32934,-0.86043,-0.0063225,-0.1982,-0.02107
0.071666,-0.54501,0.33132,-0.88833,-0.0017718,-0.19498,-0.099731
0.070182,-0.55986,0.335,-0.91316,-0.018864,-0.18366,0.012716
0.068436,-0.57471,0.338,-0.93859,-0.028912,-0.17208,0.11397
0.066337,-0.58959,0.34027,-0.96459,-0.030181,-0.16018,0.10089
0.063893,-0.60449,0.34185,-0.99109,-0.023369,-0.14797,-0.0065009
0.061187,-0.61939,0.34284,-1.018,-0.011146,-0.13567,-0.10207
0.059747,-0.63286,0.34272,-1.0409,-0.01654,-0.11526,0.010758
0.057962,-0.64638,0.34215,-1.0647,-0.016855,-0.095408,0.11158
0.055852,-0.65994,0.34116,-1.0891,-0.012604,-0.076108,0.09066
0.05348,-0.67349,0.33979,-1.1142,-0.0053874,-0.057379,-0.015759
0.050929,-0.68702,0.33814,-1.1398,0.0026205,-0.039416,-0.099063
0.051502,-0.69832,0.33349,-1.1612,-0.016253,-0.016426,0.013364
0.051444,-0.70972,0.32862,-1.1836,-0.02853,0.0056695,0.11457
0.050685,-0.72122,0.32344,-1.2067,-0.031839,0.026941,0.093434
0.049257,-0.7328,0.31795,-1.2305,-0.026359,0.047404,-0.013249
0.047272,-0.74441,0.31223,-1.2549,-0.014491,0.066847,-0.10168
0.048544,-0.75361,0.30236,-1.2752,-0.020374,0.088362,0.011056
0.048988,-0.76293,0.29255,-1.2964,-0.020016,0.10895,0.11248
0.048683,-0.77235,0.28281,-1.3184,-0.014209,0.12853,0.096423
0.047758,-0.78181,0.27316,-1.341,-0.0050407,0.14702,-0.010882
0.046357,-0.79126,0.26367,-1.3641,0.0047805,0.16418,-0.10012
0.047884,-0.79822,0.25114,-1.383,-0.016356,0.17612,0.012521
0.048523,-0.80531,0.2388,-1.4028,-0.030247,0.18786,0.11371
0.048229,-0.81251,0.22653,-1.4233,-0.03412,0.1994,0.092459
0.047058,-0.8198,0.21431,-1.4444,-0.028086,0.21067,-0.014599
0.045156,-0.82711,0.20216,-1.4659,-0.01481,0.22132,-0.10075
0.044179,-0.83246,0.19092,-1.483,-0.0237,0.22719,0.011141
0.042388,-0.8379,0.17948,-1.5008,-0.02464,0.23311,0.11167
0.03987,-0.8434,0.16787,-1.5193,-0.01823,0.23897,0.099096
0.036772,-0.84888,0.15615,-1.5382,-0.0069144,0.24461,-0.0096802
0.033264,-0.85427,0.14439,-1.5573,0.0058786,0.24962,-0.099771
0.028481,-0.85805,0.13706,-1.5699,-0.0054712,0.25376,-0.14442
0.023441,-0.86178,0.12875,-1.5834,-0.010458,0.2581,-0.18326
0.018063,-0.86544,0.11948,-1.5973,-0.0061377,0.26216,-0.21672
0.0125,-0.86895,0.10938,-1.6117,0.0036627,0.26548,-0.24535
0.0070218,-0.87219,0.098669,-1.6261,0.011684,0.26763,-0.26969
-0.0014259,-0.87267,0.096733,-1.6308,-0.01217,0.27064,-0.23842
-0.0099388,-0.87311,0.09303,-1.6365,-0.023484,0.27377,-0.2086
-0.018762,-0.87354,0.087534,-1.6428,-0.015459,0.2765,-0.18011
-0.027651,-0.87383,0.08053,-1.6494,0.0044949,0.2783,-0.15307
-0.036105,-0.87374,0.072447,-1.6562,0.021354,0.27864,-0.12773
-0.048981,-0.87035,0.078211,-1.6505,-0.0077615,0.28267,-0.061881
-0.061385,-0.86674,0.081367,-1.6457,-0.026634,0.28625,-0.0014643
-0.073789,-0.86298,0.081866,-1.6415,-0.02285,0.28892,0.054007
-0.086086,-0.85896,0.079996,-1.6376,-0.0011767,0.29018,0.10472
-0.097766,-0.85441,0.076259,-1.6337,0.021501,0.2895,0.15066
-0.115,-0.84621,0.090814,-1.6142,-0.0051821,0.29808,0.2113
-0.13133,-0.83745,0.10176,-1.5954,-0.023407,0.30511,0.26609
-0.14727,-0.8282,0.10917,-1.5771,-0.020958,0.31012,0.31554
-0.16279,-0.81835,0.1134,-1.5588,-0.0014676,0.31263,0.35991
-0.17749,-0.80761,0.11496,-1.5402,0.01973,0.31217,0.39927
-0.19835,-0.79093,0.13827,-1.5021,-0.015125,0.32263,0.43135
-0.2184,-0.77361,0.15684,-1.4644,-0.033653,0.33042,0.45982
-0.23819,-0.75569,0.17088,-1.4268,-0.024151,0.33514,0.48494
-0.25755,-0.73693,0.18093,-1.3888,0.0039744,0.33635,0.50681
-0.27593,-0.717,0.18768,-1.35,0.028992,0.33357,0.52525
-0.3003,-0.69031,0.22012,-1.2889,-0.035937,0.34104,0.53013
-0.32447,-0.6627,0.24652,-1.2277,-0.066977,0.34491,0.53394
-0.34922,-0.6343,0.26709,-1.1659,-0.045334,0.34491,0.53678
-0.37411,-0.60479,0.2827,-1.1031,0.0084156,0.34071,0.5383
-0.39805,-0.57361,0.29449,-1.0388,0.052884,0.33188,0.53806
-0.42463,-0.54146,0.34027,-0.96874,-0.022998,0.28504,0.38596
-0.45102,-0.50712,0.37879,-0.89625,-0.083978,0.23932,0.2491
-0.47737,-0.4706,0.41084,-0.82101,-0.13203,0.19366,0.12585
-0.50383,-0.4319,0.43717,-0.74276,-0.16892,0.14719,0.014731
-0.53055,-0.39104,0.45844,-0.66127,-0.19618,0.099153,-0.085557
-0.5627,-0.34794,0.50162,-0.56482,-0.29049,0.037059,0.026561
-0.595,-0.30216,0.5384,-0.46561,-0.37255,-0.02326,0.12707
-0.62766,-0.25391,0.56965,-0.36351,-0.44393,-0.082768,0.21709
-0.66356,-0.19784,0.59247,-0.24278,-0.50225,-0.096221,0.29671
-0.70298,-0.13453,0.60798,-0.10373,-0.54824,-0.066787,0.25618
-0.74842,-0.067246,0.63797,0.050626,-0.60975,-0.03584,0.13638
-0.79499,0.0016378,0.66436,0.20874,-0.66465,-0.0014148,0.028055
-0.8418,0.069768,0.68928,0.36405,-0.71572,0.019099,-0.069278
-0.88855,0.13624,0.71384,0.51432,-0.76452,0.020999,-0.15641
-0.93557,0.20137,0.7383,0.66105,-0.81165,0.010373,-0.23438
-0.98132,0.25895,0.76864,0.78959,-0.86123,-0.050137,-0.10143
-1.0305,0.32079,0.79614,0.93271,-0.90625,-0.068842,0.01693
-1.0829,0.38574,0.82197,1.0882,-0.94834,-0.04907,0.12236
-1.1373,0.45087,0.84858,1.2475,-0.99032,-0.011332,0.21682
-1.1921,0.51315,0.87826,1.4017,-1.0336,0.021684,0.30218
-1.2407,0.55835,0.89828,1.5077,-1.0704,-0.027591,0.18735
-1.2911,0.60433,0.9218,1.6232,-1.1092,-0.046667,0.083625
-1.3436,0.65045,0.94861,1.7471,-1.1447,-0.033739,-0.0098112
-1.3974,0.69463,0.9794,1.8726,-1.1721,-0.0032442,-0.093336
-1.4512,0.73466,1.0151,1.9918,-1.1944,0.025596,-0.16726
-1.4917,0.75585,1.0101,2.063,-1.2003,-0.016135,-0.028508
-1.5332,0.77705,1.0128,2.1397,-1.2018,-0.031209,0.09641
-1.5757,0.79759,1.0222,2.2206,-1.2003,-0.01996,0.20925
-1.6185,0.81595,1.0383,2.3003,-1.1974,0.0048309,0.17783
-1.6605,0.83058,1.0608,2.3731,-1.1945,0.027451,0.085251
-1.6717,0.84452,0.98779,2.4065,-1.1619,-0.035637,0.09787
-1.6816,0.85802,0.92886,2.4368,-1.1363,-0.084499,0.10943
-1.6903,0.87076,0.88228,2.464,-1.1171,-0.12051,0.12032
-1.6983,0.88247,0.84651,2.4882,-1.1039,-0.145,0.13094
-1.7057,0.89296,0.82016,2.5092,-1.096,-0.15919,0.14156
-1.677,0.90916,0.71558,2.4852,-1.0273,-0.22634,0.11452
-1.6517,0.92338,0.62998,2.4623,-0.96217,-0.28015,0.12102
-1.6296,0.9355,0.56059,2.4404,-0.90089,-0.32174,0.12764
-1.6104,0.94548,0.50499,2.4191,-0.84374,-0.35219,0.13455
-1.594,0.95333,0.46111,2.3984,-0.79093,-0.37251,0.14183
-1.5499,0.96938,0.36132,2.3452,-0.6782,-0.45151,0.13996
-1.5113,0.98203,0.27942,2.2959,-0.5778,-0.51741,0.13823
-1.4774,0.9914,0.21266,2.2497,-0.4887,-0.57072,0.13502
-1.4478,0.99762,0.15869,2.2064,-0.40997,-0.61198,0.13079
-1.4221,1.0009,0.11548,2.1653,-0.34071,-0.64184,0.13147
-1.3763,1.011,0.044456,2.1045,-0.23411,-0.70677,0.12548
-1.337,1.0168,-0.012943,2.048,-0.13404,-0.75733,0.12008
-1.3032,1.0187,-0.059054,1.995,-0.040487,-0.7942,0.11587
-1.2742,1.017,-0.095839,1.945,0.04661,-0.81815,0.11282
-1.2495,1.0121,-0.12494,1.8975,0.12738,-0.82999,0.11091
-1.2138,1.01,-0.165,1.8389,0.20208,-0.8531,0.10275
-1.1832,1.0044,-0.1967,1.7841,0.27113,-0.86384,0.095486
-1.1571,0.99561,-0.22154,1.7323,0.33455,-0.86298,0.089079
-1.1346,0.9842,-0.2408,1.6831,0.39242,-0.8514,0.083478
-1.1151,0.97049,-0.25546,1.6358,0.44491,-0.83001,0.07862
-1.0886,0.95697,-0.27334,1.5834,0.45947,-0.80957,0.072022
-1.0658,0.94109,-0.28673,1.5333,0.47487,-0.7815,0.065788
-1.0459,0.92318,-0.29649,1.4852,0.49066,-0.7464,0.059907
-1.0284,0.90351,-0.30328,1.4384,0.50652,-0.70495,0.054351
-1.0127,0.8823,-0.30762,1.3926,0.52218,-0.6579,0.049096
-0.98712,0.86432,-0.31239,1.3444,0.46546,-0.60461,0.04298
-0.96195,0.84678,-0.3185,1.2991,0.4063,-0.54391,0.037632
-0.93694,0.82945,-0.32557,1.2559,0.34603,-0.47699,0.032662
-0.91183,0.8121,-0.33332,1.214,0.28583,-0.40517,0.029448
-0.88642,0.79449,-0.34152,1.1729,0.22677,-0.3299,0.025354
-0.85269,0.77485,-0.34892,1.1225,0.13205,-0.27708,0.02593
-0.81916,0.75482,-0.35704,1.0732,0.044862,-0.22235,0.025854
-0.78567,0.73422,-0.36573,1.0248,-0.033996,-0.16664,0.025664
-0.75208,0.71293,-0.37484,0.97671,-0.10396,-0.11088,0.02583
-0.7183,0.69085,-0.38424,0.92874,-0.16468,-0.056041,0.02658
-0.6797,0.66115,-0.38975,0.86608,-0.21143,-0.055231,0.026101
-0.64138,0.63133,-0.39623,0.80494,-0.24948,-0.052366,0.026049
-0.60327,0.6014,-0.40347,0.74523,-0.27894,-0.047656,0.02636
-0.56532,0.57143,-0.41127,0.68693,-0.30007,-0.041389,0.026961
-0.52749,0.54147,-0.41945,0.63001,-0.31326,-0.033902,0.027788
-0.49049,0.50213,-0.41879,0.55944,-0.29201,-0.081066,0.026045
-0.45381,0.46413,-0.41937,0.49211,-0.2675,-0.12174,0.024578
-0.41745,0.42755,-0.4209,0.42814,-0.2403,-0.15589,0.023263
-0.38144,0.39247,-0.42314,0.36762,-0.21101,-0.18362,0.021972
-0.3458,0.35898,-0.42587,0.31063,-0.18023,-0.20518,0.020595
-0.31578,0.31837,-0.4146,0.24798,-0.13309,-0.25377,0.023759
-0.28601,0.28046,-0.40474,0.1901,-0.087464,-0.29399,0.020863
-0.25656,0.24527,-0.39601,0.13703,-0.04384,-0.32602,0.017774
-0.22747,0.21279,-0.38817,0.088786,-0.0026561,-0.3502,0.014415
-0.19877,0.18302,-0.38101,0.045353,0.035719,-0.36702,0.010728
-0.179,0.14983,-0.35784,0.0052103,0.059974,-0.37747,0.0081836
-0.15923,0.12,-0.33632,-0.029959,0.081818,-0.38249,0.0053282
-0.1395,0.093406,-0.3162,-0.060281,0.10118,-0.38263,0.0020846
-0.11986,0.069934,-0.29726,-0.085892,0.11803,-0.37849,-0.002069
-0.10037,0.049471,-0.27932,-0.10693,0.13236,-0.37069,-0.0065759
-0.096003,0.036959,-0.24935,-0.10187,0.1226,-0.26175,0.0037983
-0.088426,0.02349,-0.22,-0.10153,0.11382,-0.19033,0.012088
-0.078696,0.010177,-0.19155,-0.10324,0.10607,-0.14434,0.0075817
-0.067708,-0.0020182,-0.16419,-0.10474,0.09941,-0.11366,0.003827
-0.056019,-0.012576,-0.13798,-0.10477,0.093817,-0.092559,0.00050079
-0.049128,-0.023708,-0.10132,-0.10084,0.061431,-0.063903,-8.766e-05
-0.041244,-0.033429,-0.066506,-0.096311,0.032422,-0.049756,-0.00065422
-0.033008,-0.041105,-0.033583,-0.089645,0.0066362,-0.04294,-0.0012964
-0.024785,-0.046471,-0.0024833,-0.08011,-0.016138,-0.039766,-0.0020444
-0.016798,-0.049451,0.026894,-0.067398,-0.036133,-0.03835,-0.0028948
-0.010914,-0.050069,0.058842,-0.049076,-0.072202,-0.023839,-0.0034853
-0.0047976,-0.04929,0.089178,-0.02963,-0.10436,-0.020054,-0.0036246
0.001046,-0.046585,0.11788,-0.0078111,-0.13282,-0.020882,-0.0034135
0.0063531,-0.041768,0.14501,0.0169,-0.15785,-0.023355,-0.0028747
0.010983,-0.034826,0.17066,0.044651,-0.17974,-0.026095,-0.0019837
0.016492,-0.0237,0.1922,0.077306,-0.20382,-0.012131,-0.0018014
0.021808,-0.011893,0.21298,0.11044,-0.22503,-0.0096133,-0.00098485
0.026456,0.0012079,0.2329,0.14541,-0.24345,-0.011893,0.00040231
0.030212,0.015837,0.25196,0.18275,-0.25926,-0.015696,0.0023375
0.032982,0.032029,0.27019,0.22258,-0.27269,-0.019505,0.0048681
0.03896,0.052589,0.28007,0.26595,-0.27772,-0.0086354,0.0082423
0.044201,0.073413,0.29015,0.3095,-0.28164,-0.0075969,0.011603
0.048344,0.095035,0.30025,0.35437,-0.28446,-0.010409,0.014888
0.051263,0.11764,0.31033,0.40092,-0.28626,-0.01422,0.018095
0.05295,0.14122,0.32038,0.44917,-0.28713,-0.017761,0.021253
0.058037,0.16866,0.32069,0.49846,-0.27539,-0.010751,0.023255
0.062209,0.19605,0.32201,0.54781,-0.26417,-0.010113,0.025368
0.065289,0.22371,0.32416,0.59786,-0.25339,-0.011847,0.027568
0.067261,0.25173,0.32704,0.64874,-0.24305,-0.014065,0.029862
0.068187,0.28009,0.3306,0.70034,-0.23312,-0.015951,0.032271
0.071737,0.31142,0.32671,0.75199,-0.20555,0.001166,0.032657
0.07428,0.34245,0.32367,0.80342,-0.17757,0.014491,0.033486
0.076241,0.37278,0.32156,0.85376,-0.14974,0.021894,0.034739
0.077896,0.40224,0.32039,0.90255,-0.1225,0.022617,0.036291
0.079377,0.4308,0.3201,0.94968,-0.096206,0.017352,0.038242
0.083659,0.45954,0.31651,0.99237,-0.065701,0.0042229,0.037448
0.087405,0.48776,0.31408,1.0346,-0.037233,-0.010114,0.037091
0.090497,0.51578,0.31263,1.0769,-0.010942,-0.022137,0.03709
0.09288,0.54382,0.31204,1.1196,0.013059,-0.029081,0.037377
0.094608,0.57196,0.31225,1.1628,0.034671,-0.029468,0.037917
0.096169,0.60058,0.3127,1.2051,0.048322,-0.016421,0.035753
0.097665,0.62873,0.31413,1.2468,0.059968,-0.0014854,0.034213
0.099539,0.65593,0.3166,1.2869,0.069506,0.012445,0.033309
0.10217,0.68173,0.32016,1.3244,0.076892,0.022836,0.033047
0.10585,0.70582,0.32481,1.3589,0.08215,0.02804,0.033238
0.11102,0.72534,0.33357,1.3848,0.076307,0.012088,0.031459
0.11697,0.74369,0.34298,1.4089,0.069783,-0.0047788,0.030475
0.12341,0.76129,0.35291,1.4316,0.062818,-0.018563,0.030181
0.13017,0.77843,0.36328,1.4537,0.055617,-0.026224,0.030491
0.13721,0.7952,0.37405,1.475,0.04833,-0.026254,0.031352
0.14211,0.80942,0.38864,1.4924,0.037058,-0.024555,0.029753
0.14779,0.82325,0.40337,1.509,0.026297,-0.015931,0.02857
0.15449,0.8363,0.41832,1.5238,0.016089,-0.0023838,0.02802
0.16257,0.84806,0.43358,1.5362,0.006445,0.013127,0.028165
0.17239,0.85796,0.44924,1.5452,-0.0026363,0.027381,0.028999
0.18276,0.86036,0.46963,1.5435,-0.0070274,0.016486,0.027527
0.19502,0.86118,0.48978,1.5392,-0.011476,0.0052819,0.026962
0.20888,0.8607,0.50967,1.5328,-0.015836,-0.003525,0.027189
0.22414,0.85909,0.52932,1.5244,-0.019998,-0.0079514,0.028118
0.24069,0.85635,0.54874,1.5141,-0.02389,-0.0071148,0.029678
0.2543,0.84983,0.57118,1.4988,-0.0166,-0.014032,0.027034
0.26866,0.84356,0.59286,1.4838,-0.010047,-0.0043825,0.027858
0.28446,0.83627,0.61407,1.4673,-0.0042901,0.013165,0.028393
0.30293,0.82583,0.63516,1.4462,0.00052961,0.024509,0.02903
0.32467,0.81083,0.65643,1.419,0.0044105,0.021565,0.029683
0.34793,0.78548,0.68119,1.3786,0.018857,-0.025033,0.026873
0.36991,0.76162,0.70508,1.3411,0.032072,-0.042154,0.027551
0.38927,0.7411,0.72791,1.3085,0.044331,-0.018919,0.027938
0.40823,0.72088,0.74978,1.2764,0.055317,0.023051,0.028434
0.43041,0.6956,0.77099,1.2381,0.064581,0.049468,0.028948
0.45974,0.65179,0.79585,1.1787,0.07948,-0.011282,0.025482
0.48768,0.60778,0.81959,1.1206,0.093134,-0.051885,0.026271
0.51049,0.5687,0.84181,1.0696,0.10614,-0.042433,0.026791
0.52955,0.53307,0.8623,1.0232,0.11822,0.0051205,0.027431
0.54963,0.49423,0.88107,0.97351,0.12862,0.050178,0.02801
0.57643,0.43656,0.90077,0.90484,0.13874,0.0083609,0.025864
0.6031,0.37579,0.91854,0.83445,0.1476,-0.030201,0.02653
0.62557,0.31729,0.93429,0.76811,0.15578,-0.035282,0.026792
0.64359,0.26164,0.94773,0.70604,0.16319,-0.0063697,0.027166
0.66037,0.20444,0.95854,0.64343,0.16936,0.029946,0.027739
0.68066,0.13455,0.9682,0.57057,0.1723,0.019333,0.025268
0.70137,0.059644,0.97517,0.49436,0.17403,-0.0015433,0.02601
0.71985,-0.017066,0.97955,0.4182,0.17478,-0.015617,0.026443
0.7346,-0.093405,0.9813,0.34415,0.17467,-0.013034,0.026956
0.74615,-0.16978,0.98024,0.27163,0.17359,0.0018413,0.027531
0.7577,-0.24794,0.97346,0.19955,0.16735,0.020829,0.026352
0.7695,-0.33116,0.96409,0.1242,0.16022,0.021964,0.027047
0.78141,-0.41923,0.95226,0.045855,0.15223,0.0055044,0.02759
0.79123,-0.5091,0.93845,-0.032688,0.14362,-0.013896,0.028248
0.79677,-0.59733,0.92307,-0.10849,0.1346,-0.020987,0.02903
0.8094,-0.6793,0.89625,-0.18182,0.11971,-0.018333,0.035587
0.81901,-0.75929,0.86755,-0.25327,0.10435,-0.012166,0.038697
0.82584,-0.83704,0.83719,-0.32285,0.088626,-0.0039138,0.038529
0.83016,-0.91232,0.80541,-0.39065,0.072613,0.0048674,0.03544
0.83224,-0.98487,0.77247,-0.45674,0.056415,0.012692,0.029892
0.84985,-1.0412,0.72028,-0.51844,0.038208,0.033781,0.031658
0.86342,-1.0955,0.66932,-0.57908,0.020265,0.049067,0.033695
0.87349,-1.1475,0.61976,-0.63881,0.0026667,0.056872,0.03608
0.8804,-1.1969,0.57181,-0.69762,-0.014484,0.05655,0.038904
0.88428,-1.2431,0.52573,-0.75535,-0.03106,0.048473,0.042214
0.9069,-1.2619,0.45714,-0.80967,-0.044598,0.048399,0.043648
0.92438,-1.2782,0.39282,-0.86268,-0.057189,0.040923,0.04535
0.93694,-1.2915,0.33281,-0.9141,-0.068734,0.027227,0.047293
0.94464,-1.3013,0.27718,-0.96352,-0.079124,0.0091497,0.04942
0.94752,-1.3072,0.22596,-1.0105,-0.088249,-0.011081,0.05166
0.96476,-1.2768,0.15077,-1.0492,-0.087946,-0.0015691,0.051389
0.97602,-1.2451,0.082311,-1.0858,-0.087134,0.0041562,0.050722
0.982,-1.2123,0.020154,-1.1203,-0.085788,0.0056484,0.049653
0.98324,-1.1785,-0.036102,-1.1528,-0.083888,0.0030197,0.048184
0.9802,-1.1439,-0.086836,-1.1831,-0.081413,-0.0031261,0.046322
0.98539,-1.0801,-0.15687,-1.2041,-0.06992,0.024936,0.042943
0.98681,-1.019,-0.22068,-1.2239,-0.058453,0.04437,0.03862
0.98526,-0.96085,-0.2788,-1.2429,-0.047069,0.053861,0.033733
0.98127,-0.90567,-0.33169,-1.2611,-0.035796,0.053296,0.028335
0.97514,-0.85337,-0.37976,-1.2785,-0.024639,0.043665,0.022529
0.97025,-0.78987,-0.43587,-1.2878,-0.0090805,0.059185,0.0051892
0.96393,-0.73056,-0.48716,-1.2969,0.0060682,0.064154,-0.012493
0.95645,-0.67531,-0.53404,-1.3057,0.020774,0.058966,-0.030396
0.94791,-0.62383,-0.57689,-1.314,0.03504,0.045107,-0.048283
0.93824,-0.57576,-0.61608,-1.3215,0.048896,0.024888,-0.065135
0.92542,-0.53739,-0.64732,-1.327,0.041992,-0.0056991,0.0058436
0.91296,-0.49855,-0.67739,-1.3308,0.028024,-0.037806,0.073755
0.89742,-0.45671,-0.7068,-1.3279,0.011015,-0.046239,0.070831
0.87882,-0.41143,-0.73643,-1.3174,-0.0055056,-0.026621,0.0073566
0.86012,-0.36495,-0.76682,-1.3034,-0.01901,0.0033608,-0.046726
0.83239,-0.33739,-0.78088,-1.2873,-0.022263,0.032143,0.02724
0.81227,-0.31046,-0.79818,-1.2777,-0.02252,0.025001,0.076339
0.79725,-0.2847,-0.81742,-1.2728,-0.019389,-0.0085178,0.053643
0.78292,-0.25792,-0.838,-1.2663,-0.012895,-0.039133,-0.011576
0.76641,-0.22786,-0.86,-1.2532,-0.0039639,-0.042884,-0.049926
0.72098,-0.21164,-0.85717,-1.2161,0.0087566,0.045884,0.00348
0.68859,-0.19206,-0.86192,-1.189,0.015317,0.086033,0.055678
0.67006,-0.17519,-0.87109,-1.1773,0.01552,0.051468,0.054446
0.65739,-0.15866,-0.88259,-1.171,0.011983,-0.010742,0.0048845
0.64594,-0.14044,-0.89573,-1.163,0.0068541,-0.069404,-0.038402
0.59782,-0.13511,-0.87901,-1.1211,0.004431,0.0035978,-0.041486
0.55972,-0.12136,-0.87203,-1.0823,-0.001875,0.063966,0.0026083
0.53475,-0.10715,-0.87127,-1.0566,-0.010787,0.066902,0.045529
0.52002,-0.095046,-0.87413,-1.0431,-0.019499,0.015676,0.044064
0.5087,-0.082338,-0.87977,-1.0318,-0.024761,-0.045358,0.0033858
0.4646,-0.08369,-0.85631,-0.99757,-0.017834,-0.0097505,-0.07514
0.42883,-0.076523,-0.84323,-0.96338,-0.011447,0.026579,-0.066111
0.40271,-0.066474,-0.83738,-0.93531,-0.006465,0.035878,0.012952
0.3848,-0.056147,-0.83628,-0.91429,-0.0028956,0.013869,0.07575
0.37145,-0.044795,-0.83859,-0.89573,-7.1115e-05,-0.019222,0.060622
0.33308,-0.050557,-0.81161,-0.86334,0.00068633,-0.0028362,-0.053639
0.30281,-0.048532,-0.79412,-0.83189,-0.0012501,0.011456,-0.14417
0.27998,-0.042256,-0.78362,-0.80368,-0.0048574,0.013227,-0.077098
0.26302,-0.03359,-0.77819,-0.77865,-0.0087295,0.0026802,0.025293
0.24977,-0.022852,-0.77657,-0.75461,-0.011416,-0.010608,0.11764
0.2128,-0.0253,-0.74673,-0.7218,-0.020427,0.0079955,0.011192
0.18217,-0.024352,-0.72266,-0.69115,-0.02935,0.020838,-0.074548
0.15744,-0.021497,-0.70321,-0.66383,-0.038013,0.022373,-0.071356
0.13769,-0.017455,-0.68748,-0.63969,-0.046141,0.01284,-0.099987
0.12168,-0.012246,-0.67493,-0.61739,-0.053386,-0.0023428,-0.098807
0.086847,-0.017448,-0.6385,-0.58841,-0.064053,0.0024911,-0.093065
0.058056,-0.019116,-0.6085,-0.56088,-0.07421,0.005349,-0.087385
0.034432,-0.018198,-0.58384,-0.53495,-0.083589,0.0050583,-0.081885
0.015106,-0.015322,-0.56359,-0.51042,-0.091943,0.002085,-0.11456
-0.00075293,-0.010852,-0.54703,-0.48684,-0.099062,-0.0018413,-0.11702
-0.028899,-0.013228,-0.51349,-0.45791,-0.10622,0.010896,-0.10762
-0.051854,-0.013387,-0.48543,-0.43156,-0.11291,0.017705,-0.098506
-0.070169,-0.012277,-0.46182,-0.4083,-0.11895,0.015878,-0.089772
-0.084664,-0.01027,-0.44185,-0.38765,-0.12409,0.0069819,-0.12455
-0.096308,-0.0072942,-0.42495,-0.3684,-0.12806,-0.00423,-0.12224
-0.11718,-0.0072036,-0.39839,-0.34413,-0.13046,-0.0019035,-0.11118
-0.13429,-0.0053335,-0.37604,-0.32088,-0.13214,0.0017926,-0.10094
-0.14812,-0.0022932,-0.35711,-0.29895,-0.13303,0.0048715,-0.091571
-0.15907,0.0014308,-0.34096,-0.27858,-0.13309,0.005841,-0.082692
-0.16759,0.0055323,-0.32704,-0.25974,-0.13228,0.0043748,-0.074347
-0.17963,0.0068905,-0.30749,-0.23946,-0.13009,0.006209,-0.066908
-0.18908,0.0088596,-0.29058,-0.22094,-0.12746,0.0056693,-0.059978
-0.19638,0.011231,-0.27581,-0.20395,-0.12432,0.0031597,-0.053629
-0.20196,0.013945,-0.26284,-0.18809,-0.1206,5.3673e-06,-0.047666
-0.20622,0.017005,-0.25136,-0.17294,-0.11627,-0.0022646,-0.042182
-0.21308,0.020018,-0.23763,-0.15558,-0.11246,0.0043142,-0.037902
-0.21814,0.023108,-0.2255,-0.13968,-0.10824,0.0089853,-0.033994
-0.22151,0.025918,-0.21456,-0.12564,-0.1037,0.0096546,-0.030719
-0.22345,0.028331,-0.20453,-0.1134,-0.098839,0.0063114,-0.10389
-0.22432,0.030456,-0.19522,-0.10243,-0.093622,0.00085596,-0.15544
-0.22766,0.033914,-0.18465,-0.087375,-0.080897,0.014531,-0.13927
-0.22945,0.036061,-0.1745,-0.07586,-0.06634,0.017317,-0.12415
-0.2305,0.03778,-0.165,-0.065572,-0.050672,0.018401,-0.11035
-0.23093,0.039227,-0.15608,-0.05609,-0.034765,0.019155,-0.097796
-0.23078,0.040445,-0.14767,-0.047282,-0.019416,0.01979,-0.086409
-0.2306,0.043202,-0.13931,-0.036534,-0.012792,0.024991,-0.07604
-0.22955,0.045215,-0.13125,-0.027485,-0.0066256,0.026337,-0.066549
-0.22794,0.046814,-0.12356,-0.019289,-0.0010693,0.027022,-0.057925
-0.22585,0.048075,-0.1162,-0.011766,0.0037077,0.027546,-0.050075
-0.22334,0.049034,-0.10916,-0.0048442,0.0075855,0.027996,-0.042959
-0.21937,0.050916,-0.10312,0.0036555,-0.0014472,0.03086,-0.037225
-0.21503,0.052261,-0.097274,0.010894,-0.0092706,0.03202,-0.031902
-0.21047,0.053223,-0.091681,0.017266,-0.015629,0.032798,-0.026961
-0.20574,0.053848,-0.086341,0.022893,-0.020404,0.033452,-0.022351
-0.2009,0.054167,-0.081246,0.027839,-0.023577,0.034035,-0.018055
-0.19455,0.055679,-0.078308,0.033349,-0.032576,0.037988,-0.014963
-0.18803,0.056499,-0.075346,0.037514,-0.038825,0.038924,-0.011957
-0.18158,0.056899,-0.072466,0.040984,-0.042338,0.039332,-0.0092582
-0.17522,0.056954,-0.069685,0.043898,-0.043312,0.039627,-0.0066342
-0.16896,0.056705,-0.066999,0.046311,-0.042054,0.039875,-0.0041357
-0.16173,0.057623,-0.066159,0.049269,-0.042738,0.044142,-0.0026317
-0.15444,0.05789,-0.065165,0.050971,-0.041317,0.0449,-0.0010388
-0.14732,0.057808,-0.064126,0.052165,-0.038081,0.045064,0.00045874
-0.1404,0.057454,-0.063059,0.053001,-0.033431,0.04511,0.0018365
-0.13365,0.056868,-0.061961,0.053532,-0.027793,0.045111,0.0031376
-0.12653,0.057151,-0.061314,0.055089,-0.026263,0.048972,0.0043351
-0.1194,0.056855,-0.060531,0.055549,-0.023772,0.049498,0.0054111
-0.11247,0.056273,-0.059716,0.055619,-0.020512,0.049467,0.0064363
-0.10577,0.055479,-0.058882,0.055435,-0.016738,0.049333,0.0074185
-0.09928,0.054509,-0.058028,0.055038,-0.012707,0.049167,0.0083579
-0.092928,0.051123,-0.057156,0.049314,0.014776,0.033585,0.0084732
-0.086265,0.048067,-0.055563,0.044527,0.025047,0.018577,0.0098091
-0.078953,0.045495,-0.052895,0.041019,0.0097915,0.0037155,0.010539
-0.071659,0.043124,-0.04987,0.038084,-0.013498,-0.010089,0.01103
-0.065297,0.040563,-0.047481,0.034762,-0.021223,-0.021703,0.011711
-0.060651,0.035475,-0.045108,0.027249,0.011538,-0.043673,0.012106
-0.055785,0.030901,-0.042337,0.020761,0.029732,-0.064053,0.01123
-0.050048,0.027116,-0.038435,0.015963,0.017033,-0.083772,0.0083443
-0.044028,0.023852,-0.03403,0.012231,-0.011025,-0.10206,0.0075144
-0.038847,0.020605,-0.030357,0.0083789,-0.025445,-0.11751,0.0078978
-0.036688,0.015727,-0.027286,0.0017977,0.0095285,-0.13299,0.0097616
-0.034251,0.0114,-0.024015,-0.0037943,0.031691,-0.14708,0.011075
-0.030714,0.0079623,-0.01962,-0.0075682,0.02067,-0.16091,0.01163
-0.026627,0.0051583,-0.014652,-0.0101,-0.0094198,-0.17378,0.011626
-0.023238,0.002433,-0.010432,-0.012685,-0.027237,-0.18414,0.011803
-0.023066,-0.00085808,-0.0074437,-0.016569,0.0086696,-0.18476,0.01308
-0.022562,-0.0037013,-0.0043462,-0.019617,0.032556,-0.18511,0.013319
-0.020806,-0.0057301,-0.00010817,-0.02093,0.022318,-0.1864,0.014339
-0.018334,-0.0071838,0.0047481,-0.021063,-0.0086212,-0.18786,0.013457
-0.016467,-0.0086296,0.0088362,-0.021369,-0.027982,-0.18771,0.014193
-0.017845,-0.010553,0.010392,-0.022087,0.0082416,-0.17581,0.014515
-0.018801,-0.012093,0.012155,-0.022268,0.032894,-0.16485,0.011073
-0.018394,-0.01286,0.01519,-0.020959,0.023071,-0.15599,0.012137
-0.01714,-0.013102,0.018983,-0.018692,-0.0081893,-0.14842,0.0099421
-0.016367,-0.013418,0.022115,-0.016834,-0.02824,-0.14038,0.010837
-0.017986,-0.014014,0.022207,-0.016055,0.0058957,-0.12147,0.01135
-0.019263,-0.014387,0.022527,-0.014974,0.03096,-0.10445,0.0095077
-0.019206,-0.014128,0.024154,-0.012599,0.023366,-0.090446,0.010708
-0.018249,-0.013439,0.026664,-0.0093733,-0.0062137,-0.078669,0.011416
-0.01768,-0.01289,0.028704,-0.0066113,-0.026706,-0.067333,0.012212
-0.020342,-0.0076323,0.028081,0.007385,-0.039421,-0.01034,0.02407
-0.023292,-0.002605,0.027224,0.020524,-0.044385,0.045382,0.035009
-0.025164,0.00037804,0.026708,0.028918,-0.041256,0.084051,0.045262
-0.02509,0.00026773,0.026885,0.030292,-0.031215,0.095923,0.054936
-0.022901,-0.0029781,0.027803,0.024524,-0.016641,0.07961,0.064014
-0.01651,-0.011379,0.028511,0.006413,-0.0019122,0.0075166,0.078945
-0.01054,-0.019166,0.02906,-0.010696,0.01152,-0.060843,0.092188
-0.0065697,-0.024179,0.028854,-0.021971,0.021708,-0.10649,0.10364
-0.0054851,-0.025208,0.027628,-0.024642,0.027424,-0.11833,0.11328
-0.0072781,-0.022243,0.025503,-0.018602,0.028257,-0.095726,0.12123
-0.012541,-0.012491,0.022221,0.0024516,0.01368,-0.0067351,0.1269
-0.017481,-0.0033505,0.019468,0.022233,-0.0015673,0.076585,0.13174
-0.02014,0.002488,0.017909,0.034807,-0.014917,0.13099,0.13622
-0.019455,0.0035556,0.017797,0.036858,-0.024434,0.14335,0.14061
-0.015496,-7.5125e-05,0.01893,0.028411,-0.029044,0.11356,0.14498
-0.0078035,-0.0088725,0.020085,0.0074048,-0.027875,0.024382,0.14532
-0.00099046,-0.016831,0.020746,-0.011943,-0.022394,-0.057171,0.14548
0.0050645,-0.024059,0.021038,-0.029781,-0.013887,-0.13203,0.14544
0.0082158,-0.027702,0.020127,-0.039744,-0.0040128,-0.17481,0.14489
0.0067116,-0.025411,0.017426,-0.036572,0.0055549,-0.16427,0.14363
-0.0010695,-0.014222,0.013036,-0.013519,0.0089592,-0.063472,0.1362
