0.27185
0.27185
0.27183
0.27179
0.27174
0.27167
0.2716
0.27154
0.27149
0.27146
0.27143
0.27141
0.27139
0.27139
0.27139
0.27139
0.2714
0.27142
0.27143
0.27144
0.27146
0.27147
0.27149
0.27151
0.27152
0.27154
0.27155
0.27157
0.27158
0.27159
0.2716
0.2716
0.2716
0.27159
0.27158
0.27157
0.27155
0.27152
0.27148
0.27144
0.27139
0.27133
0.27127
0.27119
0.27111
0.27101
0.27091
0.27079
0.27067
0.27053
0.27039
0.27023
0.27007
0.26989
0.26971
0.26951
0.2693
0.26908
0.26885
0.26861
0.26836
0.26809
0.26782
0.26753
0.26723
0.26691
0.26658
0.26624
0.26588
0.26551
0.26512
0.26471
0.26428
0.26384
0.26337
0.26288
0.26237
0.26184
0.26128
0.26069
0.26008
0.25944
0.25877
0.25806
0.25733
0.25656
0.25576
0.25492
0.25405
0.25314
0.25219
0.2512
0.25017
0.2491
0.24799
0.24684
0.24564
0.2444
0.24312
0.24179
0.24041
0.23899
0.23752
0.23601
0.23445
0.23284
0.23118
0.22948
0.22772
0.22592
0.22406
0.22216
0.22022
0.21822
0.21618
0.21408
0.21194
0.20976
0.20752
0.20524
0.20291
0.20055
0.19814
0.19569
0.19319
0.19066
0.18809
0.1855
0.18288
0.18022
0.17754
0.17485
0.17214
0.16942
0.16669
0.16395
0.16122
0.15851
0.1558
0.15312
0.15045
0.14782
0.14524
0.14272
0.14024
0.13782
0.1355
0.13326
0.13113
0.1291
0.12717
0.12539
0.12374
0.12223
0.12088
0.11969
0.11869
0.11789
0.11728
0.1169
0.11673
0.11682
0.11716
0.11776
0.11862
0.11973
0.12109
0.12269
0.12454
0.12665
0.12899
0.13153
0.13425
0.13717
0.14026
0.14352
0.1469
0.15038
0.15396
0.15763
0.16138
0.16517
0.16899
0.17282
0.17665
0.18047
0.18423
0.18793
0.19155
0.1951
0.19858
0.20196
0.20523
0.20841
0.21149
0.21448
0.21735
0.22012
0.22279
0.22535
0.22781
0.23017
0.23243
0.23458
0.23663
0.23859
0.24045
0.24221
0.24389
0.24547
0.24696
0.24836
0.24968
0.25092
0.25207
0.25316
0.25416
0.2551
0.25596
0.25677
0.25751
0.2582
0.25883
0.25942
0.25996
0.26046
0.26092
0.26134
0.26173
0.26208
0.26241
0.2627
0.26297
0.2632
0.26342
0.2636
0.26376
0.2639
0.26401
0.2641
0.26417
0.26421
0.26424
0.26425
0.26425
0.26424
0.26421
0.26417
0.26413
0.26409
0.26404
0.264
0.26395
0.26392
0.26389
0.26388
0.26388
0.26389
0.26392
0.26396
0.26403
0.26412
0.26423
0.26436
0.26451
0.26468
0.26487
0.26509
0.26532
0.26556
0.26582
0.26609
0.26636
0.26664
0.26691
0.26717
0.26743
0.26766
0.26788
0.26806
0.26821
0.26832
0.26837
0.26836
0.26829
0.26814
0.26791
0.26759
0.26717
0.26666
0.26603
0.26528
0.2644
0.26339
0.26224
0.26094
0.25951
0.25793
0.25621
0.25435
0.25235
0.25021
0.24793
0.24552
0.24299
0.24035
0.23763
0.23483
0.23194
0.22898
0.22596
0.22292
0.21989
0.21685
0.2138
0.21077
0.20779
0.20488
0.20205
0.1993
0.19663
0.19408
0.19167
0.18941
0.1873
0.18535
0.18358
0.18199
0.18062
0.17947
0.17854
0.17784
0.17739
0.17719
0.17722
0.17751
0.17806
0.17886
0.17991
0.18121
0.18276
0.18454
0.18654
0.18875
0.19115
0.1937
0.19639
0.19919
0.20207
0.20501
0.20799
0.21097
0.21394
0.21687
0.21977
0.22261
0.22537
0.22805
0.23064
0.23314
0.23554
0.23784
0.24003
0.24211
0.24406
0.24587
0.24757
0.24914
0.25062
0.25199
0.25325
0.25438
0.25541
0.25635
0.25721
0.258
0.25869
0.25929
0.25981
0.26028
0.2607
0.26105
0.26135
0.26159
0.26179
0.26196
0.26209
0.26218
0.26225
0.26229
0.26231
0.26231
0.26228
0.26224
0.26218
0.26212
0.26204
0.26195
0.26186
0.26176
0.26165
0.26155
0.26143
0.26132
0.26121
0.2611
0.261
0.26089
0.2608
0.2607
0.26061
0.26053
0.26045
0.26038
0.26031
0.26025
0.2602
0.26015
0.26011
0.26007
0.26004
0.26002
0.26
0.25999
0.25998
0.25997
0.25997
0.25997
0.25998
0.25999
0.26001
0.26003
0.26005
0.26007
0.2601
0.26013
0.26016
0.26019
0.26022
0.26026
0.26029
0.26033
0.26037
0.26041
0.26045
0.26049
0.26053
0.26057
0.26061
0.26065
0.26069
0.26073
0.26077
0.26081
0.26085
0.26089
0.26092
0.26096
0.26099
0.26103
0.26106
0.26109
0.26112
0.26114
0.26117
0.26119
0.26122
0.26124
0.26126
0.26127
0.26128
0.2613
0.26131
0.26132
0.26133
0.26133
0.26134
0.26134
0.26134
0.26134
0.26134
0.26134
0.26134
0.26134
0.26133
0.26133
0.26133
0.26132
0.26132
0.26132
0.26132
0.26132
0.26132
0.26132
0.26131
0.26131
0.26131
0.2613
0.2613
0.2613
