0,0,0,0,0,0,0
0,0,0,0,0,0,0
0,0,0,0,0,0,0
0,0,0,0,0,0,0
0,0,0,0,0,0,0
0.081919,2.5969,-0.20843,-0.048904,0.099621,0.0033632,-6.6979e-06
0.074549,2.6009,-0.20467,-0.049642,0.099293,0.0025203,-7.9448e-06
0.066122,2.6027,-0.19858,-0.050457,0.098963,0.0014626,-9.7213e-06
0.056983,2.6007,-0.18894,-0.051117,0.098628,0.00036443,-1.2392e-05
-0.097503,2.9347,-0.17762,-0.067183,0.099065,0.0074877,-5.715e-05
0.023577,3.2326,-0.27646,-0.03857,0.096719,0.0094558,-2.2075e-05
0.1263,3.4789,-0.33979,-0.023817,0.097641,0.01362,-3.1731e-05
0.21997,3.6983,-0.39522,-0.01298,0.09688,0.018185,-2.4675e-05
0.30978,3.9041,-0.45286,-0.0021046,0.093049,0.022542,1.6986e-05
-0.11772,3.2998,-0.23836,-0.051664,0.099988,0.0012356,-4.2087e-05
-0.21036,3.3175,-0.19532,-0.061147,0.10018,-0.0012547,-4.5768e-05
-0.29531,3.3606,-0.18387,-0.069802,0.098521,-0.0036151,-3.9283e-05
-0.37534,3.4073,-0.17305,-0.07733,0.097075,-0.0058543,-3.5919e-05
-0.44761,3.454,-0.16797,-0.084361,0.095427,-0.0078194,-3.408e-05
-0.074132,2.5448,-0.0029594,-0.0050176,0.12181,0.0015102,-0.00044312
-0.036427,2.5899,-0.046358,-0.0026253,0.11187,0.0027262,-0.00060328
-0.011285,2.6158,-0.087277,-0.013038,0.10241,0.0041339,-0.00073536
0.00518,2.6309,-0.11653,-0.025832,0.096913,0.0053807,-0.00080339
0.01285,2.6313,-0.12832,-0.037163,0.095688,0.0062833,-0.00081349
0.22954,3.5594,-0.44617,0.016256,0.085277,0.00932,0.00056129
0.23526,3.5196,-0.40679,0.017242,0.091337,0.0092087,0.00057172
0.24216,3.4917,-0.37329,0.02237,0.096659,0.0074739,0.00057832
0.24979,3.4756,-0.35345,0.029692,0.099591,0.005025,0.00058162
0.25676,3.4663,-0.34878,0.036342,0.09957,0.0028786,0.00058361
-0.05822,2.8185,-0.18572,-0.054154,0.092831,0.0010429,1.5703e-06
-0.061705,2.8252,-0.18503,-0.056341,0.092739,0.0011538,2.5269e-06
-0.064277,2.8316,-0.18441,-0.058419,0.092661,0.0013158,4.2734e-06
-0.065975,2.8378,-0.18385,-0.060391,0.092598,0.001522,6.7248e-06
-0.06684,2.8438,-0.18336,-0.062258,0.092551,0.0017665,9.8056e-06
-0.14104,3.0359,-0.19196,-0.054538,0.091787,0.0012257,1.0173e-05
-0.14521,3.0607,-0.19397,-0.056515,0.091909,0.0014068,1.3864e-05
-0.14831,3.084,-0.19594,-0.058279,0.091984,0.0016696,1.7996e-05
-0.15038,3.1058,-0.19786,-0.059855,0.092017,0.0020068,2.2518e-05
-0.15147,3.1263,-0.19973,-0.061261,0.092015,0.0024114,2.738e-05
-0.21715,3.2655,-0.21346,-0.052706,0.091697,-0.00041231,1.9196e-05
-0.22036,3.2966,-0.21743,-0.052514,0.091743,5.3253e-05,2.68e-05
-0.22262,3.3257,-0.2214,-0.05213,0.091708,0.0005883,3.4745e-05
-0.22397,3.3528,-0.22537,-0.051579,0.091601,0.0011879,4.2979e-05
-0.22448,3.3782,-0.22934,-0.050878,0.091429,0.0018475,5.1457e-05
-0.28933,3.4268,-0.22794,-0.044625,0.091972,-0.0024361,1.6207e-05
-0.29031,3.4529,-0.2333,-0.04318,0.091617,-0.0014454,2.6875e-05
-0.29068,3.4772,-0.2387,-0.041739,0.091199,-0.00042521,3.7546e-05
-0.29047,3.4998,-0.24414,-0.040299,0.090724,0.00062437,4.8195e-05
-0.28972,3.5209,-0.2496,-0.038861,0.090198,0.0017027,5.8798e-05
-0.33843,3.4869,-0.23899,-0.034972,0.092231,-0.004734,3.3078e-06
-0.33704,3.5008,-0.24438,-0.033472,0.091485,-0.0033569,1.5154e-05
-0.33539,3.5137,-0.24975,-0.032029,0.090727,-0.0020089,2.6751e-05
-0.33348,3.5257,-0.25509,-0.030638,0.089959,-0.00068414,3.8088e-05
-0.33133,3.5367,-0.26039,-0.029293,0.089184,0.00062188,4.9163e-05
-0.35634,3.4527,-0.24604,-0.023747,0.092283,-0.0074445,1.2964e-05
-0.3517,3.4526,-0.24979,-0.022876,0.091342,-0.0059817,2.3424e-05
-0.34701,3.4524,-0.25345,-0.021942,0.090438,-0.0046043,3.3476e-05
-0.34228,3.4522,-0.25699,-0.02096,0.089568,-0.0033009,4.3122e-05
-0.33751,3.4519,-0.26041,-0.019944,0.088728,-0.0020621,5.2365e-05
-0.33836,3.347,-0.23787,-0.032318,0.096562,-0.011205,3.0052e-05
-0.32962,3.3392,-0.24043,-0.030388,0.095397,-0.009907,3.2592e-05
-0.32063,3.3324,-0.24286,-0.028299,0.094318,-0.0087094,3.5244e-05
-0.31149,3.3264,-0.24516,-0.026082,0.093316,-0.0076019,3.7899e-05
-0.30226,3.3212,-0.24732,-0.023763,0.09238,-0.0065755,4.0477e-05
-0.28832,3.239,-0.24251,-0.030813,0.098923,-0.013798,2.6885e-05
-0.27495,3.2282,-0.24397,-0.029145,0.09798,-0.012743,2.8936e-05
-0.26177,3.2184,-0.24506,-0.027356,0.09714,-0.011793,3.1425e-05
-0.24884,3.2095,-0.2458,-0.025476,0.096392,-0.01094,3.4242e-05
-0.23621,3.2013,-0.2462,-0.023531,0.095724,-0.010174,3.73e-05
-0.22964,3.1686,-0.25727,-0.028011,0.10007,-0.016542,2.3818e-05
-0.21512,3.1593,-0.25704,-0.026687,0.09949,-0.015798,2.6936e-05
-0.20106,3.1506,-0.25629,-0.025269,0.098996,-0.015141,3.0658e-05
-0.1875,3.1423,-0.25506,-0.023786,0.098579,-0.014565,3.489e-05
-0.1745,3.1343,-0.25337,-0.022261,0.098228,-0.014063,3.9556e-05
-0.192,3.1466,-0.26559,-0.024592,0.10112,-0.019666,2.4605e-05
-0.18056,3.1428,-0.26512,-0.023515,0.10082,-0.019181,3.2218e-05
-0.16963,3.1389,-0.26423,-0.022361,0.10056,-0.018752,4.0773e-05
-0.15925,3.1351,-0.26291,-0.021158,0.10035,-0.018377,5.0165e-05
-0.14948,3.1313,-0.26118,-0.019926,0.10018,-0.018052,6.0304e-05
-0.18457,3.1718,-0.27019,-0.023402,0.10204,-0.021943,2.0386e-05
-0.17877,3.1719,-0.26782,-0.022705,0.10196,-0.021524,3.5299e-05
-0.17343,3.1715,-0.26509,-0.021986,0.10189,-0.021131,5.1315e-05
-0.16859,3.1705,-0.262,-0.021265,0.10183,-0.020764,6.8319e-05
-0.16432,3.169,-0.25857,-0.020557,0.10177,-0.020422,8.6211e-05
-0.20757,3.2206,-0.25469,-0.022916,0.10477,-0.024115,1.8367e-05
-0.20905,3.2239,-0.25254,-0.022301,0.10464,-0.023835,4.0222e-05
-0.21087,3.2263,-0.25018,-0.021695,0.10451,-0.023558,6.2827e-05
-0.21309,3.2277,-0.24762,-0.02111,0.10436,-0.023283,8.6098e-05
-0.21575,3.2283,-0.24485,-0.020559,0.10421,-0.023014,0.00010996
-0.26588,3.2867,-0.25394,-0.023497,0.10963,-0.024427,3.251e-05
-0.27402,3.2917,-0.252,-0.024139,0.10972,-0.023722,5.7827e-05
-0.2824,3.2961,-0.25027,-0.024943,0.1098,-0.023001,8.3363e-05
-0.29107,3.3002,-0.24882,-0.02592,0.10987,-0.02226,0.0001091
-0.3001,3.3039,-0.2477,-0.027075,0.10994,-0.021501,0.00013503
-0.31417,3.3537,-0.25644,-0.020516,0.11071,-0.028261,4.5229e-05
-0.32743,3.3595,-0.25577,-0.021581,0.11064,-0.027509,7.2112e-05
-0.34092,3.365,-0.25548,-0.022713,0.11055,-0.026749,9.8926e-05
-0.35474,3.3701,-0.25554,-0.023918,0.11046,-0.025982,0.0001256
-0.36897,3.3748,-0.25594,-0.025199,0.11035,-0.025209,0.00015208
-0.33534,3.3846,-0.24475,-0.015966,0.11299,-0.031407,4.8406e-05
-0.35085,3.3889,-0.24577,-0.017065,0.11281,-0.030569,7.7079e-05
-0.36685,3.3926,-0.24688,-0.018258,0.11263,-0.02973,0.00010554
-0.38342,3.3959,-0.24809,-0.019555,0.11246,-0.028889,0.00013372
-0.4006,3.3987,-0.24943,-0.020965,0.11228,-0.028047,0.00016155
-0.3151,3.4028,-0.25529,-0.0086092,0.11606,-0.03535,7.7375e-05
-0.33152,3.4026,-0.25645,-0.0096686,0.11594,-0.034612,0.00010664
-0.34879,3.4022,-0.2579,-0.010817,0.11581,-0.033886,0.00013654
-0.36692,3.4017,-0.25968,-0.012053,0.11568,-0.033171,0.00016697
-0.38593,3.4011,-0.26183,-0.01337,0.11554,-0.032465,0.00019783
-0.24693,3.3969,-0.27585,-0.0020797,0.11717,-0.038896,0.00010604
-0.25963,3.395,-0.27885,-0.0024128,0.11707,-0.038039,0.00013845
-0.27315,3.3935,-0.28219,-0.0027243,0.11698,-0.037195,0.00017238
-0.28748,3.3924,-0.28594,-0.0030163,0.1169,-0.03636,0.00020766
-0.3026,3.3919,-0.29014,-0.0032933,0.11683,-0.035533,0.00024414
-0.15085,3.3934,-0.31334,0.011122,0.11909,-0.043099,0.00011285
-0.15891,3.3922,-0.31831,0.012233,0.11903,-0.042224,0.0001505
-0.1677,3.3918,-0.32368,0.013441,0.119,-0.041359,0.00019043
-0.17725,3.3922,-0.32949,0.014719,0.11897,-0.0405,0.00023239
-0.18753,3.3934,-0.33577,0.01604,0.11894,-0.039645,0.00027612
-0.028827,3.3378,-0.30745,0.023872,0.11232,-0.048564,5.121e-05
-0.031435,3.3428,-0.31572,0.026698,0.11235,-0.047606,9.6807e-05
-0.034758,3.3484,-0.32434,0.029841,0.1124,-0.046682,0.00014508
-0.038829,3.3547,-0.33331,0.033256,0.11245,-0.045787,0.00019568
-0.043693,3.3616,-0.34267,0.036898,0.11249,-0.04492,0.00024832
0.068752,3.3019,-0.32375,0.030024,0.1109,-0.052892,5.3364e-05
0.067163,3.309,-0.33315,0.034734,0.111,-0.052111,0.00010743
0.065055,3.3168,-0.34279,0.03976,0.11111,-0.051352,0.00016409
0.062413,3.3251,-0.35269,0.045056,0.1112,-0.050614,0.00022298
0.059182,3.3341,-0.36289,0.050575,0.11129,-0.049893,0.00028375
0.144,3.2929,-0.34149,0.040509,0.10904,-0.05632,4.7606e-05
0.14272,3.3027,-0.35118,0.046612,0.10927,-0.055585,0.0001101
0.14109,3.3127,-0.36093,0.052886,0.1095,-0.054867,0.0001746
0.1391,3.3231,-0.37076,0.059287,0.1097,-0.054162,0.00024075
0.13669,3.3339,-0.38072,0.065771,0.10989,-0.053468,0.00030822
0.17546,3.259,-0.34382,0.036995,0.10745,-0.05964,6.6776e-05
0.17381,3.2726,-0.35342,0.0442,0.10775,-0.058989,0.0001352
0.17205,3.2861,-0.36287,0.051463,0.10804,-0.058346,0.00020497
0.17014,3.2996,-0.37219,0.05874,0.10831,-0.057708,0.00027574
0.16804,3.313,-0.38142,0.065989,0.10856,-0.057074,0.00034718
0.20543,3.2522,-0.3482,0.04056,0.10355,-0.062051,7.3975e-05
0.20385,3.2683,-0.35691,0.048055,0.10389,-0.061482,0.00014393
0.20236,3.2836,-0.36512,0.055457,0.1042,-0.060921,0.00021425
0.20093,3.2984,-0.3729,0.062737,0.10449,-0.060364,0.00028467
0.19952,3.3129,-0.38045,0.069879,0.10477,-0.059806,0.00035494
0.2154,3.2145,-0.33624,0.038555,0.10055,-0.063742,6.0277e-05
0.21502,3.2296,-0.342,0.045919,0.10094,-0.063244,0.00012677
0.21492,3.2437,-0.34701,0.053097,0.10131,-0.062754,0.00019283
0.21509,3.257,-0.3514,0.060067,0.10167,-0.062267,0.00025823
0.21545,3.2703,-0.35551,0.066836,0.10201,-0.061776,0.00032284
0.3117,3.2175,-0.34384,0.060948,0.095556,-0.064688,5.2414e-05
0.32126,3.2358,-0.35164,0.067229,0.095992,-0.064335,0.00011231
0.32937,3.2533,-0.35853,0.073512,0.09642,-0.064031,0.00017107
0.33613,3.2699,-0.36451,0.07975,0.09683,-0.063774,0.00022811
0.34162,3.2855,-0.36955,0.085881,0.097214,-0.063561,0.00028291
0.31341,3.1685,-0.31723,0.084989,0.091509,-0.064514,5.047e-05
0.31933,3.18,-0.31887,0.091809,0.091836,-0.06478,9.6653e-05
0.32428,3.1909,-0.31985,0.098489,0.092133,-0.065086,0.00014013
0.32834,3.2012,-0.32018,0.10499,0.092396,-0.065428,0.00018063
0.33162,3.2108,-0.31978,0.11125,0.092622,-0.065806,0.00021787
0.33277,3.1207,-0.30274,0.1018,0.086032,-0.064198,2.2232e-05
0.33823,3.129,-0.30171,0.10664,0.086287,-0.064679,5.0216e-05
0.34299,3.1365,-0.29985,0.11117,0.086532,-0.065197,7.5961e-05
0.34711,3.1433,-0.29721,0.11534,0.086764,-0.06575,9.9312e-05
0.35067,3.1492,-0.29376,0.11913,0.086981,-0.066336,0.00012012
0.35895,3.0702,-0.30019,0.09579,0.084638,-0.061566,1.2844e-05
0.36525,3.0765,-0.29813,0.097241,0.084889,-0.062093,2.8002e-05
0.37108,3.0817,-0.29507,0.098224,0.085157,-0.062637,4.1977e-05
0.37647,3.086,-0.29109,0.098722,0.085438,-0.063199,5.4631e-05
0.38143,3.0891,-0.28616,0.098702,0.085728,-0.063781,6.5799e-05
0.36337,3.0333,-0.30743,0.085996,0.084355,-0.060862,3.5969e-05
0.37016,3.0362,-0.3038,0.08188,0.084693,-0.061147,4.4769e-05
0.37642,3.0379,-0.29921,0.077214,0.085057,-0.061448,5.3295e-05
0.38214,3.0385,-0.29377,0.071994,0.085441,-0.061764,6.1385e-05
0.38735,3.0378,-0.28752,0.066211,0.08584,-0.062095,6.8865e-05
0.26104,3.0244,-0.3602,0.059753,0.08142,-0.058282,3.892e-05
0.2713,3.0231,-0.35322,0.052078,0.081954,-0.058684,4.6512e-05
0.28094,3.0203,-0.34545,0.043914,0.082497,-0.059124,5.3863e-05
0.28995,3.0164,-0.33706,0.03528,0.083043,-0.059602,6.0893e-05
0.29834,3.0111,-0.32813,0.026193,0.083588,-0.060123,6.7506e-05
0.16377,2.9743,-0.35924,0.043997,0.079719,-0.05966,2.0363e-05
0.18266,2.9672,-0.34669,0.041776,0.080111,-0.060712,2.0786e-05
0.20259,2.9597,-0.3338,0.039678,0.080487,-0.061837,2.0883e-05
0.22362,2.9519,-0.32065,0.037753,0.080846,-0.063036,2.0747e-05
0.24588,2.9441,-0.30735,0.036067,0.081189,-0.064312,2.0514e-05
0.12248,2.9507,-0.35344,0.022084,0.077316,-0.055769,2.3578e-05
0.14729,2.9455,-0.34127,0.021951,0.077743,-0.057285,2.7274e-05
0.17377,2.94,-0.32895,0.022397,0.078164,-0.058938,3.0769e-05
0.20197,2.9344,-0.31659,0.023505,0.078581,-0.060733,3.4277e-05
0.23191,2.9289,-0.30427,0.025362,0.078992,-0.062676,3.801e-05
0.043996,2.9078,-0.32507,0.010471,0.074746,-0.048996,2.5321e-05
0.074838,2.9077,-0.31642,0.012966,0.074979,-0.050674,3.2364e-05
0.10716,2.9079,-0.30823,0.016341,0.075177,-0.052512,3.8724e-05
0.14097,2.9084,-0.3006,0.020642,0.075346,-0.054512,4.4771e-05
0.17619,2.9093,-0.29353,0.025974,0.075491,-0.056675,5.0835e-05
-0.061134,2.8705,-0.29225,-0.00086133,0.071898,-0.039637,5.3322e-05
-0.028981,2.8767,-0.28967,0.0053379,0.071715,-0.041577,6.7293e-05
0.0043487,2.8836,-0.28816,0.012691,0.071479,-0.043655,8.037e-05
0.038675,2.8913,-0.28764,0.021238,0.071201,-0.04587,9.3044e-05
0.073811,2.8997,-0.28806,0.031012,0.07089,-0.048214,0.00010576
-0.23596,2.8204,-0.30644,-0.0025615,0.068132,-0.029682,0.0001793
-0.20921,2.8464,-0.31517,0.0071158,0.067581,-0.031242,0.00020473
-0.18271,2.8741,-0.32535,0.017753,0.066971,-0.032864,0.00022902
-0.15661,2.9031,-0.33673,0.029331,0.066313,-0.034535,0.00025266
-0.13107,2.9332,-0.34906,0.041826,0.065615,-0.036243,0.00027606
-0.38414,2.7273,-0.31384,0.014409,0.064962,-0.020775,0.00026427
-0.36005,2.7601,-0.32225,0.028483,0.064316,-0.022261,0.00028983
-0.33627,2.7933,-0.33095,0.043206,0.063644,-0.023746,0.00031376
-0.31297,2.8266,-0.33973,0.058505,0.062942,-0.025207,0.00033645
-0.29027,2.8597,-0.34838,0.074305,0.062206,-0.026622,0.00035822
-0.33029,2.243,-0.076356,0.0016445,0.061234,-0.020434,8.5457e-05
-0.31112,2.3158,-0.089847,0.013471,0.061426,-0.021805,0.00011514
-0.29203,2.3866,-0.10021,0.028209,0.061681,-0.023125,0.00013952
-0.27263,2.4554,-0.10742,0.045719,0.062,-0.024398,0.0001586
-0.25256,2.5222,-0.11147,0.065827,0.062385,-0.02563,0.00017252
-0.33742,1.8316,0.032148,0.064995,0.054799,-0.014765,4.5723e-05
-0.32066,1.8805,0.034371,0.085188,0.05506,-0.015792,5.8788e-05
-0.30246,1.9283,0.039171,0.10714,0.055391,-0.01676,6.8735e-05
-0.28244,1.9753,0.046409,0.13058,0.055801,-0.017675,7.6161e-05
-0.26036,2.0219,0.055875,0.15519,0.056298,-0.018539,8.1743e-05
-0.27794,1.6608,0.024506,0.0834,0.057308,-0.013623,0.00014046
-0.26587,1.6934,0.028365,0.10581,0.057397,-0.014089,0.00015236
-0.25345,1.728,0.032215,0.12758,0.057593,-0.014502,0.00016825
-0.24079,1.7646,0.035941,0.14866,0.05789,-0.014867,0.00018829
-0.22782,1.8033,0.03954,0.16907,0.058283,-0.015191,0.0002125
-0.22776,1.7076,-0.088424,0.047187,0.060609,-0.016101,0.00013611
-0.21983,1.7379,-0.090339,0.062418,0.060713,-0.016647,0.00016477
-0.21295,1.7722,-0.093523,0.076018,0.060959,-0.01715,0.00019996
-0.20754,1.8096,-0.097882,0.088243,0.061318,-0.01761,0.000241
-0.20341,1.8492,-0.10306,0.099432,0.061766,-0.018029,0.00028696
-0.16784,1.6393,-0.16029,0.012469,0.056787,-0.016012,4.4536e-05
-0.16245,1.6623,-0.1659,0.025334,0.057042,-0.017109,8.2237e-05
-0.15841,1.6861,-0.17189,0.037574,0.057338,-0.018119,0.00012186
-0.15559,1.7099,-0.17803,0.049372,0.057651,-0.019034,0.00016243
-0.15378,1.7329,-0.18408,0.060898,0.057962,-0.019847,0.00020303
-0.060831,1.6,-0.18552,0.05306,0.058282,-0.020223,4.7847e-05
-0.05824,1.6001,-0.18882,0.060465,0.058159,-0.020876,6.8764e-05
-0.056373,1.5995,-0.19197,0.067959,0.058047,-0.021394,8.8244e-05
-0.055023,1.598,-0.19488,0.075624,0.057935,-0.021774,0.0001058
-0.053973,1.5956,-0.19746,0.08352,0.057814,-0.022015,0.00012108
-0.018442,1.5436,-0.21455,0.062387,0.056464,-0.015354,3.3475e-05
-0.0076515,1.5368,-0.21294,0.07741,0.056252,-0.01589,3.5752e-05
0.0028091,1.5316,-0.21173,0.09172,0.056073,-0.016388,3.7733e-05
0.012989,1.5277,-0.21082,0.10519,0.055922,-0.016838,3.9528e-05
0.022918,1.5248,-0.21014,0.11773,0.055795,-0.017234,4.1211e-05
0.028088,1.6111,-0.25256,0.051322,0.055939,-0.016391,1.5018e-05
0.032384,1.6182,-0.25808,0.061817,0.055812,-0.016914,2.0294e-05
0.036362,1.6253,-0.26356,0.071886,0.055718,-0.017464,2.5515e-05
0.04009,1.6322,-0.2689,0.081332,0.055659,-0.018026,3.0849e-05
0.043617,1.6387,-0.27405,0.089963,0.055635,-0.018578,3.6465e-05
0.010348,1.7034,-0.30657,0.029684,0.055752,-0.017034,1.4109e-05
0.012696,1.7114,-0.30983,0.033346,0.056139,-0.017559,2.1785e-05
0.014965,1.7185,-0.3128,0.036367,0.056565,-0.018078,3.0577e-05
0.017205,1.7246,-0.3154,0.038568,0.057016,-0.018579,4.0344e-05
0.019453,1.7296,-0.31759,0.039789,0.05748,-0.019049,5.0974e-05
-0.0015257,1.7718,-0.32073,0.0059589,0.05547,-0.017507,4.7571e-06
-0.010535,1.7864,-0.33089,0.0048711,0.055649,-0.017958,1.7576e-05
-0.019031,1.7996,-0.34043,0.0031855,0.055854,-0.018418,3.2053e-05
-0.027007,1.8114,-0.3493,0.00069496,0.056093,-0.018858,4.8399e-05
-0.034489,1.8217,-0.35751,-0.0027635,0.056371,-0.01925,6.6732e-05
-0.040207,1.8129,-0.32886,-0.020217,0.053687,-0.015716,-6.8094e-06
-0.050192,1.8218,-0.33431,-0.031107,0.054371,-0.015519,1.8807e-05
-0.059756,1.8298,-0.33941,-0.042892,0.055045,-0.015284,4.5562e-05
-0.06894,1.8368,-0.34417,-0.055626,0.05571,-0.014998,7.3465e-05
-0.077797,1.8428,-0.34862,-0.069339,0.056367,-0.014655,0.00010252
-0.049033,1.81,-0.30359,-0.021916,0.051311,-0.012939,-4.1814e-05
-0.061681,1.8151,-0.30822,-0.034512,0.052104,-0.012619,-3.5253e-06
-0.073878,1.8201,-0.31286,-0.047175,0.052871,-0.012379,3.4942e-05
-0.085661,1.8251,-0.3175,-0.060002,0.05362,-0.012199,7.3795e-05
-0.09708,1.8298,-0.32211,-0.073103,0.054358,-0.012055,0.00011324
-0.059553,1.7483,-0.27718,-0.056485,0.046698,0.00050463,-4.8859e-05
-0.07055,1.7562,-0.28153,-0.067447,0.04754,-0.0011284,-3.3721e-05
-0.081576,1.7638,-0.28614,-0.077955,0.048321,-0.0026139,-1.8377e-05
-0.092689,1.7713,-0.29107,-0.088074,0.049048,-0.0039601,-2.8765e-06
-0.10394,1.7786,-0.29636,-0.097865,0.049726,-0.0051747,1.2758e-05
-0.01192,1.5513,-0.1919,-0.015376,0.042489,0.010906,-1.7469e-05
-0.019918,1.556,-0.19443,-0.019218,0.043078,0.0097188,1.9203e-06
-0.027962,1.5601,-0.19723,-0.021398,0.043554,0.0087992,2.1686e-05
-0.036319,1.5645,-0.20068,-0.023151,0.043943,0.0080963,4.0452e-05
-0.045227,1.5702,-0.20512,-0.02557,0.044269,0.0075671,5.7128e-05
-0.00019207,1.4029,-0.16892,0.037329,0.037313,0.019906,-1.8817e-06
0.00027025,1.4059,-0.16693,0.037056,0.037594,0.019299,2.4294e-06
-0.00014251,1.4098,-0.16592,0.036167,0.037843,0.018888,5.6442e-06
-0.0013152,1.4144,-0.16571,0.034715,0.038066,0.018654,7.906e-06
-0.0023501,1.4178,-0.16524,0.033766,0.038255,0.018601,1.001e-05
0.072235,1.2139,-0.090951,0.036065,0.035416,0.025443,-2.9958e-05
0.062708,1.2193,-0.099202,0.038415,0.035217,0.02561,-3.6407e-05
0.052826,1.2241,-0.10754,0.040509,0.035007,0.025897,-4.29e-05
0.04267,1.228,-0.11587,0.042273,0.034791,0.026282,-4.9382e-05
0.032318,1.2311,-0.1241,0.043646,0.034573,0.026749,-5.5797e-05
0.030953,1.1394,-0.13414,0.043477,0.033908,0.027522,-1.494e-05
0.022852,1.1381,-0.14044,0.041519,0.03392,0.028288,-2.1248e-05
0.01455,1.136,-0.1465,0.038723,0.033951,0.0291,-2.7263e-05
0.0061165,1.1329,-0.15228,0.035105,0.034002,0.029946,-3.2977e-05
-0.0023784,1.1287,-0.15772,0.030693,0.034074,0.030815,-3.8388e-05
0.022927,1.0588,-0.13355,-0.0097682,0.035972,0.032479,5.7527e-05
0.012317,1.0551,-0.14247,-0.011334,0.035836,0.032898,4.7921e-05
0.0014954,1.0504,-0.15118,-0.013874,0.035735,0.033381,3.9807e-05
-0.0094374,1.0448,-0.15959,-0.017357,0.035669,0.033925,3.307e-05
-0.020385,1.0381,-0.16762,-0.021742,0.035636,0.034528,2.7582e-05
0.014241,1.021,-0.14784,0.032177,0.032562,0.029931,2.1301e-05
0.010093,1.0066,-0.14814,0.024099,0.032935,0.030811,1.6582e-05
0.0046713,0.99443,-0.14994,0.014155,0.033397,0.031679,1.4062e-05
-0.0013722,0.98338,-0.15234,0.0025944,0.033909,0.032524,1.2324e-05
-0.007655,0.97261,-0.15483,-0.01021,0.034448,0.033352,1.0756e-05
-0.020575,1.0532,-0.16779,0.0051828,0.031783,0.034058,3.0663e-05
-0.025359,1.0391,-0.16756,-0.0043989,0.032252,0.034947,3.072e-05
-0.029411,1.0221,-0.16585,-0.013198,0.03263,0.035884,2.8907e-05
-0.032992,1.0028,-0.16311,-0.021114,0.032933,0.036869,2.6042e-05
-0.036234,0.98158,-0.15957,-0.028136,0.033169,0.037898,2.2475e-05
-0.02368,1.0601,-0.14946,0.039633,0.028681,0.037721,-2.297e-06
-0.028304,1.0395,-0.1439,0.044386,0.029495,0.037535,1.2013e-05
-0.031905,1.0147,-0.13574,0.0495,0.030157,0.037468,2.1162e-05
-0.035064,0.98814,-0.1265,0.054846,0.030736,0.037506,2.8175e-05
-0.038058,0.9611,-0.11697,0.060112,0.031261,0.03763,3.4166e-05
-0.014767,1.1756,-0.14925,0.061213,0.027679,0.038155,-2.8968e-05
-0.021226,1.1623,-0.14697,0.069497,0.028198,0.038196,-1.0904e-05
-0.025395,1.1445,-0.14096,0.075892,0.02854,0.038303,-2.279e-06
-0.028709,1.1266,-0.13419,0.080896,0.028809,0.038466,2.8931e-06
-0.031705,1.1102,-0.12784,0.084627,0.029046,0.038668,6.8541e-06
-0.022672,1.3356,-0.16828,0.0268,0.029234,0.037425,-3.6189e-05
-0.031531,1.3423,-0.17471,0.033383,0.02977,0.0376,-1.0698e-05
-0.035386,1.3412,-0.17413,0.037382,0.030068,0.037717,-2.2388e-07
-0.037275,1.3384,-0.17141,0.039857,0.030282,0.037799,4.9271e-06
-0.038318,1.3361,-0.16838,0.041279,0.030467,0.037851,8.3861e-06
0.00063285,1.4272,-0.1691,0.018756,0.027972,0.035087,-0.00011192
-0.0049918,1.4437,-0.17776,0.024816,0.028727,0.035173,-7.9403e-05
-0.0056761,1.4505,-0.17852,0.028961,0.029133,0.035216,-6.3964e-05
-0.0039577,1.4543,-0.17633,0.032363,0.029401,0.035243,-5.5212e-05
-0.00084071,1.4576,-0.17314,0.035466,0.029615,0.03526,-4.9137e-05
-0.040544,1.518,-0.23063,0.0039234,0.031035,0.04169,1.0669e-05
-0.038744,1.5239,-0.23001,0.0081852,0.030959,0.041678,1.3475e-05
-0.036719,1.5319,-0.23021,0.012699,0.030842,0.041705,1.5653e-05
-0.034179,1.5407,-0.23033,0.017083,0.030679,0.041774,1.6267e-05
-0.031407,1.5514,-0.23112,0.02167,0.03048,0.041877,1.6215e-05
-0.031712,1.4866,-0.2354,0.038741,0.031525,0.04236,3.8398e-05
-0.025991,1.4956,-0.23493,0.045296,0.031186,0.042547,3.5223e-05
-0.020378,1.5067,-0.23525,0.05173,0.030786,0.042827,3.1042e-05
-0.014907,1.5202,-0.2364,0.058098,0.030327,0.043196,2.6028e-05
-0.0095582,1.5358,-0.23829,0.064417,0.029813,0.04365,2.0215e-05
-0.015264,1.3543,-0.204,0.048196,0.031063,0.044779,2.3964e-05
-0.0096145,1.3734,-0.20857,0.056385,0.030555,0.045186,1.9005e-05
-0.0047514,1.3968,-0.21515,0.065227,0.030013,0.045653,1.4945e-05
0.00037997,1.4203,-0.2211,0.073602,0.0294,0.046202,7.9504e-06
0.0067793,1.4395,-0.22395,0.08043,0.028685,0.046852,-5.569e-06
-0.0042459,1.2651,-0.19226,0.071774,0.032713,0.044691,4.2186e-05
0.0029603,1.287,-0.19639,0.080703,0.032006,0.045144,2.9291e-05
0.0094848,1.312,-0.20186,0.090233,0.031271,0.045674,1.734e-05
0.016763,1.3353,-0.20565,0.098878,0.030462,0.046294,1.4168e-06
0.023332,1.3617,-0.21076,0.10791,0.029622,0.046983,-1.376e-05
0.025716,1.1617,-0.1558,0.077621,0.03527,0.044092,4.0988e-05
0.029082,1.1891,-0.16294,0.084387,0.034465,0.044898,2.4205e-05
0.032856,1.2154,-0.16892,0.090692,0.033595,0.04577,4.8017e-06
0.036316,1.2433,-0.17542,0.097357,0.032695,0.046696,-1.4262e-05
0.039485,1.2729,-0.18241,0.1044,0.031761,0.047677,-3.2991e-05
0.0068658,1.0924,-0.16091,0.077743,0.035135,0.041108,4.3547e-05
0.011616,1.1192,-0.16516,0.084418,0.034428,0.041823,2.2551e-05
0.016092,1.1474,-0.16986,0.091497,0.033713,0.042586,2.8253e-06
0.020239,1.1774,-0.17512,0.099071,0.032993,0.043394,-1.542e-05
0.024135,1.2087,-0.1808,0.1071,0.032261,0.04425,-3.2442e-05
0.033625,1.0249,-0.13102,0.085621,0.038319,0.034489,4.4696e-05
0.036209,1.0452,-0.13429,0.090098,0.037625,0.03552,2.7969e-05
0.038664,1.0662,-0.13773,0.095235,0.036921,0.036479,1.2728e-05
0.041015,1.0877,-0.14126,0.10098,0.036206,0.037375,-1.1292e-06
0.04329,1.1095,-0.14485,0.1073,0.035477,0.038214,-1.3693e-05
0.020108,1.0025,-0.1345,0.066712,0.041467,0.030678,4.5637e-05
0.020334,1.0208,-0.13805,0.070629,0.040759,0.031397,3.5165e-05
0.020522,1.0392,-0.14163,0.075252,0.040053,0.032025,2.6678e-05
0.020698,1.0576,-0.14517,0.08052,0.039347,0.032571,2.0021e-05
0.020887,1.0759,-0.14863,0.086375,0.038641,0.033044,1.5058e-05
0.00496,1.0001,-0.15086,0.046431,0.043722,0.030182,3.3798e-05
0.0064625,1.013,-0.15168,0.051178,0.04318,0.030427,3.0788e-05
0.0077364,1.0257,-0.15264,0.056354,0.04263,0.030632,2.9608e-05
0.0088218,1.0381,-0.1537,0.061922,0.042074,0.030801,3.0122e-05
0.0097535,1.0501,-0.15482,0.067849,0.04151,0.030938,3.2209e-05
-0.015169,0.99022,-0.16945,0.039854,0.045256,0.028793,4.2606e-05
-0.014175,0.99859,-0.17004,0.046409,0.044733,0.028834,4.806e-05
-0.013579,1.0066,-0.1709,0.053195,0.044195,0.028865,5.48e-05
-0.013346,1.0143,-0.17199,0.060193,0.043644,0.028887,6.2727e-05
-0.013446,1.0215,-0.1733,0.067385,0.043079,0.0289,7.1746e-05
0.0090625,0.98271,-0.16037,0.044108,0.047725,0.029666,3.6297e-05
0.010587,0.98687,-0.16084,0.052282,0.047136,0.029654,4.3886e-05
0.012007,0.99085,-0.16147,0.060518,0.046533,0.029677,5.2012e-05
0.013345,0.99466,-0.16226,0.068819,0.045918,0.029733,6.0625e-05
0.014618,0.99831,-0.16319,0.077181,0.045293,0.02982,6.9677e-05
0.059261,0.9561,-0.12814,0.044769,0.049552,0.031588,-6.2913e-06
0.059842,0.96007,-0.13031,0.054132,0.048891,0.03175,3.5046e-06
0.06032,0.96424,-0.13273,0.063491,0.048212,0.031966,1.3289e-05
0.060719,0.9686,-0.13539,0.072848,0.047517,0.032234,2.3034e-05
0.061068,0.97316,-0.13826,0.082202,0.046806,0.03255,3.2708e-05
-0.0051092,1.0612,-0.20449,0.064003,0.047093,0.032704,3.9678e-06
0.019766,1.0471,-0.1873,0.075907,0.047127,0.032098,-5.6994e-07
0.032318,1.047,-0.18193,0.090332,0.0469,0.031685,7.619e-06
0.046071,1.0462,-0.17579,0.10502,0.04667,0.031302,1.5107e-05
0.059885,1.046,-0.16994,0.12003,0.046419,0.030946,2.2876e-05
-0.00077791,1.1351,-0.22065,0.070075,0.047785,0.034192,3.3107e-05
0.03099,1.1271,-0.20226,0.086262,0.047751,0.033484,2.5685e-05
0.042972,1.1335,-0.19927,0.10252,0.047406,0.032913,3.2104e-05
0.056207,1.1399,-0.19567,0.11861,0.047072,0.032297,3.7507e-05
0.069054,1.1475,-0.19268,0.13452,0.046729,0.031641,4.2981e-05
-0.015946,1.2519,-0.25007,0.056967,0.04889,0.034183,2.2185e-05
0.0095103,1.2503,-0.23719,0.072092,0.048726,0.033106,1.4465e-05
0.014059,1.2625,-0.2399,0.086543,0.048161,0.03214,1.8692e-05
0.020161,1.2744,-0.24164,0.10061,0.047644,0.0311,2.2001e-05
0.026086,1.2869,-0.24366,0.11435,0.047141,0.030006,2.541e-05
0.028649,1.3358,-0.24052,0.055799,0.050625,0.033933,9.7929e-06
0.044169,1.3381,-0.23387,0.068,0.050334,0.032621,3.4433e-06
0.050295,1.3514,-0.23568,0.081609,0.049916,0.031371,6.3795e-06
0.057351,1.3638,-0.23682,0.095135,0.049518,0.030114,8.8626e-06
0.064606,1.3763,-0.23792,0.10877,0.049129,0.028864,1.1627e-05
-0.037429,1.4461,-0.29582,0.061294,0.049304,0.035527,3.7053e-05
-0.0058243,1.4454,-0.2799,0.076081,0.049386,0.034256,2.8329e-05
-0.004589,1.4575,-0.28308,0.088611,0.048894,0.033257,3.1876e-05
-0.0009957,1.4685,-0.28477,0.10162,0.048445,0.032284,3.4835e-05
0.0023023,1.4795,-0.28663,0.11485,0.047989,0.031357,3.8181e-05
-0.16547,1.517,-0.3659,0.036089,0.047712,0.039042,8.2123e-05
-0.15087,1.5176,-0.35821,0.04917,0.047504,0.038045,7.7697e-05
-0.14055,1.5265,-0.3554,0.064113,0.047194,0.037108,7.8974e-05
-0.12982,1.535,-0.35226,0.078925,0.04689,0.036213,8.0014e-05
-0.11906,1.5436,-0.34919,0.093702,0.046585,0.035351,8.119e-05
0.028493,1.6241,-0.28253,0.088218,0.052116,0.038595,-7.3835e-06
0.035351,1.64,-0.28271,0.10327,0.051856,0.037611,-8.5693e-06
0.035619,1.6476,-0.28451,0.11247,0.05135,0.037251,-3.7582e-06
0.031532,1.6483,-0.28705,0.1167,0.050671,0.037508,5.5863e-06
0.026285,1.645,-0.28933,0.11799,0.049931,0.038219,1.6959e-05
0.023498,1.6158,-0.27946,0.058669,0.050403,0.040826,2.0233e-05
0.033911,1.6231,-0.27609,0.066945,0.050175,0.041242,1.9226e-05
0.05007,1.639,-0.27137,0.081131,0.050261,0.040937,1.5887e-05
0.068759,1.6615,-0.26655,0.099618,0.050533,0.040009,1.14e-05
0.086514,1.687,-0.26272,0.11984,0.050835,0.038699,7.0914e-06
-0.15422,1.7772,-0.39845,0.038801,0.047543,0.043789,-8.9679e-06
-0.14151,1.7893,-0.39351,0.053898,0.047631,0.042454,-1.1799e-05
-0.13812,1.7951,-0.39239,0.063292,0.04735,0.041728,-6.6064e-06
-0.14077,1.7957,-0.39357,0.068165,0.046812,0.041555,4.544e-06
-0.14514,1.7933,-0.3952,0.070614,0.046179,0.041752,1.8336e-05
-0.11175,1.7369,-0.36366,0.030581,0.048994,0.044811,6.6973e-05
-0.098103,1.7427,-0.35828,0.040582,0.048924,0.044409,6.5367e-05
-0.079666,1.7568,-0.35175,0.05521,0.049109,0.043532,5.2067e-05
-0.059727,1.7769,-0.34532,0.072848,0.049435,0.042271,3.1437e-05
-0.041667,1.7994,-0.34009,0.09121,0.049768,0.040803,9.1947e-06
-0.040562,1.8436,-0.35804,0.076639,0.050401,0.04112,-1.4897e-05
-0.036039,1.8588,-0.359,0.090371,0.050182,0.039614,-1.7353e-05
-0.033748,1.8616,-0.35784,0.097507,0.049994,0.03883,-1.2761e-05
-0.031738,1.8542,-0.35422,0.099209,0.049863,0.038738,-3.0837e-06
-0.028272,1.8409,-0.34849,0.097778,0.0498,0.03914,8.6338e-06
0.0049494,1.7176,-0.29963,0.018998,0.052896,0.049396,1.703e-05
0.022369,1.7213,-0.29275,0.029221,0.052971,0.0489,1.4678e-05
0.041249,1.7338,-0.28619,0.043785,0.053235,0.047806,3.861e-06
0.058807,1.7525,-0.28094,0.060994,0.053585,0.046249,-1.2061e-05
0.072759,1.7738,-0.2776,0.078571,0.053908,0.044469,-2.8832e-05
-0.014428,1.8684,-0.35916,0.044,0.051177,0.051896,3.4766e-05
-0.0067965,1.87,-0.35599,0.052216,0.051022,0.050804,2.9016e-05
-0.00045303,1.8717,-0.35347,0.059082,0.050848,0.050058,2.3669e-05
0.046668,1.8213,-0.31964,0.05703,0.05123,0.049784,-9.6182e-06
0.10134,1.7584,-0.27938,0.051605,0.051732,0.049843,-4.8089e-05
0.044158,1.8854,-0.33821,0.071678,0.051752,0.051487,4.9587e-05
0.041683,1.8989,-0.34214,0.079031,0.051582,0.051143,5.057e-05
0.02596,1.9315,-0.35625,0.090103,0.051311,0.050514,6.204e-05
-0.02411,2.0131,-0.39659,0.10965,0.050813,0.049524,0.00010122
-0.053802,2.0674,-0.42168,0.12519,0.050428,0.048472,0.00012589
0.11284,1.8,-0.28769,0.05391,0.051661,0.053344,-3.432e-05
0.13116,1.7695,-0.27215,0.051522,0.051536,0.053114,-6.074e-05
0.15857,1.7189,-0.24781,0.04367,0.051464,0.053299,-9.9793e-05
0.17575,1.6852,-0.23209,0.038512,0.051333,0.053552,-0.00012709
0.17516,1.6848,-0.23221,0.040281,0.051089,0.053589,-0.00013245
-0.040638,1.9492,-0.39171,0.067252,0.049715,0.054039,9.6374e-05
-0.063104,1.9866,-0.41087,0.077149,0.049007,0.053621,0.00010657
-0.077027,2.0118,-0.42308,0.084958,0.048465,0.053215,0.00011162
-0.07858,2.0182,-0.42503,0.089216,0.048177,0.052925,0.00010862
-0.071148,2.0102,-0.41933,0.090457,0.048079,0.052786,9.9311e-05
0.081126,1.8247,-0.3053,0.044889,0.052012,0.056689,9.3225e-06
0.074421,1.8348,-0.31041,0.048318,0.051674,0.056627,7.0082e-06
0.062064,1.857,-0.32093,0.054592,0.051242,0.056412,1.0832e-05
0.050305,1.8794,-0.33123,0.061192,0.050814,0.056132,1.5081e-05
0.043891,1.8923,-0.33691,0.065868,0.050468,0.055898,1.493e-05
0.077708,1.8398,-0.31034,0.05027,0.051705,0.056135,3.2092e-05
0.07938,1.8362,-0.30847,0.050361,0.051466,0.056268,2.1533e-05
0.081108,1.8323,-0.30649,0.050183,0.051232,0.056447,1.0966e-05
0.080818,1.8315,-0.30613,0.050503,0.050993,0.056628,2.858e-06
0.077924,1.8352,-0.30793,0.05166,0.050743,0.056779,-2.0238e-06
-0.0037635,1.9449,-0.37519,0.08321,0.0486,0.051972,-1.2032e-05
-0.0051994,1.954,-0.3775,0.087285,0.048525,0.051991,-1.3642e-05
-0.0039029,1.9584,-0.37759,0.090585,0.048404,0.052,-1.6869e-05
-0.00032815,1.9589,-0.37583,0.093205,0.048242,0.052015,-2.1425e-05
0.0030641,1.9593,-0.37415,0.095653,0.048081,0.052042,-2.5842e-05
0.03582,1.8776,-0.34242,0.064843,0.051186,0.052446,-1.1763e-05
0.030105,1.888,-0.34719,0.067534,0.050992,0.052463,-1.3589e-05
0.023985,1.8985,-0.35216,0.069969,0.050805,0.052467,-1.5107e-05
0.023432,1.9013,-0.35288,0.071393,0.050703,0.052444,-1.783e-05
0.028947,1.8959,-0.34904,0.071863,0.050689,0.0524,-2.1859e-05
0.016476,1.9315,-0.36555,0.071669,0.048927,0.05148,-1.1857e-05
0.011678,1.9422,-0.37005,0.074233,0.048918,0.05143,-1.0958e-05
0.0024803,1.9585,-0.37766,0.076974,0.048969,0.051387,-7.3155e-06
-0.0022434,1.9678,-0.38178,0.078723,0.048975,0.051315,-6.2545e-06
0.0015541,1.9643,-0.37945,0.079091,0.048884,0.051208,-1.0164e-05
0.05986,1.8533,-0.33139,0.058564,0.050394,0.051374,-5.4661e-05
0.05604,1.8599,-0.33477,0.059974,0.050408,0.051384,-5.3171e-05
0.045138,1.8759,-0.34329,0.062279,0.050484,0.051398,-4.758e-05
0.037836,1.8864,-0.349,0.063607,0.050538,0.051407,-4.4074e-05
0.040613,1.8826,-0.3472,0.063033,0.050512,0.051412,-4.6354e-05
0.092098,1.8432,-0.31612,0.078129,0.051612,0.047725,-5.4517e-05
