0.49927,-4.4654,-2.8594,0.34359,-1.6357,0.069657,-4.1376
0.47644,-4.0838,-2.5458,0.30396,-1.3839,0.059982,-3.7864
0.45016,-3.7351,-2.2682,0.26806,-1.1638,0.039421,-3.4661
0.42168,-3.4163,-2.0223,0.23548,-0.97155,0.010482,-3.1739
0.39191,-3.1248,-1.8045,0.20584,-0.80375,-0.02478,-2.9072
-0.36832,5.429,1.3441,-0.104,5.1224,-1.7134,1.7608
-0.45803,4.9193,0.95988,0.018764,5.3121,-1.2398,1.7112
-0.59319,4.0839,1.611,-0.052185,0.46897,-0.39248,1.578
-0.75202,3.3071,2.2708,-0.11763,-4.243,0.5001,1.4691
-1.3448,3.9586,0.73482,0.40974,2.7693,2.716,7.5158
-1.3477,5.2075,1.8275,0.23942,-0.64164,2.2832,6.5931
-1.0253,5.0676,2.4431,0.015593,-3.2295,1.689,5.9395
-0.64622,4.9258,2.3663,-0.10859,-2.6748,0.79503,5.4977
-0.30119,4.9734,1.7882,-0.13141,0.18695,-0.2408,5.2194
-1.2679,4.4619,3.3664,-0.21714,-7.6511,0.028716,7.9894
-0.87737,2.0316,2.2314,-0.17349,-6.0351,-0.11843,7.8813
-0.80642,2.7788,-1.1543,0.43526,9.7996,-1.0979,7.5261
-0.64543,2.5664,-1.6188,0.44783,11.496,-1.6424,6.9008
-0.59107,2.1201,-1.468,0.37425,9.8633,-1.6023,6.2485
1.086,0.061409,-1.6439,0.015135,11.032,-4.2218,3.7627
1.0343,-2.2992,1.7377,-0.72025,-9.1363,-2.4274,2.7442
0.52533,-3.0146,0.90643,-0.42103,-8.7762,-0.23447,2.1442
0.00531,-3.2203,0.34173,-0.15802,-8.1942,1.6714,1.6883
-0.39415,-2.9546,0.088927,0.011885,-7.4133,2.834,1.3834
-0.95189,-1.5285,-3.1439,0.87158,5.8405,4.2615,1.3065
-0.82075,-1.1258,-3.0316,0.80255,7.4125,3.3208,1.1668
-0.44587,-1.2758,-1.4274,0.33332,1.7991,1.7476,0.95845
0.0030027,-1.5866,0.36676,-0.21659,-5.0899,-0.042078,0.76161
0.34694,-1.5964,0.94473,-0.49956,-6.7171,-1.6403,0.65995
-0.17103,1.7538,2.0859,-0.74467,-5.7188,-2.8915,-2.6493
-0.22476,1.5973,1.8954,-0.69302,-5.1634,-2.5992,-2.1526
-0.27604,1.4534,1.7198,-0.64908,-4.6563,-2.3265,-1.7488
-0.32537,1.321,1.5581,-0.61167,-4.1931,-2.0731,-1.4186
-0.37318,1.1989,1.4093,-0.57978,-3.7698,-1.8388,-1.1472
-1.0431,4.3247,1.8581,-0.39834,-0.93111,-1.5905,-2.6318
-1.0461,3.9601,1.7112,-0.38919,-0.85875,-1.3858,-2.179
-1.0524,3.6234,1.5735,-0.38119,-0.79169,-1.1902,-1.824
-1.062,3.3123,1.4444,-0.37419,-0.72927,-1.0047,-1.547
-1.0746,3.0247,1.3237,-0.36805,-0.67095,-0.82982,-1.3319
-1.7815,4.8667,1.2059,-0.058298,2.1315,0.033389,-1.2345
-1.7424,4.4504,1.1312,-0.078705,1.8851,0.14788,-0.84471
-1.7119,4.0647,1.0587,-0.097358,1.6622,0.25558,-0.54105
-1.6892,3.7073,0.98869,-0.11437,1.4608,0.35628,-0.30644
-1.6735,3.3761,0.92136,-0.12985,1.279,0.44992,-0.12708
-2.1182,3.5888,0.52546,0.12654,2.9089,1.2129,0.64146
-2.0664,3.2637,0.50969,0.088533,2.5689,1.2863,0.60826
-2.0256,2.9615,0.49174,0.053898,2.2618,1.3465,0.571
-1.9946,2.6805,0.47214,0.02246,1.9845,1.3952,0.53141
-1.9724,2.4192,0.45133,-0.0059532,1.7342,1.434,0.49082
-2.0136,1.2988,-0.044294,0.091319,2.068,1.3939,1.1598
-1.9798,1.1498,-0.026407,0.053608,1.8073,1.4853,0.98721
-1.9564,1.0098,-0.012439,0.02006,1.5734,1.5515,0.83842
-1.9424,0.87835,-0.0019021,-0.0096265,1.3635,1.5968,0.71018
-1.9366,0.75499,0.0056269,-0.035714,1.1751,1.6248,0.59965
-1.583,-1.0003,-0.47226,-0.11399,0.751,0.47946,0.91796
-1.592,-0.96685,-0.44641,-0.13443,0.63008,0.64152,0.7644
-1.6087,-0.9384,-0.4235,-0.15103,0.5237,0.76494,0.63311
-1.6318,-0.91435,-0.40336,-0.16412,0.42996,0.85621,0.5211
-1.6605,-0.89412,-0.38581,-0.174,0.34719,0.92086,0.42577
-1.056,-2.535,-0.78385,-0.41415,0.10264,-1.3001,0.49397
-1.1205,-2.3697,-0.78139,-0.39378,0.11124,-1.016,0.37389
-1.1876,-2.2201,-0.77575,-0.37311,0.11893,-0.78316,0.26637
-1.2567,-2.0846,-0.76766,-0.35209,0.1245,-0.594,0.17021
-1.3271,-1.9618,-0.75773,-0.33064,0.12709,-0.44185,0.084322
-0.71115,-2.9509,-1.0271,-0.6029,0.13204,-2.9459,-0.40808
-0.82084,-2.7539,-1.0206,-0.55647,0.13048,-2.5743,-0.47054
-0.92895,-2.5751,-1.0096,-0.51137,0.12765,-2.2586,-0.52269
-1.0351,-2.4127,-0.99505,-0.46725,0.12278,-1.9911,-0.56566
-1.1391,-2.2648,-0.97808,-0.42381,0.11539,-1.7649,-0.60046
-0.75905,-2.427,-1.0568,-0.6352,0.33003,-3.9735,-1.2855
-0.8848,-2.2772,-1.0427,-0.57357,0.28729,-3.5613,-1.245
-1.0066,-2.1418,-1.024,-0.51393,0.23887,-3.2023,-1.2022
-1.1242,-2.0191,-1.0024,-0.4557,0.18654,-2.8894,-1.1576
-1.2377,-1.9076,-0.97899,-0.39836,0.13218,-2.6168,-1.1115
-1.1942,-1.36,-0.8202,-0.50004,0.34269,-4.0774,-1.5232
-1.3043,-1.3004,-0.8131,-0.4336,0.24716,-3.6794,-1.4135
-1.4102,-1.2471,-0.80336,-0.36803,0.15098,-3.3264,-1.3081
-1.5116,-1.1989,-0.79232,-0.30274,0.057741,-3.0132,-1.2067
-1.6085,-1.1548,-0.78114,-0.23724,-0.029336,-2.7347,-1.1092
-1.8653,-0.20421,-0.47025,-0.21552,0.096541,-3.1953,-1.0431
-1.9367,-0.23787,-0.48028,-0.14719,-0.011609,-2.8629,-0.91581
-2.0049,-0.26876,-0.49065,-0.077762,-0.10985,-2.564,-0.79613
-2.0697,-0.29659,-0.50212,-0.0069425,-0.19519,-2.2949,-0.68338
-2.1309,-0.32114,-0.51524,0.065476,-0.26541,-2.0521,-0.57691
-2.5714,0.67924,-0.17604,0.20886,-0.094659,-1.7695,-0.10348
-2.5897,0.58186,-0.21838,0.27723,-0.18099,-1.5481,-0.014836
-2.6059,0.49321,-0.26011,0.34791,-0.25195,-1.3462,0.066725
-2.6194,0.41301,-0.30154,0.42083,-0.30607,-1.1614,0.14204
-2.6298,0.34095,-0.34283,0.49588,-0.34268,-0.99187,0.21185
-3.0724,1.0984,-0.14926,0.71043,0.017545,-0.13804,-4.5975
-3.0444,0.98085,-0.19659,0.78125,-0.044291,0.033805,-6.2675
-3.014,0.87416,-0.24063,0.85361,-0.09932,0.19027,-7.419
-2.9806,0.77783,-0.28148,0.9272,-0.14665,0.33332,-8.0387
-2.9433,0.69138,-0.31917,1.0017,-0.18568,0.46471,-8.1447
-3.2094,1.0336,-0.27682,1.2141,0.028921,0.5891,-5.2826
-3.1244,0.93705,-0.30018,1.272,-0.036158,0.73626,-4.8583
-3.0378,0.85011,-0.32041,1.3315,-0.093744,0.86785,-4.2439
-2.9488,0.77233,-0.33733,1.3921,-0.1431,0.98626,-3.4877
-2.8565,0.70324,-0.35078,1.4531,-0.18376,1.0935,-2.6397
-2.7194,0.63891,-0.35698,1.5077,-0.05882,0.36957,4.3954
-2.6138,0.59051,-0.36683,1.5615,-0.10541,0.57011,4.3833
-2.5046,0.54799,-0.37094,1.615,-0.14382,0.75094,4.162
-2.3915,0.51114,-0.36952,1.6674,-0.17395,0.91483,3.7631
-2.2738,0.47969,-0.36276,1.7183,-0.19588,1.0642,3.2235
-1.7916,0.13556,-0.52038,1.6117,0.012984,-0.6798,6.253
-1.686,0.14245,-0.50113,1.66,-0.013209,-0.3695,5.0003
-1.5746,0.15056,-0.47604,1.7049,-0.034883,-0.088736,3.6347
-1.4573,0.15997,-0.4455,1.7458,-0.051966,0.16593,2.2336
-1.3341,0.17073,-0.40988,1.7822,-0.06448,0.39752,0.8669
-0.5964,-0.28802,-0.66253,1.5212,0.16825,-1.9941,0.12051
-0.50694,-0.2348,-0.61199,1.5605,0.15236,-1.5369,-1.1143
-0.41005,-0.18461,-0.55559,1.5931,0.13719,-1.1221,-2.1676
-0.30603,-0.13706,-0.49415,1.6188,0.12282,-0.74511,-3.0072
-0.19521,-0.091867,-0.42842,1.6373,0.10934,-0.40216,-3.6145
0.58464,-0.51276,-0.69692,1.3008,0.38435,-3.1097,-2.8106
0.65736,-0.43249,-0.61568,1.3189,0.35546,-2.5316,-3.1584
0.73765,-0.35836,-0.53028,1.3283,0.32411,-2.0069,-3.3118
0.82504,-0.28972,-0.44178,1.329,0.2909,-1.5301,-3.2841
0.91901,-0.22599,-0.35115,1.3212,0.25645,-1.0967,-3.0946
1.6103,-0.51298,-0.47479,0.94909,0.22528,-3.7527,-4.9191
1.6702,-0.42559,-0.39305,0.93951,0.23044,-3.0806,-1.1262
1.7366,-0.34579,-0.30932,0.92169,0.23532,-2.474,3.4452
1.8092,-0.2728,-0.22446,0.89578,0.2391,-1.9261,4.1295
1.8874,-0.20592,-0.13928,0.86197,0.24111,-1.4309,0.62949
2.3943,-0.30326,-0.16586,0.48404,0.1854,-3.604,-5.9438
2.4503,-0.22998,-0.089184,0.44933,0.19577,-2.945,-3.1393
2.512,-0.16316,-0.012327,0.40673,0.20467,-2.3495,2.5405
2.579,-0.10201,0.06399,0.3566,0.2113,-1.8112,5.126
2.6508,-0.04581,0.13906,0.29931,0.21506,-1.3242,2.3393
2.9682,0.052549,0.21448,-0.014682,0.12604,-2.7938,-6.5688
3.0308,0.099869,0.27615,-0.074644,0.14015,-2.197,-3.9821
3.0976,0.14321,0.33644,-0.14089,0.15167,-1.6585,2.343
3.1683,0.18319,0.39488,-0.21299,0.15998,-1.1726,5.7034
3.2427,0.22037,0.45098,-0.29053,0.16463,-0.73405,3.0334
3.3901,0.38578,0.58834,-0.5488,0.065222,-1.7023,-7.3634
3.4709,0.41576,0.62714,-0.62666,0.073642,-1.1998,-4.4306
3.5537,0.44344,0.66392,-0.70908,0.080282,-0.74776,2.6554
3.6382,0.46935,0.69839,-0.79556,0.084632,-0.341,6.3837
3.7243,0.49405,0.73027,-0.88557,0.086332,0.024912,3.3604
3.8229,0.67426,0.86493,-1.0978,-0.12076,-0.61051,-8.5235
3.9161,0.69184,0.88064,-1.1883,-0.10095,-0.21603,-4.9169
4.0095,0.70878,0.89393,-1.2808,-0.082083,0.1367,3.249
4.1029,0.72563,0.90467,-1.3748,-0.064842,0.45194,7.3514
4.1963,0.74307,0.91269,-1.4697,-0.04978,0.73351,3.6934
4.2902,0.81062,0.99212,-1.6713,-0.2136,0.20949,-9.9385
4.3888,0.83229,0.98611,-1.7595,-0.17992,0.51443,-5.6945
4.4861,0.85378,0.97822,-1.8475,-0.14755,0.78465,3.8707
4.5823,0.8757,0.96843,-1.9346,-0.11728,1.0237,8.6078
4.6772,0.89902,0.95662,-2.0204,-0.089735,1.2347,4.262
4.5964,0.75373,0.9034,-1.8361,-0.066442,2.4057,-9.8073
4.5969,0.74252,0.90481,-1.7815,0.037502,3.2515,-6.8096
4.6149,0.73901,0.90768,-1.7442,0.12565,3.9638,2.7431
4.6481,0.74278,0.91077,-1.7229,0.19882,4.5519,8.633
4.6945,0.75313,0.91306,-1.716,0.25794,5.0252,5.2929
4.8537,0.58743,0.85854,-1.855,0.15873,4.67,-8.9698
4.9114,0.62612,0.85599,-1.8587,0.19973,4.985,-6.8892
4.9771,0.6685,0.85168,-1.8722,0.22973,5.2135,1.8703
5.049,0.71413,0.84525,-1.8936,0.24968,5.3632,7.8782
5.1257,0.76236,0.83651,-1.9209,0.26051,5.4416,5.4094
5.594,0.72064,0.61884,-2.47,-0.06803,3.223,-7.1009
5.6306,0.77487,0.61181,-2.4427,-0.02518,3.4216,-6.4572
5.672,0.82998,0.60391,-2.4189,0.0081112,3.5597,0.58173
5.7169,0.88573,0.59487,-2.3968,0.032696,3.6425,6.3296
5.764,0.94169,0.58455,-2.375,0.049434,3.6752,5.1737
6.3701,0.97429,0.24518,-3.1169,-0.1335,0.58911,-5.1157
6.3543,1.0219,0.24391,-2.995,-0.090468,0.88209,-5.2807
6.3429,1.0686,0.24304,-2.8745,-0.054195,1.1269,-0.098744
6.3348,1.1144,0.24218,-2.7541,-0.024213,1.3257,4.6293
6.3286,1.1589,0.24112,-2.6327,-6.5766e-06,1.4809,4.2826
6.8487,1.2437,-0.1255,-3.2488,0.064611,-1.6549,-3.3972
6.7852,1.2713,-0.10992,-3.0313,0.090102,-1.1821,-3.8711
6.7241,1.2969,-0.094254,-2.814,0.11244,-0.76565,-0.42828
6.6642,1.3203,-0.078768,-2.5964,0.13165,-0.4036,3.1236
6.6044,1.3415,-0.063581,-2.3776,0.14782,-0.093701,3.2093
6.834,1.4764,-0.39702,-2.6484,0.27837,-2.0094,-2.4846
6.7473,1.474,-0.35059,-2.367,0.29433,-1.565,-2.5712
6.6568,1.4688,-0.30747,-2.086,0.30769,-1.1768,-0.065588
6.5612,1.4606,-0.26725,-1.805,0.31866,-0.84273,2.2695
6.4593,1.4489,-0.22951,-1.5235,0.32752,-0.5605,2.1127
6.5503,1.7461,-0.35392,-1.6743,0.39383,-2.5775,10.206
6.4753,1.7479,-0.32095,-1.4266,0.37665,-2.5964,9.157
6.3847,1.744,-0.29232,-1.1737,0.36062,-2.6392,1.6869
6.2773,1.7336,-0.26715,-0.91568,0.34602,-2.7048,-11.976
6.1518,1.7161,-0.24457,-0.65306,0.33326,-2.7921,-10.81
5.8292,1.9791,-0.14644,-0.33165,0.22004,-1.7671,-9.7433
5.6853,1.9198,-0.12063,-0.058481,0.22763,-2.0521,-8.8023
5.5169,1.8536,-0.096715,0.21558,0.23576,-2.3421,-7.9598
5.3228,1.7796,-0.073706,0.4898,0.24483,-2.6381,-7.1983
5.1016,1.6969,-0.050657,0.76322,0.25517,-2.9408,-1.0982
4.4414,1.92,0.30784,1.31,-0.070828,-0.41601,13.636
4.2025,1.7975,0.3259,1.5719,-0.033074,-0.97673,12.234
3.9289,1.6655,0.34652,1.8289,0.0020177,-1.5147,10.966
3.6195,1.5223,0.37111,2.0813,0.035355,-2.0241,9.8194
3.275,1.3677,0.40024,2.3265,0.067402,-2.5125,8.7823
2.1413,1.432,1.0982,3.2065,-0.37085,2.0905,-11.934
1.8017,1.2486,1.1143,3.3936,-0.31288,1.1702,-10.758
1.4222,1.0534,1.1369,3.5699,-0.26052,0.32054,-9.7085
1.0054,0.84651,1.1665,3.7335,-0.21293,-0.46462,-8.771
0.5544,0.6279,1.2033,3.8825,-0.16948,-1.1901,-7.9253
-0.92677,0.48108,2.0473,4.8963,-0.55267,4.4841,13.084
-1.3359,0.27558,2.0832,4.9508,-0.49775,3.3425,11.798
-1.7795,0.056994,2.125,4.9912,-0.45154,2.3148,10.639
-2.2506,-0.1735,2.1722,5.0156,-0.41299,1.3923,9.5955
-2.7423,-0.41459,2.2241,5.0223,-0.38129,0.56775,8.6576
-4.2482,-0.82226,3.1399,5.9448,-0.50786,6.0634,-12.228
-4.664,-1.023,3.1883,5.8478,-0.48312,4.8618,-10.935
-5.0923,-1.2346,3.2349,5.7362,-0.46563,3.8046,-9.7698
-5.5237,-1.4545,3.2781,5.6089,-0.45483,2.8811,-8.7186
-5.9495,-1.68,3.3154,5.4651,-0.45028,2.0816,-7.7685
-7.5016,-3.0209,4.5452,6.6899,-0.61564,9.1924,12.761
-7.9452,-3.1779,4.6174,6.6663,-0.71482,9.2276,3.9513
-8.3185,-3.3002,4.6513,6.5506,-0.77693,8.997,0.43813
-8.6224,-3.3874,4.6462,6.3521,-0.803,8.5296,0.79302
-8.858,-3.4398,4.6028,6.0806,-0.79542,7.8601,0.75698
-9.1242,-4.4071,4.3239,5.8966,-0.42483,8.5405,-0.43844
-9.2023,-4.2396,4.2225,5.4902,-0.41313,7.3363,0.12432
-9.2215,-4.0492,4.0876,5.0352,-0.39011,6.0385,0.06517
-9.1876,-3.8383,3.9254,4.5442,-0.357,4.696,0.068908
-9.1065,-3.6101,3.742,4.0292,-0.31535,3.3553,0.067079
-7.982,-4.2706,1.9409,2.5598,0.72402,-2.2707,2.1311
-7.8728,-3.9252,1.8166,2.1396,0.64129,-2.981,0.0096925
-7.7468,-3.6031,1.693,1.7409,0.53922,-3.4919,0.22116
-7.607,-3.3037,1.5724,1.3665,0.42507,-3.8069,0.19923
-7.4558,-3.0257,1.4562,1.0179,0.30575,-3.9353,0.20053
-5.7376,-4.1204,-1.0291,-0.32111,1.2288,-8.9479,3.1827
-5.635,-3.7539,-1.0114,-0.50318,0.98636,-8.1943,-0.15326
-5.5369,-3.4386,-0.9858,-0.64189,0.73122,-7.2042,0.18256
-5.4392,-3.1642,-0.95611,-0.74528,0.47539,-6.0337,0.15079
-5.3379,-2.9201,-0.92609,-0.82218,0.22958,-4.74,0.15518
-3.5306,-4.7039,-3.4522,-1.2876,0.6048,-5.1693,1.1571
-3.4827,-4.2753,-3.3013,-1.2769,0.34731,-3.6459,-0.04524
-3.4276,-3.8838,-3.1595,-1.2631,0.10253,-2.107,0.073141
-3.3622,-3.5181,-3.0295,-1.2552,-0.12074,-0.60856,0.06075
-3.2851,-3.1694,-2.9132,-1.2614,-0.31552,0.79969,0.062197
-1.6131,-4.5442,-5.048,-1.4189,0.3662,1.4246,0.49884
-1.6119,-4.0338,-4.8297,-1.4541,0.13129,2.5937,-0.036928
-1.5963,-3.55,-4.6287,-1.5192,-0.086755,3.5891,0.015817
-1.5678,-3.0875,-4.4452,-1.6166,-0.28052,4.3896,0.0094125
-1.5279,-2.6428,-4.279,-1.7475,-0.44428,4.982,0.0086696
-0.25839,-2.7163,-5.6777,-2.7705,-0.046085,1.9556,0.051453
-0.26354,-2.2221,-5.4346,-2.9595,-0.44411,1.9879,0.023266
-0.27316,-1.7757,-5.2078,-3.14,-0.75707,2.0159,-0.0010041
-0.28767,-1.3721,-4.9978,-3.3098,-0.95999,2.0397,-0.021099
-0.30723,-1.0073,-4.8047,-3.4671,-1.0421,2.0592,-0.037084
0.046313,-0.23447,-5.1774,-4.585,1.0921,-2.3973,-0.13194
-0.0073359,0.0058563,-4.9648,-4.6337,0.79455,-2.0484,-0.141
-0.056497,0.21601,-4.7619,-4.6786,0.44316,-1.7527,-0.15195
-0.10315,0.39948,-4.5701,-4.7171,0.08104,-1.5039,-0.16341
-0.14917,0.55935,-4.3907,-4.7471,-0.25178,-1.2959,-0.17424
-0.53925,1.7579,-3.7808,-5.6798,1.5313,-5.2681,-0.24484
-0.55424,1.7715,-3.6448,-5.6106,0.97609,-4.7901,-0.25157
-0.56989,1.7749,-3.5156,-5.538,0.38675,-4.381,-0.25937
-0.58858,1.77,-3.3951,-5.4595,-0.17759,-4.0326,-0.26669
-0.61234,1.7585,-3.2847,-5.3729,-0.66594,-3.7372,-0.27233
-1.4485,2.9575,-2.0734,-5.7844,0.35785,-5.735,-0.2723
-1.4144,2.8256,-2.0798,-5.6301,-0.17262,-5.3571,-0.27049
-1.391,2.6975,-2.0858,-5.4698,-0.62843,-5.0397,-0.26778
-1.3791,2.5734,-2.0927,-5.302,-0.97296,-4.7728,-0.26312
-1.3791,2.4531,-2.1015,-5.1255,-1.184,-4.5477,-0.25587
-2.3431,3.2687,-0.83002,-4.8834,-0.039773,-3.7735,-0.21125
-2.2836,3.0765,-0.93648,-4.6966,-0.2282,-3.6544,-0.19186
-2.2386,2.8914,-1.0331,-4.502,-0.37274,-3.5687,-0.1728
-2.2073,2.7123,-1.1208,-4.2994,-0.46332,-3.5116,-0.15363
-2.1886,2.5383,-1.1999,-4.0889,-0.49622,-3.4792,-0.13407
-2.9892,2.7639,-0.26349,-3.1681,0.63415,-0.16058,-0.20522
-2.9201,2.5677,-0.3999,-3.0074,0.46797,-0.45019,-0.1681
-2.8634,2.3745,-0.51849,-2.8364,0.27014,-0.74479,-0.13575
-2.8182,2.1841,-0.62085,-2.6556,0.064414,-1.0408,-0.10736
-2.7835,1.9963,-0.70834,-2.4658,-0.12699,-1.3347,-0.082193
-3.2957,1.3613,-0.24415,-0.73631,0.59396,7.0051,-0.083033
-3.2718,1.1335,-0.3182,-0.46052,0.57966,6.7296,-0.12324
-3.2497,0.92049,-0.37893,-0.20625,0.56185,6.4214,-0.35103
-3.2287,0.71966,-0.42675,0.029425,0.54122,6.0835,-0.28407
-3.2084,0.52896,-0.46201,0.24903,0.51845,5.7196,-0.21982
-3.1937,-0.41831,-0.49531,1.6913,0.69493,12.96,-0.82012
-3.1738,-0.51954,-0.49777,1.7776,0.64813,11.758,-0.99695
-3.1454,-0.60072,-0.49772,1.81,0.59703,10.378,-1.5599
-3.1145,-0.67893,-0.48986,1.8263,0.54263,8.9964,-2.1331
-3.0858,-0.7684,-0.46933,1.8584,0.48604,7.7677,-0.75959
-2.6139,-1.584,-1.0533,2.3597,0.17075,10.034,-0.57257
-2.6263,-1.6401,-0.93898,2.3938,0.15493,8.7145,-0.62427
-2.6336,-1.7071,-0.81993,2.4372,0.13585,7.553,-0.65079
-2.634,-1.7819,-0.69611,2.4877,0.11511,6.5301,-0.80352
-2.6187,-1.8466,-0.57214,2.5134,0.094437,5.4788,-0.73915
-1.9786,-2.621,-1.1932,2.5267,-0.3589,5.1028,0.63962
-1.9808,-2.5938,-1.0346,2.4942,-0.33024,3.7934,0.0027016
-1.9641,-2.5685,-0.87556,2.4581,-0.30383,2.579,1.3191
-1.9286,-2.5436,-0.71623,2.4199,-0.27844,1.4622,1.0948
-1.8748,-2.5179,-0.55691,2.3807,-0.25311,0.44529,0.77267
-1.2375,-2.9804,-1.1706,2.1159,-0.53983,-1.6264,0.98398
-1.1918,-2.9119,-0.94583,2.0936,-0.46605,-2.3249,0.77326
-1.1286,-2.8459,-0.72733,2.073,-0.39555,-2.9218,0.79627
-1.0489,-2.781,-0.51526,2.0539,-0.32769,-3.4195,0.67793
-0.95391,-2.7161,-0.30984,2.0361,-0.26206,-3.8209,0.56985
-0.55806,-2.9441,-0.45775,1.901,-0.17644,-4.5466,0.67198
-0.46019,-2.8526,-0.2534,1.9015,-0.12667,-4.7726,0.5476
-0.34846,-2.7617,-0.056681,1.8999,-0.075699,-4.9002,0.43526
-0.22414,-2.6702,0.1318,1.896,-0.023989,-4.9364,0.19172
-0.088428,-2.577,0.3114,1.8892,0.027952,-4.889,0.13291
0.041243,-2.4254,0.6381,1.9402,-0.9764,-4.9861,-0.43624
0.2046,-2.2756,0.76902,1.857,-0.38925,-5.0123,0.2271
0.36641,-2.1639,0.91254,1.8224,-0.17174,-4.7203,0.14295
0.52195,-2.0781,1.0589,1.829,-0.088074,-4.1671,-0.044091
0.672,-2.0081,1.2029,1.8657,-0.054327,-3.4162,-1.4437
0.19988,-1.849,2.0283,2.71,0.33851,1.3284,-0.38212
0.44231,-1.7472,2.092,2.623,0.032972,1.5855,-1.1706
0.69058,-1.6128,2.1299,2.5108,-0.069614,1.7423,-0.97693
0.94728,-1.4518,2.1469,2.3728,-0.10055,1.8015,-0.65868
1.212,-1.2686,2.1452,2.2111,-0.1067,1.7703,-0.5936
0.74421,-0.5807,3.011,2.7599,1.2021,4.9899,-6.4021
1.1273,-0.38776,2.9308,2.4221,0.24158,4.0943,-5.6215
1.4966,-0.15368,2.8148,2.0646,-0.078982,3.0973,-4.6251
1.8579,0.099158,2.6815,1.697,-0.17297,2.0666,2.2089
2.2092,0.35636,2.5403,1.3314,-0.18949,1.0632,0.37477
2.0195,1.4919,3.0412,1.2168,2.2725,1.4045,2.2078
2.4341,1.6172,2.9043,0.82257,0.44959,0.33822,0.59149
2.7932,1.7643,2.7353,0.46996,-0.18396,-0.60117,-3.4895
3.1135,1.9068,2.5625,0.15736,-0.388,-1.3768,2.3984
3.3992,2.0327,2.3973,-0.11269,-0.43891,-1.9665,2.1784
3.2115,2.7695,2.6091,-0.11843,3.4435,-1.3744,-6.6029
3.54,2.731,2.5351,-0.37136,0.56842,-1.7727,2.4552
3.7868,2.7251,2.414,-0.55931,-0.44751,-2.0197,-0.046399
3.9832,2.7203,2.2849,-0.69956,-0.77489,-2.12,-3.3224
4.1416,2.7055,2.1621,-0.80033,-0.85007,-2.0868,2.79
3.9522,2.7118,2.0812,-0.34993,3.4813,0.18459,-4.7132
4.169,2.6129,2.0704,-0.51634,0.36505,0.045155,2.7697
4.3127,2.5667,1.9997,-0.64051,-0.75076,-0.086554,0.80426
4.4167,2.5376,1.9114,-0.73946,-1.102,-0.20248,0.39501
4.4936,2.5113,1.822,-0.81924,-1.1646,-0.29808,-2.0853
4.4544,1.8472,1.5485,-0.19692,-1.1296,3.6755,12.798
4.4851,1.851,1.4906,-0.25654,-0.9383,3.3975,11.54
4.5041,1.8428,1.4444,-0.30792,-0.91092,3.1488,10.408
4.5036,1.8311,1.3985,-0.34649,-0.74277,2.9261,9.3886
4.4907,1.8084,1.3625,-0.37582,-0.68885,2.7243,8.4667
4.4997,0.90846,0.96932,0.27754,-0.58927,5.743,-12.439
4.4554,0.9578,0.97898,0.21575,-0.50267,5.3073,-11.176
4.3969,0.98928,0.99186,0.16879,-0.45147,4.9173,-10.036
4.3255,1.0032,1.0089,0.13586,-0.45274,4.567,-9.0088
4.2414,1.0007,1.0297,0.11652,-0.492,4.2511,-8.0823
4.1768,0.27969,0.58694,0.48232,1.7416,5.5244,12.184
4.0803,0.30857,0.6661,0.46289,0.9894,5.154,11.465
3.9827,0.30419,0.76037,0.45143,-0.12227,4.8199,10.333
3.8594,0.29397,0.83674,0.46015,-0.70683,4.5222,9.3164
3.6863,0.30375,0.86338,0.50057,0.019291,4.262,4.7951
3.594,-0.15905,0.63681,0.59525,0.63327,3.793,-12.173
3.4376,-0.15577,0.72332,0.62648,0.20201,3.5537,-10.938
3.284,-0.17628,0.81629,0.65602,-0.47029,3.3014,-9.8261
3.0992,-0.19255,0.87837,0.70584,-0.38942,3.0736,-8.82
2.9145,-0.23238,0.94615,0.76011,-0.53514,2.8634,-7.9136
2.739,-0.34893,0.9185,0.56982,0.36024,0.93452,12.78
2.5605,-0.40279,0.99376,0.64652,-0.26489,0.91464,11.52
2.3575,-0.45272,1.0435,0.73679,-0.29141,0.89438,10.39
2.1513,-0.51609,1.0908,0.83008,-0.33753,0.87179,9.374
1.9429,-0.59139,1.1357,0.92547,-0.4074,0.84775,8.4614
1.7195,-0.51542,1.1798,0.59569,-0.033037,-2.1242,-12.41
1.5169,-0.5929,1.2066,0.72164,0.018747,-1.885,-11.147
1.3138,-0.68049,1.2322,0.84475,0.0053295,-1.6741,-10.009
1.1134,-0.77832,1.2582,0.96349,-0.12033,-1.488,-8.9847
0.91561,-0.88364,1.2832,1.0779,-0.31932,-1.3227,-8.0605
0.73683,-0.66834,1.2839,0.64238,1.0152,-4.9863,2.6958
0.55692,-0.76318,1.2723,0.75211,0.82756,-4.6115,2.4583
0.37651,-0.86258,1.2581,0.8605,0.65864,-4.2818,2.2465
0.19695,-0.96467,1.2407,0.96639,0.50641,-3.9899,2.0576
0.019534,-1.0677,1.2196,1.0688,0.36917,-3.7294,1.8891
-0.12956,-0.97792,1.0899,0.75385,1.5863,-6.3529,1.5778
-0.29521,-1.0785,1.0634,0.8697,1.3361,-5.8602,1.4605
-0.45694,-1.1784,1.0336,0.97957,1.1121,-5.4166,1.3567
-0.6136,-1.2759,1,1.0828,0.91152,-5.0149,1.2651
-0.76415,-1.3695,0.96242,1.1787,0.7322,-4.6485,1.1844
-0.81902,-1.5441,0.65931,1.1179,1.6229,-5.3777,0.67288
-0.95706,-1.6062,0.63727,1.2051,1.3753,-4.9779,0.66761
-1.087,-1.6638,0.60908,1.2838,1.1534,-4.6065,0.66419
-1.2084,-1.716,0.57511,1.3539,0.95466,-4.2595,0.6625
-1.3205,-1.7618,0.53581,1.4153,0.77668,-3.9337,0.77722
-1.3,-2.1956,0.083179,1.617,1.3017,-3.2386,0.345
-1.3939,-2.174,0.06835,1.6469,1.0957,-2.9751,0.37247
-1.4783,-2.1495,0.046645,1.6692,0.91071,-2.7239,0.39817
-1.5533,-2.1214,0.01895,1.6842,0.74489,-2.4837,0.42222
-1.6189,-2.0894,-0.013874,1.6919,0.59656,-2.2535,0.44478
-1.4806,-2.5665,-0.49339,1.9939,0.86528,-0.5668,0.15879
-1.5375,-2.4635,-0.50172,1.967,0.7075,-0.49016,0.19796
-1.5847,-2.3617,-0.51557,1.9339,0.5657,-0.40621,0.23355
-1.6229,-2.2607,-0.53395,1.8951,0.43853,-0.31658,0.26584
-1.6526,-2.1603,-0.55594,1.851,0.32472,-0.22274,0.29513
-1.4876,-2.5435,-0.94538,2.1037,0.40066,1.4781,0.025955
-1.5165,-2.3842,-0.9483,2.0331,0.29119,1.4272,0.073963
-1.5373,-2.2312,-0.95425,1.958,0.1929,1.3927,0.117
-1.5507,-2.0842,-0.96247,1.8791,0.10481,1.372,0.15554
-1.5572,-1.9428,-0.97229,1.7968,0.026021,1.3623,0.19004
-1.329,-2.119,-1.2234,1.8188,-2.2406,2,-0.15598
-1.4295,-1.8729,-1.2783,1.7332,0.075559,1.7613,-0.080562
-1.4057,-1.6988,-1.2497,1.5918,-0.10633,1.4795,-0.048983
-1.3831,-1.5202,-1.2333,1.4389,-0.093751,1.1626,-0.029625
-1.3537,-1.3457,-1.2207,1.2763,-0.095959,0.82652,-0.052457
-1.1296,-1.1631,-1.2862,0.83216,-1.8677,-0.095286,-0.54579
-1.1819,-0.95636,-1.3319,0.72309,0.055925,-0.39348,0.088386
-1.1484,-0.82231,-1.3093,0.59159,-0.091412,-0.63944,0.11474
-1.1223,-0.69725,-1.2946,0.47049,-0.079922,-0.83126,0.13917
-1.097,-0.58602,-1.2812,0.35939,-0.080245,-0.96593,0.15997
-1.0163,-0.36516,-1.1491,-0.09687,-1.7679,-1.9501,-0.05875
-1.0681,-0.2499,-1.2048,-0.11815,0.057367,-1.8977,-0.010145
-1.0443,-0.2046,-1.1949,-0.14785,-0.084241,-1.754,0.01352
-1.0303,-0.16705,-1.1895,-0.16192,-0.070792,-1.54,0.034082
-1.0183,-0.13909,-1.1829,-0.16531,-0.069603,-1.2713,0.050545
-1.0177,-0.015334,-0.90455,-0.36586,-1.6388,-1.0345,-0.086096
-1.0772,0.034259,-0.97141,-0.31118,0.055888,-0.73952,-0.044614
-1.0551,0.033787,-0.97448,-0.2794,-0.070638,-0.42488,-0.025508
-1.0384,0.038514,-0.97957,-0.25077,-0.059315,-0.10996,-0.19213
-1.0195,0.046148,-0.98179,-0.22965,-0.058748,0.19016,-0.11309
-1.1253,0.17425,-0.6821,-0.33698,-1.5187,0.91468,-0.12113
-1.1384,0.22034,-0.74384,-0.30449,0.061794,1.0597,-0.024208
-1.092,0.22965,-0.7487,-0.30922,-0.064693,1.1603,0.010164
-1.0481,0.25168,-0.75492,-0.33115,-0.054632,1.2083,0.037812
-1.0017,0.28143,-0.75815,-0.37051,-0.055651,1.205,0.059739
-1.0932,0.47985,-0.45919,-0.69083,-1.402,1.0397,-0.01225
-1.078,0.54026,-0.51904,-0.70832,0.054038,0.91661,0.029775
-0.99577,0.56387,-0.52642,-0.75466,-0.059999,0.77376,0.040804
-0.92277,0.5939,-0.5357,-0.81022,-0.052084,0.61778,0.051463
-0.85307,0.62546,-0.54282,-0.87319,-0.053436,0.45471,0.049309
-0.47629,0.72499,-0.03805,-1.2964,-6.6928,-0.18048,-0.13931
-0.38899,0.67615,-0.01631,-1.302,-7.9092,-0.20148,0.3197
-0.39895,0.68405,-0.070939,-1.2934,-7.015,-0.13949,0.55497
-0.48436,0.7382,-0.18517,-1.2733,-4.4481,-0.0045866,0.85551
-0.60705,0.81808,-0.32801,-1.2467,-1.0219,0.17417,-0.096522
-0.96928,1.1764,-0.64391,-1.4339,8.6398,-0.40598,0.68023
-0.94429,1.1745,-0.66337,-1.4054,8.8364,-0.23167,0.68746
-0.82311,1.1151,-0.59599,-1.4031,6.8321,-0.15825,0.45278
-0.63916,1.0161,-0.47013,-1.4203,3.3446,-0.16477,-0.0091261
-0.43785,0.90341,-0.32463,-1.4458,-0.61413,-0.21622,-0.18176
-0.111,0.76217,-0.30907,-1.7757,-6.9465,-0.70612,-1.966
-0.035645,0.71927,-0.23598,-1.7431,-7.9411,-0.73595,-1.0437
-0.056476,0.73042,-0.24623,-1.698,-6.8739,-0.68151,-0.49337
-0.15035,0.78435,-0.31983,-1.6433,-4.2172,-0.55799,-0.032225
-0.27926,0.86057,-0.42402,-1.5839,-0.78784,-0.39565,0.10094
-0.51251,1.0494,-0.92794,-1.6062,8.8166,-0.37974,2.0437
-0.50952,1.0539,-0.89937,-1.5593,8.9382,-0.3074,1.2113
-0.41018,0.99964,-0.79029,-1.5402,6.8417,-0.29793,0.50461
-0.24805,0.9048,-0.62913,-1.5414,3.2697,-0.33666,-0.111
-0.068457,0.79569,-0.45436,-1.5508,-0.74588,-0.3994,-0.27915
0.38783,0.54643,-0.50817,-1.6894,-7.1112,-0.59548,-1.6393
0.41948,0.51447,-0.42513,-1.6592,-8.1232,-0.64749,-1.0045
0.35863,0.53558,-0.41376,-1.6153,-7.0231,-0.60388,-0.60319
0.22782,0.59841,-0.45806,-1.5603,-4.2983,-0.47775,-0.12403
0.064993,0.6823,-0.53065,-1.499,-0.78812,-0.30221,0.030575
-0.24651,0.82822,-0.98132,-1.419,9.0777,0.81717,2.2211
-0.26437,0.84026,-0.94197,-1.3588,9.174,0.75409,1.3543
-0.18479,0.79166,-0.82352,-1.329,6.9969,0.62224,0.52354
-0.041206,0.70136,-0.65435,-1.3219,3.3151,0.44204,-0.2037
0.12135,0.59622,-0.47273,-1.325,-0.80955,0.24602,-0.42008
0.62716,0.24785,-0.37125,-1.3573,-11.225,1.2183,-1.4726
0.56575,0.26903,-0.34024,-1.3059,-10.114,0.98309,-0.84347
0.50986,0.28702,-0.31199,-1.262,-9.1174,0.83,-0.27789
0.16965,0.4794,-0.48582,-1.1649,-1.2527,0.77447,-0.17671
-0.22903,0.71164,-0.70863,-1.055,7.9668,0.77199,-0.23123
-0.35261,0.73828,-0.92102,-0.836,10.841,1.5797,1.0582
-0.32409,0.71418,-0.84245,-0.82562,9.7662,1.4297,1.3059
-0.18924,0.6243,-0.6916,-0.84258,6.1685,1.2498,-0.049785
0.22585,0.36149,-0.34082,-0.92084,-4.1215,1.0279,-0.23144
0.47888,0.19352,-0.10907,-0.96025,-10.298,0.82013,-0.084315
0.52619,0.051618,-0.021749,-0.93662,-10.189,1.2873,-2.3183
0.30679,0.17685,-0.1327,-0.87142,-5.2876,1.1529,-0.16952
-0.021367,0.36938,-0.32379,-0.78637,2.1539,1.0913,-0.034221
-0.24316,0.50222,-0.44789,-0.72077,7.0407,1.047,0.44836
-0.27021,0.52034,-0.44282,-0.69449,7.3314,0.97923,0.06394
-0.11087,0.46161,-0.3358,-0.70466,1.7287,1.055,-0.043177
0.039405,0.36144,-0.21282,-0.71709,-1.6748,0.91787,-0.044259
0.12717,0.29699,-0.13049,-0.71704,-3.5527,0.79531,-0.0051285
0.1219,0.28762,-0.10908,-0.69853,-3.2257,0.70117,0.0028167
0.046872,0.32059,-0.13474,-0.66648,-1.2912,0.63771,0.12805
-0.1333,0.44297,-0.17388,-0.70956,4.1659,0.6778,-0.034904
-0.10172,0.4124,-0.14347,-0.68384,3.1847,0.60866,-0.065581
-0.0046215,0.34224,-0.069391,-0.67429,0.74314,0.52687,-0.31862
0.092215,0.2713,0.0049543,-0.66676,-1.6099,0.44433,-0.02786
0.13628,0.23136,0.044376,-0.65004,-2.6725,0.37613,-0.069457
0.093547,0.2774,0.042987,-0.70466,-1.2469,0.05485,-0.075545
0.050953,0.28971,0.020598,-0.66558,-0.35221,0.065403,-0.10267
0.0079919,0.30318,-0.002782,-0.62799,0.55153,0.081827,-0.028398
-0.015035,0.30531,-0.013384,-0.59592,0.99575,0.096921,0.04359
-0.011575,0.29178,-0.0065548,-0.57071,0.84007,0.1063,0.061868
0.064288,0.33429,-0.07225,-0.69785,-0.087019,-0.93078,-0.060045
0.099055,0.31665,-0.039586,-0.70947,-0.6317,-0.93764,-0.066267
0.10628,0.31323,-0.025855,-0.71164,-0.58081,-0.93957,-0.060787
0.090037,0.32217,-0.028559,-0.70554,-0.036901,-0.93363,-0.045595
0.072992,0.3303,-0.032893,-0.69683,0.48487,-0.92229,-0.030792
0.14026,0.32107,-0.1336,-0.83141,1.1895,-1.3881,-0.030803
0.181,0.29145,-0.092427,-0.8206,0.14517,-1.3423,-0.050331
0.2237,0.25846,-0.050885,-0.80967,-0.91936,-1.2987,-0.065105
0.22737,0.24734,-0.034861,-0.78899,-1.0841,-1.2515,-0.062524
0.18867,0.26088,-0.046915,-0.75776,-0.29655,-1.1969,-0.045046
0.1254,0.29052,-0.24459,-0.70626,2.117,-1.1743,0.052954
0.16619,0.25676,-0.19561,-0.69562,1.0278,-1.1172,0.022986
0.24284,0.20007,-0.12486,-0.69442,-0.83462,-1.0695,-0.023153
0.28032,0.16568,-0.080734,-0.68391,-1.797,-1.0211,-0.042069
0.24456,0.17494,-0.085802,-0.65558,-1.123,-0.96243,-0.030306
0.10209,0.13198,-0.26421,-0.45471,2.4649,-0.39201,-0.037212
0.13147,0.11716,-0.22447,-0.45498,1.5662,-0.36597,-0.050555
0.21869,0.065623,-0.14843,-0.46973,-0.58716,-0.35101,-0.092347
0.27592,0.031071,-0.092859,-0.47878,-2.0238,-0.33744,-0.10863
0.25022,0.046662,-0.092728,-0.4697,-1.582,-0.31445,-0.092513
0.036733,0.042167,-0.225,-0.18471,2.3541,0.15793,-0.022232
