0.3,0.1,0.1995
0.3,0.1,0.1995
0.30002,0.10003,0.19954
0.30006,0.10007,0.1996
0.30012,0.10014,0.19969
0.30018,0.10023,0.1998
0.30027,0.10033,0.19993
0.30034,0.10042,0.20005
0.30041,0.10051,0.20016
0.30048,0.1006,0.20027
0.30054,0.10068,0.20037
0.30061,0.10077,0.20047
0.30066,0.10086,0.20056
0.30072,0.10095,0.20066
0.30076,0.10106,0.20076
0.3008,0.10118,0.20086
0.30085,0.1013,0.20096
0.3009,0.1014,0.20106
0.30097,0.10148,0.20116
0.30104,0.10155,0.20125
0.30113,0.10159,0.20134
0.30121,0.10163,0.20141
0.3013,0.10167,0.20148
0.30138,0.10171,0.20156
0.30148,0.10175,0.20164
0.30157,0.10179,0.20174
0.30167,0.10184,0.20185
0.30177,0.10189,0.20198
0.30187,0.10195,0.20211
0.30198,0.102,0.20226
0.3021,0.10204,0.20241
0.30222,0.10206,0.20257
0.30235,0.10206,0.20274
0.30249,0.10205,0.20292
0.30263,0.10201,0.20311
0.30277,0.10195,0.2033
0.30292,0.10187,0.2035
0.30308,0.10177,0.2037
0.30324,0.10164,0.20391
0.3034,0.10148,0.20412
0.30356,0.1013,0.20434
0.30373,0.10108,0.20456
0.30391,0.10084,0.20479
0.30408,0.10056,0.20502
0.30426,0.10026,0.20526
0.30444,0.099915,0.2055
0.30463,0.099537,0.20575
0.30482,0.09912,0.206
0.30501,0.098665,0.20626
0.3052,0.098171,0.20652
0.3054,0.097637,0.20678
0.3056,0.097057,0.20705
0.3058,0.096431,0.20733
0.30601,0.095758,0.2076
0.30622,0.095039,0.20789
0.30643,0.094272,0.20818
0.30665,0.09345,0.20847
0.30687,0.092573,0.20877
0.3071,0.091642,0.20907
0.30733,0.090656,0.20937
0.30756,0.089614,0.20969
0.30779,0.088507,0.21
0.30803,0.087335,0.21032
0.30828,0.0861,0.21064
0.30852,0.084801,0.21097
0.30877,0.083438,0.2113
0.30903,0.082004,0.21163
0.30928,0.0805,0.21197
0.30954,0.078927,0.21231
0.30981,0.077283,0.21265
0.31008,0.075569,0.213
0.31035,0.07378,0.21336
0.31062,0.071916,0.21372
0.3109,0.069978,0.21408
0.31119,0.067964,0.21445
0.31147,0.065876,0.21483
0.31176,0.063709,0.21521
0.31206,0.061464,0.2156
0.31236,0.05914,0.21599
0.31266,0.056737,0.21638
0.31297,0.054258,0.21678
0.31328,0.051697,0.21719
0.31359,0.049056,0.2176
0.31391,0.046336,0.21802
0.31423,0.043536,0.21844
0.31455,0.040658,0.21887
0.31487,0.037699,0.2193
0.3152,0.03466,0.21973
0.31553,0.031542,0.22017
0.31586,0.028347,0.22061
0.31619,0.025074,0.22106
0.31653,0.021723,0.2215
0.31686,0.018296,0.22196
0.3172,0.014795,0.22241
0.31753,0.01122,0.22287
0.31787,0.0075744,0.22333
0.3182,0.0038544,0.2238
0.31855,6.2711e-05,0.22427
0.31889,-0.0037981,0.22474
0.31923,-0.0077257,0.22522
0.31958,-0.011718,0.2257
0.31993,-0.015775,0.22619
0.32029,-0.019893,0.22667
0.32064,-0.024071,0.22716
0.321,-0.028304,0.22765
0.32136,-0.03259,0.22815
0.32172,-0.036928,0.22864
0.32209,-0.041314,0.22914
0.32247,-0.045746,0.22964
0.32284,-0.050218,0.23015
0.32322,-0.054728,0.23066
0.3236,-0.059273,0.23117
0.32399,-0.063848,0.23168
0.32439,-0.06845,0.2322
0.32478,-0.073072,0.23273
0.32518,-0.077712,0.23325
0.32559,-0.082367,0.23378
0.32601,-0.087031,0.23432
0.32643,-0.0917,0.23486
0.32685,-0.096368,0.2354
0.32728,-0.10103,0.23595
0.32772,-0.10568,0.23651
0.32816,-0.11032,0.23706
0.32861,-0.11494,0.23762
0.32907,-0.11953,0.23819
0.32954,-0.1241,0.23876
0.33001,-0.12862,0.23933
0.33049,-0.13311,0.23991
0.33097,-0.13755,0.24049
0.33146,-0.14194,0.24107
0.33196,-0.14627,0.24166
0.33246,-0.15053,0.24226
0.33296,-0.15473,0.24285
0.33348,-0.15885,0.24345
0.33399,-0.16289,0.24405
0.33452,-0.16684,0.24466
0.33504,-0.1707,0.24527
0.33557,-0.17447,0.24588
0.3361,-0.17813,0.24649
0.33664,-0.18168,0.2471
0.33718,-0.18511,0.24772
0.33772,-0.18842,0.24834
0.33827,-0.19161,0.24896
0.33881,-0.19466,0.24957
0.33936,-0.19757,0.2502
0.33992,-0.20034,0.25082
0.34047,-0.20296,0.25144
0.34102,-0.20542,0.25206
0.34158,-0.20772,0.25268
0.34214,-0.20986,0.25331
0.3427,-0.21183,0.25393
0.34326,-0.21361,0.25455
0.34382,-0.21522,0.25518
0.34439,-0.21664,0.2558
0.34496,-0.21787,0.25643
0.34552,-0.21891,0.25706
0.34609,-0.21975,0.25769
0.34667,-0.22038,0.25832
0.34724,-0.22081,0.25895
0.34781,-0.22102,0.25958
0.34839,-0.22103,0.2602
0.34896,-0.22081,0.26083
0.34953,-0.22038,0.26146
0.35011,-0.21972,0.26208
0.35068,-0.21884,0.26271
0.35126,-0.21773,0.26333
0.35183,-0.21639,0.26396
0.3524,-0.21482,0.26458
0.35296,-0.21302,0.26521
0.35353,-0.21098,0.26584
0.35409,-0.20871,0.26647
0.35465,-0.20621,0.26709
0.3552,-0.20347,0.26773
0.35575,-0.2005,0.26836
0.3563,-0.1973,0.26899
0.35685,-0.19387,0.26963
0.35739,-0.19021,0.27027
0.35792,-0.18632,0.27091
0.35846,-0.18221,0.27156
0.35898,-0.17788,0.27222
0.35951,-0.17333,0.27287
0.36003,-0.16856,0.27353
0.36056,-0.16359,0.27419
0.36108,-0.1584,0.27485
0.3616,-0.153,0.27552
0.36213,-0.1474,0.27618
0.36265,-0.1416,0.27686
0.36316,-0.13561,0.27753
0.36368,-0.12943,0.27822
0.3642,-0.12306,0.2789
0.36472,-0.11651,0.27959
0.36524,-0.10979,0.28029
0.36575,-0.1029,0.281
0.36626,-0.095843,0.28171
0.36677,-0.088632,0.28244
0.36728,-0.081271,0.28317
0.36779,-0.073771,0.28391
0.36829,-0.066137,0.28466
0.36878,-0.058378,0.28543
0.36927,-0.0505,0.2862
0.36977,-0.042511,0.28699
0.37026,-0.034429,0.2878
0.37073,-0.026261,0.28862
0.37121,-0.018015,0.28945
0.37168,-0.0096996,0.2903
0.37215,-0.0013226,0.29117
0.37261,0.0070969,0.29205
0.37307,0.015551,0.29295
0.37352,0.024031,0.29385
0.37397,0.032529,0.29477
0.37442,0.041034,0.29571
0.37487,0.049533,0.29663
0.37531,0.058018,0.29755
0.37575,0.066476,0.29846
0.3762,0.074899,0.29937
0.37665,0.083277,0.30028
0.37709,0.09159,0.30118
0.37754,0.099828,0.30206
0.37799,0.10798,0.30294
0.37845,0.11605,0.3038
0.37891,0.12401,0.30465
0.37938,0.13185,0.30548
0.37986,0.13956,0.30631
0.38034,0.14713,0.30712
0.38084,0.15456,0.30792
0.38134,0.16183,0.3087
0.38186,0.16893,0.30948
0.3824,0.17585,0.31024
0.38295,0.18258,0.311
0.38352,0.18912,0.31174
0.3841,0.19545,0.31248
0.3847,0.20157,0.3132
0.38532,0.20747,0.31392
0.38596,0.21315,0.31462
0.38661,0.21859,0.31532
0.38728,0.2238,0.316
0.38797,0.22876,0.31668
0.38867,0.23348,0.31736
0.38938,0.23795,0.31802
0.39011,0.24216,0.31868
0.39085,0.24612,0.31934
0.3916,0.2498,0.31999
0.39235,0.25322,0.32064
0.3931,0.25636,0.32129
0.39386,0.25922,0.32194
0.39463,0.26181,0.32259
0.39539,0.26412,0.32324
0.39615,0.26614,0.3239
0.39691,0.26788,0.32456
0.39767,0.26933,0.32523
0.39843,0.2705,0.3259
0.39919,0.27138,0.32658
0.39994,0.27197,0.32726
0.40069,0.27227,0.32795
0.40143,0.27229,0.32864
0.40217,0.27203,0.32934
0.40291,0.27148,0.33004
0.40363,0.27065,0.33075
0.40436,0.26955,0.33145
0.40507,0.26817,0.33217
0.40578,0.26652,0.33288
0.40648,0.2646,0.3336
0.40717,0.26242,0.33432
0.40786,0.25998,0.33504
0.40853,0.25729,0.33576
0.4092,0.25436,0.33648
0.40986,0.25118,0.33721
0.41051,0.24777,0.33793
0.41115,0.24414,0.33865
0.41178,0.24029,0.33938
0.41241,0.23622,0.3401
0.41302,0.23195,0.34082
0.41362,0.22747,0.34155
0.41422,0.2228,0.34227
0.4148,0.21796,0.343
0.41539,0.21294,0.34372
0.41596,0.20776,0.34445
0.41652,0.20242,0.34517
0.41707,0.19694,0.34589
0.41761,0.19133,0.34662
0.41815,0.18559,0.34735
0.41868,0.17973,0.34808
0.4192,0.17376,0.34881
0.41971,0.1677,0.34955
0.42022,0.16156,0.35029
0.42073,0.15534,0.35104
0.42122,0.14905,0.35178
0.42171,0.14271,0.35253
0.4222,0.13633,0.35328
0.42268,0.12991,0.35403
0.42316,0.12347,0.35479
0.42364,0.11701,0.35555
0.42412,0.11054,0.35631
0.42461,0.10408,0.35707
0.42509,0.097637,0.35784
0.42558,0.091216,0.35861
0.42607,0.08483,0.35938
0.42656,0.078488,0.36014
0.42705,0.072201,0.36091
0.42755,0.065977,0.36167
0.42806,0.059826,0.36243
0.42857,0.053759,0.36319
0.4291,0.047787,0.36395
0.42963,0.041916,0.36471
0.43017,0.036155,0.36546
0.43072,0.030512,0.36621
0.43128,0.024995,0.36695
0.43184,0.019611,0.36769
0.43242,0.014367,0.36842
0.433,0.0092722,0.36915
0.43358,0.004332,0.36986
0.43418,-0.00044419,0.37057
0.43478,-0.0050499,0.37127
0.4354,-0.0094788,0.37197
0.43602,-0.013725,0.37265
0.43664,-0.017783,0.37333
0.43728,-0.021647,0.374
0.43792,-0.025312,0.37466
0.43856,-0.028774,0.37532
0.43921,-0.03203,0.37598
0.43986,-0.035074,0.37662
0.44051,-0.037904,0.37726
0.44117,-0.040517,0.3779
0.44182,-0.042911,0.37853
0.44248,-0.045082,0.37916
0.44314,-0.04703,0.37979
0.44379,-0.048749,0.38041
0.44445,-0.050241,0.38103
0.4451,-0.051503,0.38165
0.44575,-0.052535,0.38227
0.4464,-0.053337,0.38288
0.44704,-0.053911,0.3835
0.44767,-0.054259,0.38412
0.44829,-0.054378,0.38474
0.4489,-0.054271,0.38536
0.44951,-0.053936,0.38598
0.45011,-0.053377,0.38661
0.45069,-0.052595,0.38724
0.45127,-0.051591,0.38787
0.45184,-0.050367,0.3885
0.4524,-0.048925,0.38914
0.45295,-0.047269,0.38978
0.4535,-0.045402,0.39042
0.45403,-0.043327,0.39106
0.45455,-0.041048,0.3917
0.45505,-0.038567,0.39235
0.45555,-0.03589,0.393
0.45604,-0.03302,0.39365
0.45652,-0.029963,0.3943
0.45699,-0.026721,0.39496
0.45745,-0.023299,0.39562
0.4579,-0.019703,0.39628
0.45835,-0.015938,0.39694
0.45878,-0.012008,0.39759
0.4592,-0.0079203,0.39825
0.45961,-0.0036795,0.39892
0.46002,0.00070705,0.39958
0.46042,0.0052338,0.40023
0.46082,0.0098952,0.40089
0.46121,0.014686,0.40155
0.46159,0.019599,0.40221
0.46197,0.024632,0.40287
0.46236,0.029777,0.40352
0.46274,0.035029,0.40417
0.46311,0.04038,0.40481
0.46348,0.045825,0.40546
0.46386,0.051357,0.4061
0.46423,0.056971,0.40673
0.46461,0.062659,0.40736
0.46498,0.068416,0.40799
0.46536,0.074234,0.40861
0.46573,0.080109,0.40922
0.46611,0.086034,0.40983
0.46648,0.092002,0.41044
0.46686,0.09801,0.41103
0.46724,0.10405,0.41163
0.46762,0.11012,0.41221
0.46801,0.1162,0.41279
0.4684,0.12231,0.41337
0.46879,0.12842,0.41394
0.46919,0.13455,0.4145
0.46958,0.14067,0.41505
0.46998,0.14679,0.4156
0.47039,0.1529,0.41615
0.47079,0.159,0.41668
0.4712,0.16508,0.41721
0.47161,0.17114,0.41774
0.47202,0.17718,0.41825
0.47244,0.18319,0.41876
0.47285,0.18917,0.41927
0.47327,0.1951,0.41976
0.47368,0.201,0.42026
0.4741,0.20684,0.42075
0.47453,0.21264,0.42124
0.47495,0.21838,0.42172
0.47538,0.22408,0.4222
0.47581,0.22971,0.42268
0.47623,0.23528,0.42316
0.47666,0.24078,0.42363
0.47708,0.24622,0.4241
0.47751,0.2516,0.42457
0.47794,0.2569,0.42504
0.47836,0.26212,0.4255
0.47878,0.26727,0.42596
0.47921,0.27234,0.42642
0.47963,0.27734,0.42687
0.48005,0.28225,0.42732
0.48047,0.28708,0.42777
0.48089,0.29183,0.42822
0.48131,0.2965,0.42866
0.48173,0.30108,0.4291
0.48214,0.30557,0.42953
0.48255,0.30998,0.42997
0.48296,0.31429,0.43039
0.48337,0.31851,0.43082
0.48377,0.32264,0.43125
0.48418,0.32668,0.43167
0.48458,0.33062,0.43208
0.48498,0.33447,0.43249
0.48537,0.33822,0.4329
0.48577,0.34189,0.43331
0.48615,0.34546,0.43371
0.48653,0.34895,0.43411
0.4869,0.35235,0.43451
0.48726,0.35566,0.4349
0.48762,0.35889,0.43529
0.48797,0.36203,0.43568
0.48831,0.36508,0.43605
0.48864,0.36805,0.43642
0.48897,0.37093,0.43678
0.48929,0.37373,0.43714
0.48961,0.37643,0.4375
0.48993,0.37905,0.43786
0.49025,0.38157,0.43821
0.49057,0.38402,0.43857
0.49088,0.38637,0.43892
0.49119,0.38866,0.43926
0.4915,0.39086,0.43959
0.49179,0.39299,0.43991
0.49209,0.39504,0.44024
0.49238,0.39702,0.44056
0.49266,0.39893,0.44087
0.49294,0.40077,0.44119
0.49322,0.40254,0.4415
0.49349,0.40425,0.44182
0.49376,0.40589,0.44213
0.49402,0.40747,0.44242
0.49427,0.40898,0.4427
0.49452,0.41043,0.44298
0.49475,0.41182,0.44324
0.49498,0.41315,0.44351
0.4952,0.41442,0.44377
0.49542,0.41562,0.44403
0.49563,0.41677,0.44428
0.49584,0.41786,0.44453
0.49604,0.41891,0.44478
0.49623,0.4199,0.44501
0.49642,0.42084,0.44525
0.4966,0.42174,0.44548
0.49677,0.42259,0.44571
0.49695,0.42339,0.44595
0.49712,0.42414,0.44618
0.49728,0.42486,0.4464
0.49744,0.42554,0.44661
0.49758,0.42618,0.4468
0.49773,0.4268,0.44699
0.49787,0.42737,0.44718
0.498,0.4279,0.44736
0.49814,0.4284,0.44755
0.49828,0.42886,0.44774
0.49841,0.42929,0.44792
0.49853,0.42969,0.44809
0.49865,0.43007,0.44826
0.49876,0.43042,0.44842
0.49887,0.43074,0.44857
0.49897,0.43105,0.44871
0.49907,0.43133,0.44885
0.49916,0.43159,0.44898
0.49924,0.43183,0.44911
0.49932,0.43206,0.44923
0.4994,0.43227,0.44934
0.49947,0.43246,0.44945
0.49955,0.43263,0.44956
0.49962,0.43279,0.44966
0.49969,0.43294,0.44977
0.49975,0.43307,0.44987
0.49982,0.43319,0.44996
0.49987,0.4333,0.45005
0.49993,0.4334,0.45013
0.49998,0.43348,0.4502
0.50003,0.43356,0.45027
0.50007,0.43363,0.45034
0.50011,0.43369,0.45039
0.50014,0.43374,0.45045
0.50017,0.43378,0.4505
0.5002,0.43381,0.45054
0.50022,0.43383,0.45057
0.50024,0.43385,0.4506
0.50025,0.43386,0.45062
0.50026,0.43387,0.45063
