0.3,0.1,0.2
0.3,0.1,0.2
0.30001,0.10002,0.20001
0.30002,0.10004,0.20003
0.30004,0.10006,0.20005
0.30006,0.1001,0.20007
0.30009,0.10014,0.20011
0.30012,0.10019,0.20015
0.30015,0.10024,0.20019
0.30019,0.10031,0.20024
0.30024,0.10037,0.2003
0.30029,0.10044,0.20036
0.30034,0.10052,0.20043
0.3004,0.1006,0.2005
0.30046,0.10069,0.20058
0.30053,0.10077,0.20066
0.3006,0.10086,0.20075
0.30068,0.10095,0.20085
0.30076,0.10104,0.20095
0.30084,0.10113,0.20106
0.30093,0.10121,0.20117
0.30103,0.1013,0.20129
0.30113,0.10138,0.20141
0.30123,0.10145,0.20154
0.30134,0.10152,0.20167
0.30145,0.10159,0.20181
0.30157,0.10164,0.20196
0.30169,0.10169,0.20211
0.30181,0.10173,0.20226
0.30194,0.10175,0.20243
0.30207,0.10176,0.20259
0.30221,0.10176,0.20276
0.30235,0.10174,0.20294
0.3025,0.1017,0.20312
0.30265,0.10165,0.20331
0.3028,0.10158,0.2035
0.30296,0.10148,0.2037
0.30312,0.10137,0.2039
0.30329,0.10123,0.20411
0.30346,0.10106,0.20433
0.30364,0.10086,0.20454
0.30381,0.10064,0.20477
0.304,0.10039,0.205
0.30418,0.1001,0.20523
0.30437,0.099785,0.20547
0.30457,0.099431,0.20571
0.30477,0.099041,0.20596
0.30497,0.098612,0.20621
0.30518,0.098144,0.20647
0.30539,0.097633,0.20673
0.3056,0.09708,0.207
0.30582,0.096482,0.20727
0.30604,0.095837,0.20755
0.30627,0.095145,0.20783
0.30649,0.094402,0.20812
0.30673,0.093609,0.20841
0.30696,0.092763,0.20871
0.3072,0.091862,0.20901
0.30745,0.090905,0.20931
0.3077,0.089891,0.20962
0.30795,0.088818,0.20994
0.3082,0.087685,0.21026
0.30846,0.08649,0.21058
0.30873,0.085231,0.21091
0.30899,0.083908,0.21124
0.30926,0.082519,0.21158
0.30953,0.081063,0.21192
0.30981,0.079539,0.21226
0.31009,0.077945,0.21261
0.31038,0.07628,0.21297
0.31066,0.074543,0.21333
0.31095,0.072733,0.21369
0.31125,0.070849,0.21406
0.31154,0.068891,0.21443
0.31185,0.066857,0.21481
0.31215,0.064747,0.21519
0.31246,0.06256,0.21557
0.31277,0.060295,0.21596
0.31308,0.057952,0.21635
0.3134,0.055531,0.21675
0.31372,0.05303,0.21715
0.31405,0.050451,0.21756
0.31437,0.047792,0.21797
0.3147,0.045053,0.21838
0.31504,0.042236,0.2188
0.31537,0.039339,0.21922
0.31572,0.036363,0.21964
0.31606,0.033309,0.22007
0.3164,0.030177,0.22051
0.31675,0.026967,0.22094
0.31711,0.02368,0.22138
0.31746,0.020317,0.22183
0.31782,0.01688,0.22228
0.31818,0.013368,0.22273
0.31855,0.0097837,0.22319
0.31892,0.006128,0.22365
0.31929,0.0024024,0.22411
0.31966,-0.0013916,0.22458
0.32004,-0.0052521,0.22505
0.32042,-0.0091772,0.22552
0.3208,-0.013165,0.226
0.32119,-0.017213,0.22648
0.32157,-0.02132,0.22697
0.32196,-0.025482,0.22746
0.32236,-0.029698,0.22795
0.32276,-0.033963,0.22844
0.32316,-0.038277,0.22894
0.32356,-0.042635,0.22945
0.32396,-0.047034,0.22995
0.32437,-0.051472,0.23046
0.32478,-0.055944,0.23098
0.32519,-0.060448,0.23149
0.32561,-0.064978,0.23201
0.32603,-0.069533,0.23254
0.32645,-0.074107,0.23306
0.32687,-0.078696,0.23359
0.3273,-0.083297,0.23412
0.32773,-0.087905,0.23466
0.32816,-0.092515,0.2352
0.32859,-0.097123,0.23574
0.32903,-0.10172,0.23629
0.32947,-0.10631,0.23684
0.32991,-0.11089,0.23739
0.33035,-0.11544,0.23794
0.3308,-0.11996,0.2385
0.33125,-0.12445,0.23906
0.3317,-0.12891,0.23963
0.33215,-0.13332,0.24019
0.33261,-0.13768,0.24076
0.33307,-0.14199,0.24134
0.33353,-0.14625,0.24191
0.33399,-0.15043,0.24249
0.33446,-0.15455,0.24307
0.33493,-0.15859,0.24366
0.33539,-0.16254,0.24424
0.33587,-0.16641,0.24483
0.33634,-0.17019,0.24543
0.33682,-0.17386,0.24602
0.3373,-0.17744,0.24662
0.33778,-0.1809,0.24722
0.33826,-0.18424,0.24782
0.33874,-0.18746,0.24843
0.33923,-0.19055,0.24904
0.33972,-0.19351,0.24965
0.34021,-0.19633,0.25026
0.3407,-0.19901,0.25088
0.3412,-0.20153,0.2515
0.3417,-0.2039,0.25212
0.3422,-0.20611,0.25274
0.3427,-0.20815,0.25337
0.3432,-0.21002,0.254
0.3437,-0.21172,0.25463
0.34421,-0.21323,0.25526
0.34472,-0.21456,0.2559
0.34523,-0.2157,0.25654
0.34574,-0.21665,0.25718
0.34626,-0.2174,0.25782
0.34677,-0.21795,0.25847
0.34729,-0.21829,0.25911
0.34781,-0.21843,0.25976
0.34833,-0.21835,0.26042
0.34886,-0.21806,0.26107
0.34938,-0.21755,0.26173
0.34991,-0.21682,0.26238
0.35044,-0.21587,0.26304
0.35097,-0.21469,0.26371
0.3515,-0.21329,0.26437
0.35203,-0.21166,0.26504
0.35256,-0.2098,0.26571
0.3531,-0.20772,0.26638
0.35364,-0.2054,0.26705
0.35418,-0.20285,0.26772
0.35472,-0.20008,0.2684
0.35526,-0.19707,0.26908
0.3558,-0.19384,0.26976
0.35635,-0.19037,0.27044
0.3569,-0.18669,0.27112
0.35744,-0.18277,0.27181
0.35799,-0.17864,0.27249
0.35855,-0.17428,0.27318
0.3591,-0.16971,0.27387
0.35965,-0.16492,0.27456
0.36021,-0.15992,0.27526
0.36076,-0.15472,0.27595
0.36132,-0.14931,0.27665
0.36188,-0.1437,0.27735
0.36244,-0.1379,0.27805
0.363,-0.13191,0.27875
0.36356,-0.12573,0.27945
0.36413,-0.11938,0.28016
0.36469,-0.11286,0.28086
0.36526,-0.10616,0.28157
0.36582,-0.099315,0.28228
0.36639,-0.092313,0.28299
0.36696,-0.085166,0.2837
0.36753,-0.077881,0.28442
0.3681,-0.070466,0.28513
0.36868,-0.06293,0.28585
0.36925,-0.055279,0.28656
0.36982,-0.047523,0.28728
0.3704,-0.039671,0.288
0.37098,-0.03173,0.28872
0.37155,-0.023711,0.28944
0.37213,-0.015622,0.29017
0.37271,-0.0074737,0.29089
0.37329,0.00072548,0.29161
0.37387,0.0089654,0.29234
0.37445,0.017236,0.29307
0.37504,0.025528,0.2938
0.37562,0.03383,0.29453
0.3762,0.042134,0.29526
0.37679,0.050427,0.29599
0.37738,0.058701,0.29672
0.37796,0.066945,0.29745
0.37855,0.075149,0.29819
0.37914,0.083301,0.29892
0.37973,0.091393,0.29966
0.38031,0.099414,0.30039
0.3809,0.10735,0.30113
0.3815,0.1152,0.30187
0.38209,0.12295,0.30261
0.38268,0.13058,0.30335
0.38327,0.1381,0.30409
0.38386,0.14548,0.30483
0.38446,0.15272,0.30557
0.38505,0.15981,0.30631
0.38564,0.16675,0.30706
0.38624,0.17352,0.3078
0.38683,0.18011,0.30854
0.38743,0.18651,0.30929
0.38803,0.19272,0.31003
0.38862,0.19873,0.31078
0.38922,0.20454,0.31152
0.38982,0.21012,0.31227
0.39041,0.21549,0.31302
0.39101,0.22062,0.31376
0.39161,0.22552,0.31451
0.39221,0.23018,0.31526
0.39281,0.23459,0.31601
0.3934,0.23874,0.31676
0.394,0.24264,0.3175
0.3946,0.24628,0.31825
0.3952,0.24965,0.319
0.3958,0.25275,0.31975
0.3964,0.25558,0.3205
0.397,0.25813,0.32125
0.3976,0.2604,0.322
0.3982,0.26239,0.32275
0.3988,0.2641,0.3235
0.3994,0.26552,0.32425
0.4,0.26667,0.325
0.4006,0.26752,0.32575
0.4012,0.2681,0.3265
0.4018,0.26839,0.32725
0.4024,0.2684,0.328
0.403,0.26812,0.32875
0.4036,0.26757,0.3295
0.4042,0.26674,0.33025
0.4048,0.26564,0.331
0.4054,0.26427,0.33175
0.406,0.26263,0.3325
0.4066,0.26073,0.33324
0.40719,0.25857,0.33399
0.40779,0.25615,0.33474
0.40839,0.25349,0.33549
0.40899,0.25059,0.33624
0.40959,0.24744,0.33698
0.41018,0.24407,0.33773
0.41078,0.24048,0.33848
0.41138,0.23666,0.33922
0.41197,0.23264,0.33997
0.41257,0.22841,0.34071
0.41317,0.22399,0.34146
0.41376,0.21939,0.3422
0.41436,0.2146,0.34294
0.41495,0.20965,0.34369
0.41554,0.20453,0.34443
0.41614,0.19927,0.34517
0.41673,0.19386,0.34591
0.41732,0.18832,0.34665
0.41791,0.18266,0.34739
0.4185,0.17688,0.34813
0.4191,0.171,0.34887
0.41969,0.16503,0.34961
0.42027,0.15897,0.35034
0.42086,0.15284,0.35108
0.42145,0.14665,0.35181
0.42204,0.1404,0.35255
0.42262,0.13412,0.35328
0.42321,0.12779,0.35401
0.4238,0.12145,0.35474
0.42438,0.1151,0.35547
0.42496,0.10874,0.3562
0.42555,0.10239,0.35693
0.42613,0.096057,0.35766
0.42671,0.089753,0.35839
0.42729,0.083488,0.35911
0.42787,0.07727,0.35983
0.42845,0.071109,0.36056
0.42902,0.065015,0.36128
0.4296,0.058996,0.362
0.43018,0.053062,0.36272
0.43075,0.047221,0.36344
0.43132,0.041482,0.36415
0.4319,0.035854,0.36487
0.43247,0.030344,0.36558
0.43304,0.024961,0.3663
0.43361,0.019712,0.36701
0.43418,0.014604,0.36772
0.43474,0.0096444,0.36843
0.43531,0.0048406,0.36914
0.43587,0.00019859,0.36984
0.43644,-0.0042752,0.37055
0.437,-0.008575,0.37125
0.43756,-0.012695,0.37195
0.43812,-0.01663,0.37265
0.43868,-0.020375,0.37335
0.43924,-0.023926,0.37405
0.43979,-0.027277,0.37474
0.44035,-0.030426,0.37544
0.4409,-0.033368,0.37613
0.44145,-0.0361,0.37682
0.44201,-0.038619,0.37751
0.44256,-0.040923,0.37819
0.4431,-0.043009,0.37888
0.44365,-0.044875,0.37956
0.4442,-0.046519,0.38024
0.44474,-0.047941,0.38092
0.44528,-0.049139,0.3816
0.44582,-0.050112,0.38228
0.44636,-0.050861,0.38295
0.4469,-0.051384,0.38362
0.44744,-0.051683,0.38429
0.44797,-0.051759,0.38496
0.4485,-0.051611,0.38563
0.44903,-0.051241,0.38629
0.44956,-0.050651,0.38696
0.45009,-0.049842,0.38762
0.45062,-0.048816,0.38827
0.45114,-0.047577,0.38893
0.45167,-0.046125,0.38958
0.45219,-0.044464,0.39024
0.45271,-0.042598,0.39089
0.45323,-0.040529,0.39153
0.45374,-0.03826,0.39218
0.45426,-0.035796,0.39282
0.45477,-0.033141,0.39346
0.45528,-0.030298,0.3941
0.45579,-0.027272,0.39474
0.4563,-0.024067,0.39537
0.4568,-0.020688,0.396
0.4573,-0.01714,0.39663
0.4578,-0.013427,0.39726
0.4583,-0.0095549,0.39788
0.4588,-0.0055286,0.3985
0.4593,-0.0013535,0.39912
0.45979,0.0029651,0.39974
0.46028,0.0074218,0.40035
0.46077,0.012011,0.40096
0.46126,0.016727,0.40157
0.46174,0.021564,0.40218
0.46222,0.026517,0.40278
0.4627,0.031579,0.40338
0.46318,0.036745,0.40398
0.46366,0.042009,0.40457
0.46413,0.047365,0.40517
0.46461,0.052807,0.40576
0.46507,0.05833,0.40634
0.46554,0.063927,0.40693
0.46601,0.069593,0.40751
0.46647,0.075322,0.40809
0.46693,0.081109,0.40866
0.46739,0.086947,0.40924
0.46785,0.09283,0.40981
0.4683,0.098754,0.41037
0.46875,0.10471,0.41094
0.4692,0.1107,0.4115
0.46965,0.11671,0.41206
0.47009,0.12274,0.41261
0.47053,0.12879,0.41316
0.47097,0.13484,0.41371
0.47141,0.1409,0.41426
0.47184,0.14695,0.4148
0.47227,0.153,0.41534
0.4727,0.15904,0.41588
0.47313,0.16506,0.41641
0.47355,0.17106,0.41694
0.47397,0.17704,0.41746
0.47439,0.18299,0.41799
0.47481,0.18891,0.41851
0.47522,0.19479,0.41902
0.47563,0.20063,0.41954
0.47604,0.20642,0.42005
0.47644,0.21217,0.42055
0.47684,0.21787,0.42106
0.47724,0.22352,0.42156
0.47764,0.22911,0.42205
0.47804,0.23463,0.42254
0.47843,0.2401,0.42303
0.47881,0.2455,0.42352
0.4792,0.25083,0.424
0.47958,0.2561,0.42448
0.47996,0.26129,0.42495
0.48034,0.2664,0.42542
0.48071,0.27144,0.42589
0.48108,0.27641,0.42635
0.48145,0.28129,0.42681
0.48182,0.28609,0.42727
0.48218,0.29081,0.42772
0.48254,0.29544,0.42817
0.48289,0.29999,0.42862
0.48325,0.30445,0.42906
0.4836,0.30883,0.42949
0.48394,0.31311,0.42993
0.48428,0.31731,0.43036
0.48463,0.32142,0.43078
0.48496,0.32544,0.4312
0.4853,0.32937,0.43162
0.48563,0.33321,0.43203
0.48595,0.33696,0.43244
0.48628,0.34062,0.43285
0.4866,0.34419,0.43325
0.48692,0.34768,0.43365
0.48723,0.35107,0.43404
0.48754,0.35437,0.43443
0.48785,0.35758,0.43481
0.48815,0.3607,0.43519
0.48846,0.36374,0.43557
0.48875,0.36669,0.43594
0.48905,0.36956,0.43631
0.48934,0.37233,0.43667
0.48962,0.37503,0.43703
0.48991,0.37764,0.43739
0.49019,0.38017,0.43774
0.49047,0.38262,0.43808
0.49074,0.38498,0.43842
0.49101,0.38727,0.43876
0.49127,0.38948,0.43909
0.49154,0.39161,0.43942
0.4918,0.39367,0.43974
0.49205,0.39566,0.44006
0.4923,0.39757,0.44038
0.49255,0.39941,0.44069
0.4928,0.40118,0.44099
0.49304,0.40288,0.44129
0.49327,0.40452,0.44159
0.49351,0.40609,0.44188
0.49373,0.40759,0.44217
0.49396,0.40904,0.44245
0.49418,0.41042,0.44273
0.4944,0.41175,0.443
0.49461,0.41301,0.44327
0.49482,0.41422,0.44353
0.49503,0.41538,0.44379
0.49523,0.41648,0.44404
0.49543,0.41754,0.44429
0.49563,0.41854,0.44453
0.49582,0.41949,0.44477
0.496,0.4204,0.445
0.49619,0.42126,0.44523
0.49636,0.42208,0.44546
0.49654,0.42286,0.44567
0.49671,0.42359,0.44589
0.49688,0.42429,0.4461
0.49704,0.42495,0.4463
0.4972,0.42557,0.4465
0.49735,0.42616,0.44669
0.4975,0.42671,0.44688
0.49765,0.42723,0.44706
0.49779,0.42772,0.44724
0.49793,0.42818,0.44741
0.49806,0.42861,0.44757
0.49819,0.42902,0.44774
0.49831,0.4294,0.44789
0.49843,0.42976,0.44804
0.49855,0.43009,0.44819
0.49866,0.4304,0.44833
0.49877,0.43068,0.44846
0.49887,0.43095,0.44859
0.49897,0.4312,0.44871
0.49907,0.43143,0.44883
0.49916,0.43164,0.44894
0.49924,0.43184,0.44905
0.49932,0.43202,0.44915
0.4994,0.43219,0.44925
0.49947,0.43234,0.44934
0.49954,0.43248,0.44942
0.4996,0.43261,0.4495
0.49966,0.43272,0.44957
0.49971,0.43282,0.44964
0.49976,0.43292,0.4497
0.49981,0.433,0.44976
0.49985,0.43307,0.44981
0.49988,0.43313,0.44985
0.49991,0.43319,0.44989
0.49994,0.43323,0.44993
0.49996,0.43327,0.44995
0.49998,0.4333,0.44997
0.49999,0.43332,0.44999
0.5,0.43333,0.45
