1.5931,-2.0944,1.7881,-2.0944,-0.22375,1.4854,0
1.5931,-2.0944,1.7881,-2.0944,-0.22375,1.4854,0
1.5931,-2.0948,1.7878,-2.0944,-0.22391,1.4854,-0.00041376
1.5932,-2.0957,1.7873,-2.0943,-0.22421,1.4854,-0.0012062
1.5934,-2.0969,1.7865,-2.0942,-0.22463,1.4854,-0.0023452
1.5935,-2.0985,1.7855,-2.0941,-0.22515,1.4854,-0.0038016
1.5938,-2.1004,1.7844,-2.094,-0.22574,1.4855,-0.0055487
1.594,-2.1017,1.7834,-2.0938,-0.22583,1.4853,-0.0071197
1.5941,-2.1026,1.7824,-2.0937,-0.22538,1.485,-0.0085196
1.5942,-2.103,1.7817,-2.0936,-0.22488,1.4847,-0.0097618
1.5942,-2.1031,1.7811,-2.0935,-0.22481,1.4844,-0.010857
1.5941,-2.1028,1.7807,-2.0933,-0.22447,1.4844,-0.011201
1.5938,-2.102,1.7804,-2.0931,-0.22418,1.4847,-0.010885
1.5934,-2.1007,1.7804,-2.093,-0.22422,1.4851,-0.0099753
1.593,-2.0989,1.7806,-2.0928,-0.22453,1.4856,-0.0085159
1.5925,-2.0966,1.781,-2.0927,-0.22482,1.486,-0.0065345
1.592,-2.0938,1.7817,-2.0925,-0.22587,1.4865,-0.0037542
1.5913,-2.0909,1.7826,-2.0924,-0.22753,1.4869,-0.00018582
1.5905,-2.0877,1.7835,-2.0923,-0.22821,1.4872,0.0041352
1.5897,-2.0842,1.7841,-2.092,-0.22774,1.4874,0.0091463
1.5888,-2.0805,1.7847,-2.0918,-0.22628,1.4874,0.014782
1.5881,-2.0768,1.785,-2.0916,-0.22372,1.487,0.020795
1.5874,-2.0733,1.7855,-2.0914,-0.22207,1.4864,0.027081
1.5868,-2.0701,1.7862,-2.0913,-0.2213,1.4857,0.033582
1.5862,-2.0673,1.7868,-2.0912,-0.22135,1.4852,0.040252
1.5855,-2.0647,1.7875,-2.0911,-0.22214,1.485,0.04706
1.5848,-2.0623,1.7878,-2.0909,-0.22234,1.4852,0.053999
1.5839,-2.06,1.7879,-2.0906,-0.22181,1.4857,0.061055
1.5831,-2.0578,1.7878,-2.0903,-0.22109,1.4864,0.068206
1.5822,-2.0558,1.7877,-2.09,-0.22089,1.4871,0.075434
1.5813,-2.054,1.7877,-2.0897,-0.22135,1.4876,0.082727
1.5805,-2.052,1.788,-2.0896,-0.22239,1.4879,0.089756
1.5796,-2.0498,1.7884,-2.0895,-0.22394,1.4879,0.09657
1.5787,-2.0475,1.789,-2.0894,-0.22596,1.4876,0.10321
1.5778,-2.045,1.7898,-2.0895,-0.2284,1.4872,0.1097
1.5768,-2.0424,1.7907,-2.0895,-0.23122,1.4865,0.11609
1.5757,-2.0394,1.7918,-2.0897,-0.23413,1.4858,0.12221
1.5745,-2.036,1.793,-2.0898,-0.23712,1.4848,0.12811
1.5732,-2.0322,1.7944,-2.09,-0.2402,1.4838,0.13382
1.5718,-2.0281,1.796,-2.0903,-0.24334,1.4826,0.13939
1.5703,-2.0237,1.7977,-2.0906,-0.24656,1.4814,0.14482
1.5686,-2.0188,1.7995,-2.0908,-0.24956,1.4802,0.15013
1.5668,-2.0135,1.8014,-2.0911,-0.25237,1.4789,0.15535
1.5648,-2.0078,1.8035,-2.0914,-0.25502,1.4778,0.16052
1.5626,-2.0016,1.8056,-2.0917,-0.25752,1.4766,0.16566
1.5602,-1.9952,1.8078,-2.0921,-0.25989,1.4755,0.17078
1.5576,-1.9884,1.8101,-2.0924,-0.26197,1.4745,0.17597
1.5548,-1.9812,1.8124,-2.0927,-0.2638,1.4736,0.18122
1.5518,-1.9738,1.8148,-2.093,-0.26539,1.4729,0.18653
1.5487,-1.9661,1.8172,-2.0933,-0.26679,1.4723,0.19189
1.5453,-1.9582,1.8197,-2.0936,-0.26802,1.4719,0.1973
1.5417,-1.9501,1.8222,-2.0939,-0.26904,1.4716,0.20282
1.5379,-1.9419,1.8246,-2.0942,-0.26988,1.4714,0.20845
1.5339,-1.9336,1.8271,-2.0944,-0.27056,1.4714,0.21415
1.5298,-1.9253,1.8295,-2.0947,-0.27111,1.4716,0.21993
1.5254,-1.9168,1.832,-2.095,-0.27153,1.4719,0.22577
1.5209,-1.9085,1.8344,-2.0953,-0.27189,1.4723,0.2317
1.5162,-1.9002,1.8368,-2.0956,-0.27218,1.4727,0.23771
1.5114,-1.892,1.8391,-2.0959,-0.27241,1.4732,0.24378
1.5063,-1.884,1.8414,-2.0963,-0.27261,1.4738,0.2499
1.5012,-1.876,1.8436,-2.0966,-0.27277,1.4745,0.25607
1.4959,-1.8683,1.8458,-2.097,-0.27292,1.4751,0.26228
1.4905,-1.8608,1.8479,-2.0975,-0.27305,1.4755,0.26854
1.485,-1.8535,1.8499,-2.0979,-0.27318,1.4759,0.27481
1.4794,-1.8465,1.8518,-2.0985,-0.27329,1.4762,0.28111
1.4736,-1.8396,1.8537,-2.099,-0.2734,1.4765,0.28741
1.4678,-1.833,1.8555,-2.0996,-0.27348,1.4765,0.29368
1.4618,-1.8267,1.8571,-2.1003,-0.27356,1.4762,0.29989
1.4558,-1.8207,1.8587,-2.101,-0.27362,1.4757,0.30606
1.4497,-1.8149,1.8601,-2.1017,-0.27367,1.475,0.31216
1.4435,-1.8093,1.8615,-2.1025,-0.27371,1.4741,0.31821
1.4372,-1.804,1.8627,-2.1034,-0.27371,1.4729,0.32413
1.4308,-1.7989,1.8639,-2.1043,-0.27369,1.4712,0.32993
1.4243,-1.794,1.8649,-2.1053,-0.27364,1.4693,0.3356
1.4177,-1.7894,1.8659,-2.1063,-0.27358,1.467,0.34116
1.4109,-1.7849,1.8667,-2.1074,-0.2735,1.4645,0.34661
1.4041,-1.7805,1.8675,-2.1085,-0.27338,1.4616,0.3519
1.3971,-1.7763,1.8682,-2.1096,-0.27325,1.4583,0.35705
1.39,-1.7722,1.8688,-2.1108,-0.27309,1.4547,0.36208
1.3827,-1.7682,1.8693,-2.1121,-0.27293,1.4508,0.36698
1.3753,-1.7644,1.8697,-2.1133,-0.27278,1.4466,0.37177
1.3676,-1.7605,1.8701,-2.1146,-0.27261,1.4421,0.37646
1.3598,-1.7567,1.8705,-2.1158,-0.27245,1.4373,0.38105
1.3518,-1.7529,1.8708,-2.1171,-0.27229,1.4323,0.38557
1.3436,-1.7491,1.871,-2.1184,-0.27216,1.427,0.39001
1.3352,-1.7454,1.8712,-2.1197,-0.27205,1.4215,0.3944
1.3265,-1.7416,1.8714,-2.121,-0.27195,1.4159,0.39878
1.3175,-1.7378,1.8716,-2.1222,-0.27187,1.4101,0.40316
1.3083,-1.7339,1.8717,-2.1234,-0.27182,1.4041,0.40755
1.2988,-1.7299,1.8718,-2.1245,-0.27179,1.398,0.41194
1.2891,-1.7259,1.8719,-2.1256,-0.2718,1.3919,0.41636
1.279,-1.7218,1.8719,-2.1267,-0.27181,1.3857,0.42032
1.2687,-1.7176,1.872,-2.1276,-0.27182,1.3795,0.42366
1.258,-1.7134,1.872,-2.1285,-0.27185,1.3734,0.42625
1.2471,-1.709,1.872,-2.1293,-0.27188,1.3673,0.42804
1.2359,-1.7046,1.8719,-2.13,-0.27194,1.3612,0.42901
1.2243,-1.7001,1.8718,-2.1305,-0.27199,1.3552,0.42945
1.2124,-1.6954,1.8717,-2.131,-0.27205,1.3492,0.42941
1.2002,-1.6907,1.8716,-2.1313,-0.27212,1.3434,0.42895
1.1878,-1.686,1.8714,-2.1314,-0.2722,1.3376,0.42813
1.175,-1.6811,1.8712,-2.1314,-0.27229,1.332,0.42705
1.162,-1.6762,1.871,-2.1313,-0.2724,1.3263,0.42642
1.1487,-1.6712,1.8707,-2.131,-0.27251,1.3208,0.42622
1.1351,-1.6662,1.8704,-2.1305,-0.27264,1.3153,0.42643
1.1213,-1.6611,1.87,-2.1299,-0.27279,1.3099,0.42702
1.1073,-1.656,1.8696,-2.1291,-0.27296,1.3046,0.42794
1.0931,-1.6508,1.8692,-2.1282,-0.27312,1.2993,0.42948
1.0788,-1.6457,1.8687,-2.127,-0.27329,1.2939,0.43152
1.0643,-1.6405,1.8682,-2.1258,-0.27346,1.2885,0.43392
1.0496,-1.6353,1.8676,-2.1243,-0.27363,1.2831,0.43655
1.0348,-1.6301,1.8669,-2.1226,-0.27381,1.2778,0.43926
1.02,-1.6249,1.8663,-2.1208,-0.27398,1.2723,0.44199
1.0051,-1.6198,1.8655,-2.1189,-0.27413,1.2666,0.4446
0.9901,-1.6146,1.8647,-2.1168,-0.27426,1.2608,0.447
0.97513,-1.6095,1.8638,-2.1145,-0.27439,1.2549,0.4491
0.96013,-1.6044,1.8629,-2.1121,-0.2745,1.249,0.45083
0.94519,-1.5993,1.862,-2.1095,-0.27458,1.2427,0.45228
0.93032,-1.5943,1.8609,-2.1068,-0.27461,1.2363,0.45342
0.91552,-1.5893,1.8598,-2.104,-0.27462,1.2296,0.45423
0.90081,-1.5844,1.8587,-2.101,-0.2746,1.2227,0.45471
0.88618,-1.5795,1.8576,-2.0979,-0.27455,1.2158,0.45488
0.87172,-1.5746,1.8563,-2.0947,-0.27448,1.2085,0.45456
0.85742,-1.5697,1.8551,-2.0914,-0.27438,1.2008,0.45412
0.8433,-1.5649,1.8538,-2.088,-0.27427,1.193,0.45403
0.82936,-1.5602,1.8525,-2.0846,-0.27412,1.1849,0.45435
0.8156,-1.5554,1.8512,-2.081,-0.27396,1.1767,0.45474
0.80209,-1.5507,1.8498,-2.0774,-0.27377,1.1681,0.45453
0.78882,-1.546,1.8485,-2.0738,-0.27357,1.1592,0.454
0.7758,-1.5413,1.8472,-2.0701,-0.27335,1.1501,0.45373
0.76305,-1.5366,1.8458,-2.0664,-0.2731,1.1408,0.45398
0.75055,-1.532,1.8445,-2.0626,-0.27283,1.1314,0.45446
0.73835,-1.5273,1.8432,-2.0589,-0.27255,1.1217,0.45428
0.72646,-1.5226,1.8419,-2.0551,-0.27226,1.1118,0.4537
0.71487,-1.5179,1.8407,-2.0514,-0.27195,1.1017,0.45335
0.70361,-1.5132,1.8395,-2.0477,-0.27163,1.0915,0.45358
0.69266,-1.5085,1.8383,-2.044,-0.27129,1.0813,0.45411
0.68206,-1.5037,1.8372,-2.0404,-0.27094,1.0708,0.45391
0.6718,-1.4989,1.8362,-2.0368,-0.27058,1.0603,0.45326
0.6619,-1.494,1.8352,-2.0333,-0.27022,1.0496,0.45287
0.65236,-1.4891,1.8343,-2.0299,-0.26985,1.039,0.45313
0.6432,-1.4841,1.8335,-2.0266,-0.26947,1.0283,0.45372
0.63441,-1.4791,1.8327,-2.0234,-0.2691,1.0176,0.45346
0.62602,-1.474,1.8321,-2.0203,-0.26874,1.0068,0.4527
0.61803,-1.4688,1.8315,-2.0173,-0.26839,0.99608,0.45228
0.61045,-1.4636,1.8311,-2.0145,-0.26805,0.98538,0.45258
0.60329,-1.4583,1.8307,-2.0118,-0.26771,0.97476,0.45326
0.59656,-1.4529,1.8304,-2.0093,-0.26739,0.96417,0.45294
0.59026,-1.4474,1.8302,-2.0069,-0.2671,0.95362,0.45205
0.58442,-1.4418,1.8301,-2.0048,-0.26681,0.94315,0.45155
0.57903,-1.4362,1.8301,-2.0028,-0.26654,0.93279,0.45191
0.57411,-1.4304,1.8302,-2.001,-0.26628,0.92255,0.4527
0.56965,-1.4246,1.8304,-1.9995,-0.26602,0.91254,0.45251
0.56565,-1.4187,1.8307,-1.9981,-0.26576,0.90287,0.45163
0.56212,-1.4128,1.8311,-1.9968,-0.26548,0.89359,0.45103
0.55904,-1.4067,1.8316,-1.9958,-0.26519,0.88476,0.45129
0.55644,-1.4006,1.8321,-1.9949,-0.26487,0.87644,0.45209
0.55432,-1.3944,1.8328,-1.9942,-0.26454,0.86859,0.45198
0.55269,-1.3882,1.8335,-1.9937,-0.26418,0.86123,0.45119
0.55157,-1.3819,1.8343,-1.9934,-0.26381,0.85439,0.45058
0.55094,-1.3755,1.8352,-1.9933,-0.2634,0.8481,0.45076
0.55083,-1.3691,1.8362,-1.9933,-0.26297,0.84234,0.45148
0.55128,-1.3626,1.8373,-1.9936,-0.26255,0.83691,0.4515
0.55229,-1.356,1.8384,-1.9942,-0.26213,0.83182,0.45086
0.55387,-1.3493,1.8395,-1.995,-0.26171,0.82708,0.45029
0.55601,-1.3425,1.8408,-1.996,-0.26129,0.82271,0.45034
0.55874,-1.3356,1.8421,-1.9973,-0.26086,0.81871,0.45092
0.5621,-1.3287,1.8434,-1.9989,-0.26045,0.81477,0.45098
0.5661,-1.3216,1.8447,-2.0007,-0.26004,0.81091,0.45052
0.57073,-1.3144,1.8461,-2.0029,-0.25964,0.80717,0.45004
0.576,-1.3072,1.8475,-2.0054,-0.25924,0.80356,0.45003
0.5819,-1.2998,1.8489,-2.0081,-0.25884,0.8001,0.45045
0.58848,-1.2922,1.8503,-2.0111,-0.25844,0.79647,0.45052
0.59575,-1.2846,1.8516,-2.0144,-0.25803,0.79272,0.45021
0.60368,-1.2768,1.853,-2.018,-0.2576,0.7889,0.44986
0.61228,-1.2689,1.8544,-2.0219,-0.25716,0.78504,0.44982
0.62154,-1.2608,1.8558,-2.026,-0.25671,0.78117,0.4501
0.63149,-1.2526,1.8571,-2.0304,-0.25623,0.77709,0.45013
0.64211,-1.2443,1.8584,-2.035,-0.25572,0.77286,0.4499
0.65339,-1.2358,1.8596,-2.0399,-0.25518,0.76852,0.44967
0.66534,-1.2272,1.8608,-2.0449,-0.25461,0.76409,0.44967
0.67792,-1.2184,1.8621,-2.05,-0.254,0.7596,0.44987
0.69117,-1.2094,1.8632,-2.0553,-0.25335,0.75485,0.4511
0.70506,-1.2003,1.8644,-2.0608,-0.25267,0.74985,0.45324
0.71958,-1.191,1.8655,-2.0664,-0.25195,0.74458,0.45555
0.73474,-1.1815,1.8666,-2.0721,-0.2512,0.73904,0.45667
0.75051,-1.1719,1.8676,-2.0778,-0.25041,0.73322,0.4567
0.76687,-1.162,1.8687,-2.0836,-0.24961,0.72723,0.45576
0.78379,-1.152,1.8697,-2.0894,-0.24877,0.72103,0.45394
0.80126,-1.1418,1.8707,-2.0951,-0.24792,0.71459,0.45132
0.81927,-1.1314,1.8717,-2.1008,-0.24704,0.70789,0.44798
0.83779,-1.1208,1.8727,-2.1065,-0.24614,0.7009,0.44453
0.85675,-1.11,1.8738,-2.112,-0.24524,0.69387,0.44245
0.87613,-1.0991,1.8748,-2.1173,-0.24434,0.68673,0.44159
0.89591,-1.088,1.876,-2.1225,-0.24345,0.67945,0.44182
0.91604,-1.0767,1.8771,-2.1274,-0.24255,0.67196,0.44304
0.93651,-1.0653,1.8783,-2.1322,-0.24165,0.66423,0.44514
0.95718,-1.0538,1.8796,-2.1366,-0.24078,0.6567,0.44604
0.97804,-1.0421,1.881,-2.1406,-0.23994,0.64929,0.44587
0.99904,-1.0303,1.8825,-2.1443,-0.23913,0.64191,0.44472
1.0201,-1.0185,1.8841,-2.1477,-0.23834,0.63448,0.4427
1.0413,-1.0066,1.8859,-2.1506,-0.23757,0.62694,0.43989
1.0624,-0.9946,1.8879,-2.1531,-0.23685,0.61984,0.43838
1.0833,-0.9826,1.89,-2.155,-0.23618,0.61308,0.43806
1.104,-0.9706,1.8924,-2.1565,-0.23556,0.60655,0.4388
1.1246,-0.95862,1.895,-2.1574,-0.23498,0.60016,0.44049
1.1448,-0.94668,1.8978,-2.1579,-0.23444,0.59383,0.44306
1.1647,-0.93482,1.901,-2.1578,-0.23395,0.5881,0.4444
1.184,-0.92306,1.9044,-2.157,-0.2335,0.58286,0.44465
1.2029,-0.91143,1.9082,-2.1557,-0.23311,0.578,0.44392
1.2212,-0.89994,1.9123,-2.1539,-0.23276,0.57342,0.44231
1.2389,-0.88862,1.9167,-2.1515,-0.23245,0.56906,0.43994
1.2558,-0.8776,1.9216,-2.1484,-0.2322,0.56561,0.43883
1.272,-0.8669,1.927,-2.1447,-0.23203,0.56309,0.43813
1.2873,-0.85653,1.9328,-2.1403,-0.23193,0.56147,0.43746
1.3018,-0.84649,1.9391,-2.1352,-0.23192,0.5607,0.43688
1.3154,-0.83681,1.9458,-2.1296,-0.23198,0.56071,0.43637
1.328,-0.82756,1.953,-2.1234,-0.23209,0.56158,0.43582
1.3398,-0.81874,1.9606,-2.1166,-0.23224,0.56319,0.43528
1.3506,-0.81032,1.9686,-2.1093,-0.23242,0.56539,0.43475
1.3605,-0.80228,1.977,-2.1016,-0.23265,0.56807,0.43422
1.3695,-0.79461,1.9858,-2.0935,-0.2329,0.57108,0.4337
1.3777,-0.78736,1.9948,-2.0851,-0.23308,0.57387,0.4334
1.3851,-0.78051,2.0039,-2.0764,-0.2332,0.57635,0.43309
1.3918,-0.77401,2.0132,-2.0677,-0.23326,0.57849,0.43281
1.3976,-0.76785,2.0227,-2.0587,-0.23329,0.58025,0.43254
1.4028,-0.76199,2.0323,-2.0497,-0.23328,0.58161,0.4323
1.4073,-0.75654,2.0418,-2.0407,-0.23314,0.58208,0.43238
1.4113,-0.75147,2.0513,-2.0318,-0.23291,0.58173,0.43244
1.4147,-0.74674,2.0606,-2.0229,-0.23261,0.58066,0.43251
1.4176,-0.74232,2.0698,-2.0141,-0.23226,0.57899,0.43261
1.42,-0.7382,2.0789,-2.0054,-0.23188,0.57684,0.43272
1.422,-0.73455,2.0877,-1.9968,-0.23145,0.57417,0.43294
1.4237,-0.73133,2.0962,-1.9884,-0.23098,0.57115,0.43316
1.425,-0.72849,2.1043,-1.98,-0.2305,0.5679,0.43339
1.426,-0.72601,2.1122,-1.9718,-0.23003,0.5646,0.43362
1.4266,-0.72385,2.1197,-1.9637,-0.22959,0.56138,0.43386
1.4271,-0.72213,2.1267,-1.9558,-0.22912,0.5583,0.43415
1.4274,-0.72083,2.1333,-1.948,-0.22863,0.55548,0.43443
1.4276,-0.71987,2.1394,-1.9404,-0.22816,0.55302,0.43472
1.4276,-0.71923,2.145,-1.9329,-0.22771,0.551,0.43501
1.4275,-0.71885,2.1503,-1.9256,-0.2273,0.54948,0.4353
1.4273,-0.71874,2.1549,-1.9185,-0.2269,0.54815,0.43559
1.4271,-0.71885,2.159,-1.9118,-0.22655,0.54702,0.43589
1.4269,-0.71914,2.1626,-1.9054,-0.22627,0.54609,0.43618
1.4267,-0.71957,2.1657,-1.8993,-0.22608,0.54537,0.43648
1.4264,-0.7201,2.1683,-1.8936,-0.226,0.54485,0.43677
1.4261,-0.72065,2.1704,-1.8883,-0.22581,0.5441,0.43705
1.4258,-0.72121,2.172,-1.8835,-0.22554,0.54313,0.43731
1.4256,-0.72174,2.1731,-1.8791,-0.22523,0.542,0.43756
1.4253,-0.72223,2.1738,-1.8752,-0.22491,0.54071,0.43779
1.425,-0.72266,2.174,-1.8718,-0.22461,0.53929,0.438
1.4246,-0.72292,2.1739,-1.869,-0.22417,0.53735,0.43819
1.4242,-0.723,2.1733,-1.8667,-0.22362,0.53492,0.43836
1.4237,-0.7229,2.1725,-1.865,-0.22303,0.53206,0.4385
1.4232,-0.72263,2.1713,-1.8638,-0.22247,0.5288,0.43861
1.4226,-0.72218,2.1697,-1.8632,-0.22196,0.52516,0.43869
1.4218,-0.72144,2.168,-1.8631,-0.22143,0.52095,0.43875
1.421,-0.72041,2.166,-1.8636,-0.22091,0.5162,0.43878
1.42,-0.71911,2.1639,-1.8647,-0.22045,0.51095,0.43878
1.4188,-0.71756,2.1615,-1.8662,-0.22009,0.50522,0.43876
1.4175,-0.71576,2.1589,-1.8683,-0.21985,0.49904,0.43871
1.416,-0.71363,2.1562,-1.8709,-0.21961,0.49248,0.43864
1.4142,-0.7112,2.1535,-1.874,-0.2194,0.48555,0.43856
1.4122,-0.70848,2.1506,-1.8775,-0.21922,0.47827,0.43845
1.41,-0.70548,2.1477,-1.8814,-0.21909,0.47063,0.43833
1.4076,-0.70223,2.1446,-1.8857,-0.21901,0.46265,0.43819
1.4049,-0.69871,2.1414,-1.8904,-0.21887,0.45465,0.43804
1.4019,-0.69493,2.1383,-1.8953,-0.21868,0.44661,0.43787
1.3986,-0.69091,2.1351,-1.9006,-0.21846,0.43849,0.43768
1.395,-0.68667,2.1318,-1.9061,-0.21823,0.43027,0.43749
1.3912,-0.68224,2.1285,-1.9118,-0.21802,0.42191,0.43728
1.387,-0.67766,2.1251,-1.9177,-0.21775,0.41426,0.43707
1.3825,-0.67298,2.1217,-1.9235,-0.21742,0.40728,0.43684
1.3776,-0.6682,2.1182,-1.9294,-0.21704,0.40094,0.43658
1.3725,-0.66335,2.1148,-1.9353,-0.2166,0.39521,0.43629
1.367,-0.65844,2.1112,-1.9412,-0.2161,0.39005,0.43598
1.3612,-0.65358,2.1077,-1.9469,-0.21554,0.38618,0.43559
1.3551,-0.64877,2.104,-1.9524,-0.21492,0.3835,0.4351
1.3486,-0.64402,2.1003,-1.9577,-0.21423,0.38185,0.43445
1.3419,-0.63934,2.0966,-1.9629,-0.21349,0.38109,0.43359
1.3348,-0.63474,2.0929,-1.9678,-0.2127,0.38112,0.43265
1.3275,-0.63029,2.089,-1.9726,-0.2119,0.38215,0.43166
1.3199,-0.62601,2.085,-1.9771,-0.21108,0.38405,0.4306
1.3121,-0.6219,2.0809,-1.9813,-0.21024,0.38671,0.42948
1.304,-0.61796,2.0768,-1.9853,-0.2094,0.39002,0.42828
1.2956,-0.61422,2.0726,-1.9891,-0.20854,0.39388,0.427
1.2871,-0.61073,2.0683,-1.9926,-0.20772,0.39824,0.42579
1.2783,-0.6075,2.0639,-1.9958,-0.20694,0.40299,0.42457
1.2693,-0.60453,2.0594,-1.9988,-0.20618,0.408,0.42349
1.2602,-0.60181,2.0549,-2.0016,-0.20545,0.41315,0.42252
1.2509,-0.59935,2.0503,-2.0041,-0.20475,0.41834,0.42163
1.2414,-0.59718,2.0455,-2.0064,-0.2041,0.42338,0.42083
1.2318,-0.59531,2.0407,-2.0085,-0.2035,0.42818,0.42012
1.2221,-0.59372,2.0358,-2.0104,-0.20293,0.43269,0.41948
1.2123,-0.59241,2.0308,-2.0121,-0.2024,0.43685,0.41891
1.2024,-0.59137,2.0259,-2.0136,-0.2019,0.44064,0.41839
1.1925,-0.59062,2.0208,-2.0149,-0.20141,0.44397,0.41795
1.1825,-0.59016,2.0158,-2.016,-0.20094,0.44682,0.41755
1.1724,-0.58997,2.0107,-2.0169,-0.20048,0.44918,0.41721
1.1624,-0.59006,2.0057,-2.0176,-0.20001,0.45105,0.41688
1.1523,-0.5904,2.0006,-2.0181,-0.19955,0.45243,0.41656
1.1423,-0.59098,1.9957,-2.0185,-0.19918,0.45331,0.4162
1.1322,-0.59179,1.9908,-2.0186,-0.19885,0.45369,0.41587
1.1222,-0.59281,1.986,-2.0186,-0.19853,0.4536,0.41554
1.1123,-0.59405,1.9813,-2.0184,-0.19823,0.45309,0.41522
1.1024,-0.59548,1.9768,-2.018,-0.19793,0.45224,0.41475
1.0925,-0.5971,1.9724,-2.0173,-0.1976,0.45152,0.41424
1.0827,-0.5989,1.9683,-2.0164,-0.19726,0.45097,0.41361
1.073,-0.60085,1.9643,-2.0152,-0.19694,0.45058,0.41289
1.0633,-0.60296,1.9606,-2.0138,-0.19662,0.45038,0.4121
1.0538,-0.60518,1.9571,-2.0122,-0.19631,0.45035,0.41125
1.0443,-0.60747,1.9539,-2.0102,-0.19588,0.45082,0.40976
1.035,-0.60979,1.951,-2.0081,-0.19543,0.4517,0.40771
1.0258,-0.61213,1.9484,-2.0057,-0.19498,0.45289,0.40519
1.0168,-0.61446,1.946,-2.0032,-0.19456,0.45429,0.4029
1.008,-0.61676,1.9439,-2.0005,-0.19415,0.45579,0.40064
0.99939,-0.6189,1.9421,-1.9977,-0.19351,0.45744,0.39861
0.99105,-0.62089,1.9406,-1.9949,-0.19283,0.45912,0.39663
0.98298,-0.6227,1.9393,-1.9919,-0.19217,0.46073,0.39431
0.97523,-0.62431,1.9384,-1.989,-0.19155,0.46221,0.39222
0.96782,-0.62573,1.9376,-1.9861,-0.19097,0.4635,0.39036
0.96073,-0.62686,1.9371,-1.9832,-0.19005,0.46464,0.38783
0.95399,-0.62773,1.9369,-1.9803,-0.18907,0.46561,0.38555
0.94763,-0.62832,1.9369,-1.9775,-0.18813,0.46638,0.38326
0.94167,-0.62863,1.9372,-1.9747,-0.18727,0.46693,0.38064
0.93612,-0.62868,1.9376,-1.9721,-0.1865,0.46728,0.3783
0.93097,-0.62846,1.9383,-1.9694,-0.18538,0.46764,0.37549
0.92623,-0.62798,1.9392,-1.9669,-0.18422,0.46801,0.37296
0.92193,-0.62723,1.9402,-1.9643,-0.18314,0.46837,0.3705
0.91807,-0.62624,1.9415,-1.9619,-0.18216,0.46871,0.36809
0.91465,-0.62499,1.9429,-1.9595,-0.18131,0.46903,0.36547
0.91169,-0.62356,1.9445,-1.9572,-0.18057,0.4697,0.36412
0.90917,-0.62195,1.9463,-1.9549,-0.17992,0.47072,0.36394
0.9071,-0.62015,1.9482,-1.9526,-0.17936,0.47205,0.36479
0.90548,-0.61816,1.9502,-1.9503,-0.17887,0.47368,0.36658
0.90431,-0.616,1.9524,-1.9481,-0.17846,0.47558,0.36922
0.90359,-0.61375,1.9546,-1.9459,-0.1781,0.47805,0.37061
0.90332,-0.6114,1.957,-1.9436,-0.1778,0.48105,0.37089
0.90349,-0.60895,1.9595,-1.9413,-0.17754,0.48455,0.37016
0.90409,-0.6064,1.962,-1.9391,-0.17732,0.4885,0.36853
0.90511,-0.60375,1.9647,-1.9368,-0.17716,0.49287,0.36609
0.90655,-0.60107,1.9674,-1.9344,-0.17681,0.4978,0.36487
0.9084,-0.59836,1.9702,-1.932,-0.17638,0.50325,0.3648
0.91065,-0.59562,1.9731,-1.9296,-0.17595,0.50917,0.36576
0.91328,-0.59285,1.976,-1.9271,-0.17559,0.51555,0.36766
0.91628,-0.59005,1.9791,-1.9245,-0.17523,0.52235,0.37003
0.91964,-0.58727,1.9822,-1.9219,-0.17481,0.52954,0.37118
0.92335,-0.5845,1.9854,-1.9193,-0.17437,0.53708,0.37124
0.92738,-0.58175,1.9886,-1.9165,-0.17398,0.54495,0.37032
0.93172,-0.57902,1.992,-1.9137,-0.17362,0.55312,0.36852
0.93636,-0.57632,1.9954,-1.9109,-0.17332,0.56159,0.36593
0.94126,-0.57364,1.9989,-1.9079,-0.17298,0.57014,0.36461
0.94643,-0.57101,2.0026,-1.9049,-0.17267,0.57879,0.36444
0.95183,-0.56842,2.0063,-1.9019,-0.17238,0.58753,0.36532
0.95744,-0.56589,2.0101,-1.8987,-0.17214,0.59635,0.36713
0.96325,-0.56341,2.0141,-1.8955,-0.17193,0.60526,0.36979
0.96924,-0.56099,2.0182,-1.8922,-0.17172,0.61396,0.37121
0.97537,-0.55862,2.0224,-1.8888,-0.17152,0.62247,0.37151
0.98163,-0.55633,2.0267,-1.8853,-0.17131,0.63081,0.37081
0.98801,-0.55411,2.0311,-1.8818,-0.17111,0.639,0.36921
0.99448,-0.55198,2.0357,-1.8781,-0.17095,0.64706,0.36681
1.001,-0.54991,2.0404,-1.8744,-0.17068,0.65462,0.36467
1.0076,-0.54792,2.0452,-1.8706,-0.17034,0.66172,0.36279
1.0142,-0.54602,2.0502,-1.8667,-0.16992,0.66839,0.36112
1.0209,-0.54422,2.0553,-1.8627,-0.16946,0.67467,0.35967
1.0276,-0.54252,2.0605,-1.8586,-0.16896,0.68057,0.3584
1.0342,-0.54092,2.0658,-1.8544,-0.1683,0.68583,0.35729
1.0408,-0.53942,2.0712,-1.8502,-0.16751,0.69051,0.35632
1.0474,-0.53805,2.0767,-1.8458,-0.1666,0.69465,0.35549
1.0539,-0.5368,2.0823,-1.8414,-0.1656,0.69828,0.35479
1.0603,-0.53569,2.0881,-1.8368,-0.16454,0.70145,0.35421
1.0667,-0.53474,2.0938,-1.8321,-0.1633,0.70409,0.35369
1.0729,-0.53394,2.0997,-1.8273,-0.16194,0.70622,0.35324
1.0791,-0.53331,2.1056,-1.8223,-0.16045,0.7079,0.35285
1.0851,-0.53285,2.1116,-1.8173,-0.15887,0.70914,0.35254
1.091,-0.53257,2.1176,-1.812,-0.15722,0.71,0.3523
1.0967,-0.53251,2.1236,-1.8067,-0.15543,0.71053,0.35209
1.1024,-0.53267,2.1296,-1.8011,-0.15353,0.71076,0.35192
1.1078,-0.53304,2.1357,-1.7954,-0.15154,0.71073,0.3518
1.1132,-0.53362,2.1417,-1.7895,-0.14948,0.71044,0.35171
1.1183,-0.53441,2.1477,-1.7835,-0.14736,0.70993,0.35167
1.1233,-0.53546,2.1537,-1.7772,-0.14515,0.70936,0.35164
1.1282,-0.53676,2.1597,-1.7708,-0.14287,0.70874,0.35164
1.1329,-0.53829,2.1656,-1.7641,-0.14053,0.70808,0.35166
1.1374,-0.54004,2.1714,-1.7573,-0.13815,0.70739,0.3517
1.1418,-0.54202,2.1772,-1.7503,-0.13574,0.70668,0.35177
1.146,-0.54425,2.1829,-1.7431,-0.13329,0.70611,0.35185
1.1501,-0.54671,2.1884,-1.7356,-0.13081,0.70569,0.35193
1.154,-0.5494,2.1939,-1.728,-0.12831,0.70541,0.35203
1.1577,-0.5523,2.1993,-1.7202,-0.1258,0.70526,0.35214
1.1613,-0.55539,2.2046,-1.7122,-0.12328,0.70525,0.35227
1.1648,-0.55869,2.2098,-1.704,-0.12099,0.70544,0.35238
1.1681,-0.56218,2.2149,-1.6957,-0.11869,0.70581,0.35249
1.1713,-0.56584,2.2198,-1.6872,-0.11641,0.70633,0.35259
1.1744,-0.56966,2.2246,-1.6786,-0.11413,0.70696,0.35269
1.1773,-0.5736,2.2293,-1.6698,-0.11186,0.70767,0.35278
1.1801,-0.57767,2.2338,-1.6609,-0.10978,0.70837,0.35282
1.1828,-0.58183,2.2382,-1.652,-0.1077,0.70904,0.35287
1.1853,-0.58607,2.2425,-1.643,-0.10562,0.70964,0.35293
1.1878,-0.59038,2.2467,-1.634,-0.10355,0.71016,0.353
1.1901,-0.59475,2.2507,-1.6249,-0.10149,0.71058,0.35309
1.1924,-0.59916,2.2546,-1.6158,-0.099602,0.71081,0.35317
1.1945,-0.60359,2.2584,-1.6068,-0.097712,0.71084,0.35325
1.1966,-0.60804,2.2621,-1.5977,-0.09583,0.7107,0.35334
1.1985,-0.61251,2.2656,-1.5887,-0.093955,0.71041,0.35342
1.2003,-0.61699,2.2691,-1.5797,-0.092087,0.70999,0.35352
1.202,-0.62147,2.2724,-1.5707,-0.090383,0.70947,0.3536
1.2037,-0.62595,2.2757,-1.5618,-0.088673,0.70887,0.35368
1.2052,-0.63043,2.2788,-1.5529,-0.086971,0.70823,0.35375
1.2066,-0.63491,2.2819,-1.544,-0.085274,0.70758,0.35381
1.2079,-0.63937,2.2848,-1.5351,-0.083583,0.70694,0.35386
1.2091,-0.64383,2.2877,-1.5263,-0.082045,0.7064,0.35389
1.2102,-0.64825,2.2905,-1.5175,-0.080499,0.70597,0.35392
1.2111,-0.65266,2.2933,-1.5087,-0.078961,0.70565,0.35395
1.212,-0.65704,2.2959,-1.5,-0.077428,0.70545,0.35399
1.2128,-0.66139,2.2985,-1.4913,-0.0759,0.70538,0.35403
1.2134,-0.6657,2.3011,-1.4827,-0.074513,0.7054,0.35407
1.214,-0.66995,2.3035,-1.4741,-0.07312,0.70552,0.35412
1.2144,-0.67415,2.306,-1.4657,-0.071733,0.70572,0.35416
1.2148,-0.67828,2.3084,-1.4573,-0.070352,0.70597,0.35422
1.2151,-0.68235,2.3107,-1.4489,-0.068975,0.70628,0.35427
1.2153,-0.68635,2.313,-1.4408,-0.068268,0.70656,0.35432
1.2155,-0.69029,2.3153,-1.4327,-0.068352,0.70683,0.35439
1.2156,-0.69415,2.3176,-1.4248,-0.069138,0.70708,0.35452
1.2157,-0.69794,2.3199,-1.417,-0.070368,0.70733,0.35474
1.2158,-0.70165,2.3222,-1.4093,-0.071701,0.7076,0.35495
1.2157,-0.70524,2.3244,-1.4018,-0.072169,0.70782,0.35522
1.2155,-0.70871,2.3265,-1.3944,-0.071754,0.70803,0.35557
1.2153,-0.71207,2.3286,-1.3872,-0.070656,0.70821,0.35596
1.215,-0.71533,2.3306,-1.38,-0.069223,0.70839,0.35634
1.2147,-0.7185,2.3326,-1.3731,-0.067851,0.70854,0.35672
1.2143,-0.7216,2.3346,-1.3663,-0.067175,0.70862,0.35689
1.2139,-0.72462,2.3365,-1.3597,-0.067292,0.70862,0.35696
1.2136,-0.72757,2.3385,-1.3533,-0.068097,0.70856,0.35698
1.2132,-0.73044,2.3403,-1.347,-0.069323,0.70844,0.35699
1.2128,-0.73322,2.3422,-1.3409,-0.070628,0.70828,0.35702
1.2123,-0.7359,2.3439,-1.3349,-0.071052,0.70809,0.35725
1.2118,-0.73848,2.3456,-1.3291,-0.070582,0.70786,0.3576
1.2113,-0.74095,2.3472,-1.3235,-0.069427,0.70761,0.35801
1.2107,-0.74333,2.3487,-1.318,-0.067946,0.70732,0.3584
1.2101,-0.74564,2.3502,-1.3126,-0.066539,0.70699,0.35876
1.2096,-0.74789,2.3516,-1.3075,-0.065844,0.7066,0.35896
1.2091,-0.75009,2.353,-1.3025,-0.06596,0.70614,0.35906
1.2086,-0.75223,2.3543,-1.2976,-0.066779,0.70563,0.3591
1.2082,-0.75431,2.3556,-1.293,-0.068028,0.70507,0.35913
1.2077,-0.75633,2.3568,-1.2884,-0.069356,0.70447,0.35916
1.2073,-0.75826,2.358,-1.284,-0.069775,0.70396,0.35941
1.2068,-0.76011,2.359,-1.2798,-0.069278,0.70353,0.3598
1.2063,-0.76188,2.36,-1.2756,-0.068081,0.70316,0.36023
1.2058,-0.76358,2.3609,-1.2717,-0.066552,0.70283,0.36065
1.2053,-0.76522,2.3617,-1.2678,-0.065104,0.70252,0.36103
1.2048,-0.76684,2.3625,-1.2641,-0.064779,0.70234,0.36126
1.2044,-0.76843,2.3633,-1.2605,-0.065465,0.70226,0.36141
1.2041,-0.76999,2.364,-1.257,-0.067063,0.70225,0.36152
1.2038,-0.7715,2.3647,-1.2537,-0.068786,0.70233,0.36162
1.2035,-0.77294,2.3654,-1.2504,-0.069712,0.70248,0.3617
1.2031,-0.77431,2.3659,-1.2473,-0.069555,0.7028,0.36188
1.2027,-0.7756,2.3664,-1.2442,-0.06842,0.70325,0.3622
1.2023,-0.77684,2.3667,-1.2412,-0.066669,0.70383,0.36251
1.2019,-0.77803,2.3671,-1.2383,-0.06533,0.70451,0.36279
1.2015,-0.77921,2.3674,-1.2355,-0.065021,0.70528,0.36307
1.2012,-0.78038,2.3678,-1.2328,-0.065731,0.70617,0.36311
1.201,-0.78154,2.3681,-1.2301,-0.066969,0.70718,0.36314
1.2007,-0.78266,2.3684,-1.2276,-0.067992,0.70829,0.36317
1.2004,-0.78372,2.3686,-1.2251,-0.068312,0.70952,0.36323
1.2001,-0.78474,2.3688,-1.2227,-0.067897,0.71084,0.36331
1.1997,-0.78571,2.369,-1.2204,-0.067311,0.71226,0.36338
1.1994,-0.78664,2.3691,-1.2181,-0.066891,0.71378,0.36345
1.1991,-0.78755,2.3693,-1.2159,-0.066827,0.71538,0.36352
1.1988,-0.78842,2.3694,-1.2138,-0.067085,0.71704,0.36358
1.1985,-0.78926,2.3695,-1.2118,-0.067473,0.71877,0.36366
1.1982,-0.79006,2.3696,-1.2098,-0.067444,0.72057,0.36374
1.1979,-0.79082,2.3697,-1.2079,-0.067096,0.72243,0.36381
1.1976,-0.79154,2.3697,-1.206,-0.066674,0.72434,0.36385
1.1972,-0.79224,2.3698,-1.2042,-0.066413,0.7263,0.36388
1.1969,-0.79291,2.3699,-1.2025,-0.06642,0.72829,0.36391
1.1967,-0.79356,2.37,-1.2009,-0.066551,0.73029,0.36393
1.1964,-0.79417,2.37,-1.1993,-0.066717,0.7323,0.36394
1.1961,-0.79476,2.3701,-1.1978,-0.066828,0.73431,0.36395
1.1958,-0.79531,2.3702,-1.1963,-0.06684,0.73634,0.36396
1.1955,-0.79584,2.3703,-1.1949,-0.066767,0.73837,0.36398
1.1952,-0.79633,2.3704,-1.1936,-0.066704,0.74031,0.36399
1.195,-0.79679,2.3704,-1.1923,-0.066703,0.74216,0.36399
1.1947,-0.79722,2.3705,-1.1911,-0.066761,0.74392,0.36399
1.1945,-0.79762,2.3705,-1.19,-0.066822,0.74558,0.36399
1.1942,-0.79799,2.3706,-1.189,-0.066835,0.74715,0.36398
1.194,-0.79832,2.3707,-1.188,-0.066728,0.74857,0.36397
1.1938,-0.79862,2.3707,-1.1871,-0.066608,0.74987,0.36395
1.1936,-0.7989,2.3707,-1.1863,-0.066579,0.75104,0.36393
1.1934,-0.79915,2.3707,-1.1856,-0.066658,0.75208,0.3639
1.1933,-0.79938,2.3708,-1.185,-0.066768,0.753,0.36387
1.1931,-0.79958,2.3708,-1.1844,-0.066665,0.7538,0.36384
1.193,-0.79975,2.3707,-1.1839,-0.06646,0.75449,0.36381
1.1929,-0.7999,2.3707,-1.1835,-0.066338,0.75507,0.36378
1.1929,-0.80003,2.3707,-1.1831,-0.066396,0.75556,0.36375
1.1928,-0.80015,2.3706,-1.1828,-0.066566,0.75594,0.36371
1.1928,-0.80026,2.3705,-1.1825,-0.06649,0.75629,0.36367
1.1928,-0.80035,2.3704,-1.1823,-0.066257,0.7566,0.36363
1.1928,-0.80044,2.3703,-1.1821,-0.066083,0.75688,0.36358
1.1928,-0.80052,2.3702,-1.182,-0.066111,0.75712,0.36351
1.1929,-0.8006,2.3701,-1.182,-0.066298,0.75733,0.36344
