0.22399
0.22399
0.22393
0.2238
0.22362
0.22339
0.22311
0.22291
0.2228
0.22275
0.22276
0.22283
0.22299
0.22324
0.22356
0.22396
0.22442
0.22492
0.22546
0.22606
0.22669
0.22733
0.22792
0.22846
0.22893
0.22936
0.22977
0.23018
0.23058
0.23095
0.23128
0.23163
0.23199
0.23236
0.23274
0.23313
0.23358
0.23408
0.23464
0.23524
0.23588
0.23659
0.23736
0.2382
0.23908
0.24001
0.241
0.24203
0.2431
0.2442
0.24533
0.24648
0.24763
0.24879
0.24996
0.25112
0.25226
0.25337
0.25445
0.25551
0.25654
0.25753
0.25846
0.25935
0.2602
0.261
0.26175
0.26245
0.26311
0.26371
0.26428
0.2648
0.26529
0.26573
0.26613
0.26651
0.26685
0.26717
0.26747
0.26775
0.268
0.26825
0.26849
0.26872
0.26894
0.26915
0.26938
0.2696
0.26984
0.27008
0.27032
0.27059
0.27086
0.27116
0.27146
0.27178
0.27212
0.27248
0.27285
0.27324
0.27365
0.27407
0.27451
0.27496
0.27542
0.27589
0.27637
0.27686
0.27735
0.27785
0.27834
0.27884
0.27934
0.27983
0.28032
0.2808
0.28127
0.28174
0.28219
0.28264
0.28308
0.2835
0.2839
0.28429
0.28467
0.28503
0.28538
0.2857
0.28601
0.28629
0.28656
0.28681
0.28704
0.28724
0.28743
0.28759
0.28773
0.28784
0.28793
0.288
0.28805
0.28807
0.28806
0.28804
0.28798
0.2879
0.2878
0.28767
0.28752
0.28734
0.28713
0.28691
0.28665
0.28638
0.28609
0.28577
0.28543
0.28508
0.2847
0.28429
0.28387
0.28342
0.28294
0.28243
0.28189
0.28132
0.28071
0.28006
0.27937
0.27864
0.27786
0.27703
0.27614
0.2752
0.2742
0.27315
0.27203
0.27084
0.26959
0.26827
0.26688
0.26543
0.2639
0.26231
0.26065
0.25892
0.25712
0.25527
0.25336
0.2514
0.2494
0.24736
0.24529
0.2432
0.24109
0.23898
0.23688
0.2348
0.23275
0.23074
0.22878
0.22689
0.22507
0.22334
0.2217
0.22016
0.21875
0.21746
0.2163
0.21528
0.2144
0.21371
0.2132
0.21287
0.21274
0.21279
0.21303
0.21345
0.21404
0.21479
0.21569
0.2167
0.21782
0.21903
0.22031
0.22165
0.22302
0.22442
0.22582
0.22722
0.22862
0.23
0.23135
0.23266
0.23394
0.23518
0.23636
0.23749
0.23856
0.23956
0.24051
0.24138
0.24218
0.24289
0.24353
0.2441
0.24458
0.24498
0.24531
0.24556
0.24574
0.24585
0.24588
0.24584
0.24574
0.24557
0.24534
0.24504
0.24468
0.24426
0.24377
0.24322
0.24262
0.24195
0.24122
0.24043
0.23958
0.23869
0.23773
0.23672
0.23565
0.23454
0.2334
0.23222
0.231
0.22975
0.22848
0.2272
0.2259
0.22458
0.22326
0.22193
0.2206
0.21927
0.21795
0.21664
0.21534
0.21406
0.21281
0.21157
0.21037
0.2092
0.20806
0.20695
0.20589
0.20487
0.20389
0.20297
0.2021
0.20129
0.20054
0.19985
0.19923
0.19867
0.19818
0.19776
0.19743
0.19718
0.19701
0.19692
0.1969
0.19697
0.1971
0.1973
0.19756
0.19786
0.19819
0.19855
0.19892
0.19931
0.19969
0.20007
0.20044
0.20079
0.20113
0.20144
0.20175
0.20203
0.2023
0.20255
0.20277
0.20299
0.20319
0.20339
0.20357
0.20374
0.20391
0.20409
0.20426
0.20444
0.20462
0.20481
0.20501
0.20522
0.20545
0.20569
0.20595
0.20623
0.20654
0.20686
0.20722
0.20759
0.208
0.20843
0.2089
0.2094
0.20993
0.21049
0.21108
0.21171
0.21238
0.21308
0.2138
0.21456
0.21536
0.21618
0.21703
0.21791
0.21882
0.21975
0.2207
0.22167
0.22266
0.22367
0.22469
0.22573
0.22677
0.22782
0.22887
0.22992
0.23096
0.232
0.23302
0.23403
0.23502
0.23599
0.23694
0.23785
0.23873
0.23958
0.24039
0.24115
0.24188
0.24255
0.24318
0.24376
0.24429
0.24476
0.24518
0.24555
0.24587
0.24613
0.24634
0.24651
0.24663
0.2467
0.24673
0.24671
0.24666
0.24657
0.24645
0.24629
0.24611
0.24589
0.24564
0.24537
0.24508
0.24476
0.24442
0.24406
0.24369
0.2433
0.24289
0.24246
0.24203
0.24159
0.24114
0.24068
0.24022
0.23976
0.2393
0.23883
0.23836
0.23789
0.23741
0.23694
0.23648
0.23602
0.23556
0.23512
0.23467
0.23423
0.2338
0.23336
0.23294
0.23252
0.23212
0.23172
0.23134
0.23097
0.23061
0.23025
0.2299
0.22957
0.22924
0.22892
0.22862
0.22832
0.22804
0.22776
0.2275
0.22724
0.22698
0.22674
0.22651
0.22629
0.22608
0.22587
0.22568
0.22549
0.2253
0.22513
0.22497
0.22481
0.22466
0.22452
0.22438
0.22426
0.22413
0.22402
0.22391
0.22381
0.22371
0.22362
0.22353
0.22345
0.22338
0.22331
0.22324
0.22319
0.22313
0.22309
0.22305
0.22301
0.22298
0.22295
0.22293
0.22291
0.2229
0.22289
