0.058687,18.286,-11.029,-8.0363,-0.71596,-0.028573,0.00010924
0.058466,18.496,-11.006,-8.047,-0.70333,-0.02788,8.2369e-05
0.055797,18.685,-10.986,-8.0595,-0.69188,-0.027682,5.915e-05
0.051258,18.856,-10.969,-8.0735,-0.68147,-0.027929,3.9198e-05
0.04527,19.009,-10.954,-8.0892,-0.67197,-0.028575,2.2125e-05
0.4429,24.814,-11.975,-8.045,-0.45173,-0.031288,-0.0004984
0.34272,24.484,-11.956,-8.0336,-0.45366,-0.032887,-0.00031154
0.02134,23.567,-11.504,-8.1079,-0.55191,-0.032723,-0.00070178
-0.3125,22.697,-11.062,-8.1778,-0.64718,-0.031994,-0.0010971
-0.44713,23.601,-11.675,-8.0354,-0.50871,-0.023529,0.0020152
-0.36191,24.273,-11.66,-8.045,-0.56419,-0.023916,0.00090462
-0.2121,24.035,-11.466,-8.0931,-0.61583,-0.02296,0.00040702
0.06492,24.028,-11.511,-8.0945,-0.60938,-0.02301,0.00039326
0.41051,24.331,-11.773,-8.0503,-0.55895,-0.024007,0.00068683
-0.70844,23.269,-10.983,-8.1884,-0.69969,-0.043093,0.0007653
-0.68477,21.76,-10.773,-8.1955,-0.69356,-0.042849,0.0016821
-0.089432,23.475,-12.126,-7.9095,-0.39529,-0.045665,0.0033103
0.043281,23.517,-12.266,-7.875,-0.3676,-0.045554,0.0033559
-0.019033,23.162,-12.132,-7.89,-0.40454,-0.043305,0.0030436
0.99048,21.906,-11.834,-7.8729,-0.40469,-0.036948,0.002873
0.16733,18.972,-10.123,-8.205,-0.80807,-0.027426,0.00077139
-0.22149,18.613,-10.195,-8.1388,-0.81507,-0.019124,0.00082771
-0.57861,18.58,-10.303,-8.0752,-0.81028,-0.011963,0.00076686
-0.81356,18.848,-10.436,-8.0208,-0.79469,-0.007323,0.00061642
-0.60125,20.961,-11.892,-7.671,-0.5467,-0.00037434,0.0019544
-0.47457,21.309,-11.971,-7.6527,-0.50975,-0.0027989,0.0018799
-0.41824,20.781,-11.433,-7.7729,-0.61234,-0.0077167,0.0010815
-0.34441,20.075,-10.8,-7.9162,-0.74178,-0.013762,0.00021416
-0.15768,19.974,-10.645,-7.9586,-0.77238,-0.019465,-2.1335e-05
-0.21431,22.27,-11.095,-7.9896,-0.71645,-0.027352,-0.0024435
-0.26127,22.224,-11.123,-7.964,-0.70773,-0.025947,-0.0021304
-0.30628,22.183,-11.149,-7.9403,-0.69948,-0.024198,-0.0018669
-0.34991,22.148,-11.175,-7.9181,-0.69165,-0.022163,-0.0016439
-0.39259,22.118,-11.199,-7.8972,-0.68421,-0.01989,-0.0014543
-0.4813,24.44,-11.824,-7.7718,-0.59872,-0.019894,-0.0027686
-0.5338,24.221,-11.79,-7.7655,-0.5997,-0.017116,-0.0024647
-0.58575,24.026,-11.763,-7.7557,-0.60064,-0.013964,-0.0022101
-0.63741,23.852,-11.741,-7.7425,-0.60155,-0.010498,-0.001996
-0.68901,23.698,-11.723,-7.7263,-0.60241,-0.0067671,-0.0018155
-0.96744,25.166,-12.21,-7.5915,-0.53093,-0.0050476,-0.0020526
-1.0103,24.908,-12.154,-7.5826,-0.53884,-0.00049448,-0.0017894
-1.0562,24.679,-12.107,-7.5684,-0.54637,0.00422,-0.0015697
-1.1047,24.475,-12.068,-7.5492,-0.55354,0.0090648,-0.0013861
-1.1555,24.295,-12.036,-7.5253,-0.56036,0.014012,-0.0012324
-1.4748,24.592,-12.222,-7.4243,-0.52763,0.016276,-0.00081792
-1.5045,24.414,-12.183,-7.4007,-0.5379,0.022307,-0.00077027
-1.5396,24.257,-12.152,-7.3721,-0.54763,0.028165,-0.00072992
-1.5794,24.12,-12.126,-7.3387,-0.55685,0.033863,-0.00069565
-1.6232,24,-12.106,-7.301,-0.56559,0.03941,-0.00066647
-1.8235,23.319,-12.012,-7.2468,-0.57124,0.039304,-3.4642e-05
-1.8387,23.283,-12.01,-7.2017,-0.57964,0.046037,-9.1551e-05
-1.8611,23.254,-12.01,-7.1536,-0.58754,0.052295,-0.00014059
-1.8895,23.233,-12.013,-7.1027,-0.59496,0.058133,-0.00018282
-1.9232,23.217,-12.017,-7.0492,-0.60196,0.0636,-0.00021915
-1.8827,22.066,-11.765,-7.0284,-0.62881,0.059892,0.00039067
-1.894,22.168,-11.798,-6.9643,-0.63336,0.066591,0.00030636
-1.9134,22.263,-11.83,-6.9001,-0.63756,0.072641,0.00023183
-1.9396,22.352,-11.858,-6.8357,-0.64145,0.078125,0.00016601
-1.9714,22.436,-11.885,-6.7713,-0.64508,0.083116,0.00010796
-1.6951,21.365,-11.623,-6.7816,-0.66656,0.075813,0.00061593
-1.7203,21.562,-11.686,-6.7021,-0.66753,0.082166,0.00053228
-1.7529,21.74,-11.742,-6.626,-0.6684,0.087853,0.00045374
-1.7917,21.903,-11.792,-6.5529,-0.66921,0.092957,0.00038022
-1.8353,22.051,-11.836,-6.4826,-0.67,0.09755,0.00031159
-1.4445,21.449,-11.684,-6.4853,-0.68117,0.090254,0.00045666
-1.5021,21.648,-11.743,-6.4093,-0.68142,0.095939,0.00038376
-1.5639,21.827,-11.795,-6.3374,-0.68161,0.10105,0.00031571
-1.6288,21.988,-11.84,-6.2693,-0.68178,0.10566,0.00025254
-1.6957,22.133,-11.88,-6.2046,-0.68194,0.10984,0.00019422
-1.4022,22.097,-11.866,-6.1894,-0.6812,0.10305,3.5852e-05
-1.4828,22.237,-11.904,-6.1245,-0.6819,0.10822,8.4618e-06
-1.5639,22.362,-11.937,-6.063,-0.68267,0.11297,-1.7447e-05
-1.6446,22.473,-11.965,-6.0045,-0.6835,0.11735,-4.1502e-05
-1.7244,22.571,-11.989,-5.9486,-0.68436,0.12142,-6.3392e-05
-1.6433,22.989,-12.073,-5.9129,-0.67598,0.1165,-0.00035088
-1.7245,23.047,-12.089,-5.8599,-0.67801,0.12148,-0.00032849
-1.8036,23.097,-12.102,-5.8083,-0.68002,0.1262,-0.00030765
-1.8803,23.141,-12.113,-5.758,-0.68196,0.13069,-0.00028768
-1.9542,23.18,-12.122,-5.7085,-0.68377,0.13498,-0.00026804
-2.0917,23.84,-12.261,-5.654,-0.6722,0.13376,-0.00051306
-2.1525,23.822,-12.258,-5.6078,-0.67491,0.13875,-0.00045276
-2.2105,23.806,-12.256,-5.561,-0.67741,0.14359,-0.00039544
-2.2655,23.793,-12.255,-5.5135,-0.67964,0.1483,-0.00034028
-2.3171,23.783,-12.256,-5.4651,-0.68154,0.1529,-0.00028652
-2.6139,24.454,-12.402,-5.3881,-0.66753,0.15392,-0.00038942
-2.6382,24.396,-12.396,-5.3427,-0.6704,0.15896,-0.0003091
-2.6599,24.346,-12.392,-5.2953,-0.67293,0.16394,-0.0002324
-2.6785,24.303,-12.391,-5.2458,-0.67508,0.16885,-0.00015842
-2.6937,24.267,-12.392,-5.1945,-0.67685,0.17369,-8.6455e-05
-3.0198,24.791,-12.531,-5.1064,-0.6621,0.17831,-0.0022707
-3.0091,24.725,-12.525,-5.0574,-0.66484,0.18368,-0.0029035
-2.9955,24.669,-12.522,-5.0059,-0.6674,0.18894,-0.0033228
-2.9782,24.623,-12.521,-4.952,-0.66977,0.19408,-0.0035227
-2.9568,24.585,-12.523,-4.8959,-0.67192,0.19911,-0.0035104
-3.1787,24.841,-12.617,-4.7915,-0.66476,0.19842,-0.0023578
-3.1169,24.798,-12.614,-4.7394,-0.66742,0.20436,-0.002119
-3.0529,24.765,-12.614,-4.6842,-0.66995,0.21008,-0.0018038
-2.9862,24.741,-12.617,-4.6261,-0.67233,0.2156,-0.001432
-2.9158,24.725,-12.622,-4.5654,-0.67454,0.22095,-0.0010243
-2.8134,24.714,-12.623,-4.4871,-0.67263,0.21941,0.0019802
-2.7275,24.721,-12.635,-4.4252,-0.67512,0.22573,0.0020283
-2.638,24.733,-12.648,-4.3609,-0.67747,0.23178,0.0019861
-2.5445,24.751,-12.662,-4.2941,-0.67969,0.23761,0.0018671
-2.4464,24.775,-12.676,-4.2252,-0.68176,0.24324,0.0016867
-2.0603,24.62,-12.647,-4.167,-0.6829,0.23919,0.0031498
-1.9639,24.676,-12.669,-4.0935,-0.68498,0.24591,0.0026622
-1.8622,24.734,-12.69,-4.0184,-0.68699,0.25235,0.0021246
-1.7548,24.794,-12.712,-3.9416,-0.68892,0.25854,0.0015692
-1.6415,24.857,-12.733,-3.8632,-0.69077,0.2645,0.0010253
-1.0233,24.662,-12.693,-3.8227,-0.69435,0.26028,0.00097505
-0.9275,24.758,-12.721,-3.7365,-0.69597,0.2675,0.00047192
-0.82489,24.851,-12.748,-3.6496,-0.69751,0.2744,4.0778e-05
-0.71543,24.943,-12.773,-3.5618,-0.69897,0.281,-0.00030482
-0.59916,25.035,-12.797,-3.4733,-0.70036,0.28735,-0.00055695
0.073606,24.88,-12.765,-3.4307,-0.70279,0.28171,2.7119e-05
0.16877,24.996,-12.794,-3.3355,-0.70405,0.28939,-0.00013203
0.27089,25.108,-12.82,-3.2404,-0.70523,0.2967,-0.00021438
0.37984,25.216,-12.845,-3.1453,-0.70633,0.30366,-0.00022522
0.4954,25.32,-12.867,-3.0501,-0.70733,0.3103,-0.00017219
1.12,25.224,-12.816,-3.0014,-0.71319,0.30368,-0.00082628
1.2162,25.35,-12.85,-2.9009,-0.71255,0.31185,0.00073
1.3183,25.471,-12.881,-2.8006,-0.71161,0.31953,0.0026072
1.4256,25.586,-12.907,-2.7009,-0.71107,0.32677,0.0028617
1.5381,25.696,-12.93,-2.6017,-0.71104,0.33359,0.0013698
2.0167,25.71,-12.899,-2.5589,-0.71421,0.32858,-0.0013561
2.1182,25.827,-12.929,-2.4548,-0.71269,0.33632,-0.00021986
2.225,25.938,-12.956,-2.3511,-0.71047,0.34355,0.0021113
2.3364,26.044,-12.98,-2.2484,-0.70853,0.35033,0.0031503
2.4519,26.146,-12.999,-2.1468,-0.70733,0.35667,0.0019482
2.7844,26.278,-12.993,-2.0872,-0.70788,0.3538,-0.0018266
2.8964,26.374,-13.014,-1.9839,-0.70524,0.3607,-0.00078329
3.0125,26.466,-13.035,-1.8808,-0.7017,0.36709,0.0018149
3.1317,26.554,-13.052,-1.7785,-0.69846,0.37302,0.0031754
3.2538,26.639,-13.064,-1.6774,-0.69618,0.37849,0.002021
3.431,26.791,-13.059,-1.6164,-0.69441,0.37607,-0.0024163
3.5637,26.872,-13.074,-1.5125,-0.69082,0.38184,-0.0012272
3.6977,26.95,-13.087,-1.4089,-0.68616,0.3871,0.0016901
3.8324,27.023,-13.096,-1.3065,-0.68193,0.39189,0.0032063
3.9675,27.093,-13.1,-1.2054,-0.67891,0.39623,0.0019076
4.1071,27.248,-13.097,-1.1316,-0.67882,0.39445,-0.0031723
4.2504,27.312,-13.102,-1.0296,-0.67392,0.39876,-0.0016984
4.3925,27.374,-13.105,-0.92788,-0.6678,0.40259,0.0016739
4.5331,27.432,-13.105,-0.8272,-0.66235,0.40597,0.0033518
4.6719,27.487,-13.099,-0.72791,-0.65851,0.40893,0.001795
4.7948,27.546,-13.066,-0.66224,-0.65832,0.40698,-0.0039944
4.9394,27.602,-13.063,-0.55993,-0.65229,0.40974,-0.0022489
5.0805,27.655,-13.058,-0.45826,-0.64483,0.41205,0.0017127
5.2178,27.704,-13.049,-0.35814,-0.63835,0.41395,0.0036616
5.3512,27.75,-13.034,-0.25988,-0.63401,0.41545,0.001825
5.3157,27.669,-13.007,-0.098104,-0.63485,0.41683,-0.0040451
5.36,27.679,-12.989,0.026793,-0.62772,0.41928,-0.0028055
5.4182,27.691,-12.969,0.14749,-0.61908,0.42104,0.0011588
5.4881,27.705,-12.945,0.26319,-0.61155,0.42218,0.0035911
5.5675,27.718,-12.914,0.37357,-0.60667,0.42277,0.0021725
5.7318,27.582,-12.817,0.43984,-0.60878,0.42019,-0.0038545
5.8178,27.613,-12.79,0.54819,-0.6031,0.41978,-0.0030183
5.9072,27.644,-12.763,0.6523,-0.59595,0.41898,0.00059754
5.9984,27.675,-12.732,0.75166,-0.58982,0.41786,0.0030639
6.09,27.702,-12.696,0.84608,-0.58633,0.41644,0.0019957
6.5016,27.684,-12.635,0.81013,-0.59358,0.41174,-0.0033372
6.5479,27.708,-12.599,0.91206,-0.58915,0.40997,-0.0030945
6.5933,27.729,-12.562,1.0099,-0.58324,0.40796,-0.00019027
6.6368,27.747,-12.522,1.1033,-0.57797,0.40575,0.0021733
6.6773,27.76,-12.477,1.1922,-0.57494,0.40334,0.0016579
7.1641,27.808,-12.441,1.0864,-0.57963,0.39878,-0.0026846
7.1353,27.804,-12.393,1.1914,-0.57638,0.39597,-0.0027728
7.1043,27.796,-12.345,1.2918,-0.57176,0.393,-0.00063637
7.0702,27.782,-12.294,1.3875,-0.56743,0.38986,0.001308
7.0323,27.762,-12.238,1.4786,-0.56473,0.38655,0.0011352
7.3923,27.842,-12.225,1.3874,-0.56446,0.37913,-0.0020266
7.2882,27.797,-12.163,1.4892,-0.56208,0.37605,-0.0022488
7.1799,27.747,-12.101,1.587,-0.55858,0.37264,-0.00084153
7.0665,27.691,-12.037,1.6811,-0.5551,0.36892,0.00060891
6.9476,27.631,-11.97,1.7717,-0.55269,0.36492,0.00061318
6.9892,27.742,-12.018,1.732,-0.55131,0.359,-0.0016666
6.8404,27.647,-11.931,1.8309,-0.54881,0.35432,-0.0017426
6.6814,27.549,-11.848,1.9268,-0.54562,0.34932,-0.00073883
6.5119,27.448,-11.766,2.0199,-0.54256,0.34403,0.00019369
6.3316,27.343,-11.684,2.1106,-0.54035,0.33844,8.8012e-05
6.2509,27.517,-11.715,2.0994,-0.53254,0.32769,0.0034964
6.0838,27.418,-11.628,2.1804,-0.53072,0.32075,0.0030109
5.8971,27.313,-11.542,2.2597,-0.53086,0.31356,-0.00014691
5.6909,27.204,-11.458,2.338,-0.53292,0.30613,-0.0058818
5.4629,27.093,-11.383,2.4172,-0.5305,0.29843,-0.0054337
5.0356,27.203,-11.422,2.4764,-0.52791,0.29971,-0.0050151
4.7943,27.056,-11.335,2.5668,-0.5252,0.28975,-0.0046594
4.5295,26.906,-11.254,2.6569,-0.52249,0.27983,-0.0043392
4.242,26.752,-11.178,2.7473,-0.5197,0.26994,-0.0040468
3.9315,26.595,-11.109,2.8391,-0.51509,0.26006,-0.0015234
3.2698,26.627,-11.13,2.9401,-0.51027,0.2666,0.0044944
2.9644,26.44,-11.053,3.0494,-0.50747,0.25444,0.003903
2.6342,26.248,-10.982,3.1589,-0.50456,0.24271,0.0033752
2.2805,26.05,-10.918,3.2696,-0.50148,0.23137,0.0029062
1.9062,25.845,-10.859,3.3818,-0.49814,0.22037,0.0024919
0.98639,25.703,-10.832,3.5725,-0.50593,0.23312,-0.0063183
0.65998,25.478,-10.771,3.7058,-0.50158,0.2193,-0.0057949
0.31199,25.245,-10.717,3.8382,-0.49717,0.20647,-0.0053141
-0.053328,25.005,-10.668,3.97,-0.4926,0.19451,-0.0048697
-0.43173,24.757,-10.624,4.1016,-0.4878,0.18333,-0.0044531
-1.4976,24.462,-10.626,4.3605,-0.4816,0.20018,0.0041846
-1.7778,24.217,-10.576,4.5082,-0.4765,0.18695,0.0037219
-2.0731,23.963,-10.532,4.6521,-0.47141,0.17509,0.0033216
-2.3773,23.702,-10.493,4.7922,-0.46623,0.16446,0.0029788
-2.6845,23.434,-10.459,4.9288,-0.46089,0.1549,0.0026885
-3.5848,22.927,-10.382,5.2094,-0.46477,0.17047,-0.006043
-3.7724,22.68,-10.342,5.3532,-0.45824,0.1591,-0.0054065
-3.9644,22.43,-10.307,5.4889,-0.45191,0.14931,-0.0048163
-4.1549,22.177,-10.277,5.6168,-0.44572,0.14091,-0.0042677
-4.3386,21.925,-10.25,5.7371,-0.43962,0.13375,-0.0037571
-4.9848,20.65,-9.879,6.1095,-0.43665,0.14846,0.0045528
-5.1094,20.453,-9.8715,6.2883,-0.43561,0.14339,0.00097231
-5.1981,20.292,-9.8694,6.435,-0.43195,0.1389,-0.00038692
-5.2565,20.169,-9.8733,6.552,-0.42626,0.13499,-0.0001204
-5.2886,20.085,-9.8826,6.6419,-0.42017,0.13166,-3.8507e-06
-5.3784,19.343,-9.772,6.6493,-0.41672,0.13954,-0.00031464
-5.3454,19.447,-9.8118,6.7077,-0.40899,0.1352,6.3507e-05
-5.3046,19.585,-9.8575,6.7429,-0.40175,0.13175,0.00018464
-5.2593,19.756,-9.9088,6.7597,-0.39479,0.12913,0.00033232
-5.2123,19.957,-9.9649,6.7627,-0.38819,0.1273,0.00047614
-4.8693,19.706,-10.046,6.4435,-0.37532,0.12406,0.0019095
-4.8562,20.011,-10.112,6.468,-0.37149,0.1235,0.0011152
-4.8483,20.312,-10.177,6.4916,-0.36782,0.12368,0.0012742
-4.844,20.608,-10.238,6.5161,-0.365,0.12449,0.0013203
-4.8424,20.898,-10.295,6.5427,-0.36272,0.12581,0.0013634
-4.3395,20.432,-10.324,6.2654,-0.36122,0.12166,0.0030749
-4.3738,20.778,-10.371,6.3335,-0.3612,0.12373,0.0016594
-4.4093,21.093,-10.41,6.4075,-0.36063,0.12613,0.001756
-4.4424,21.384,-10.443,6.4861,-0.36057,0.12871,0.0016877
-4.4709,21.659,-10.469,6.5677,-0.36057,0.13133,0.0016282
-3.8398,20.613,-10.279,6.4842,-0.37767,0.1354,0.0021211
-3.89,21.015,-10.316,6.595,-0.37575,0.13633,0.0015421
-3.9327,21.399,-10.35,6.7006,-0.37363,0.1374,0.0015091
-3.9673,21.771,-10.382,6.7996,-0.37155,0.13851,0.001423
-3.9942,22.138,-10.413,6.8906,-0.3693,0.13956,0.0013484
-3.3333,21.351,-10.193,6.9105,-0.37629,0.14087,0.0016298
-3.4032,21.837,-10.253,6.9882,-0.37327,0.14141,0.0013207
-3.4625,22.31,-10.313,7.0539,-0.37039,0.14185,0.0012608
-3.5131,22.773,-10.373,7.1075,-0.36771,0.14215,0.0011848
-3.5569,23.229,-10.434,7.1493,-0.36507,0.14229,0.001123
-3.154,23.401,-10.438,6.9409,-0.36314,0.14143,0.0012426
-3.2043,23.883,-10.502,6.9726,-0.36481,0.13933,0.0010866
-3.2548,24.331,-10.565,7.0007,-0.36568,0.13753,0.00096392
-3.3066,24.747,-10.629,7.0263,-0.36523,0.136,0.00088451
-3.3605,25.135,-10.693,7.0502,-0.3632,0.13469,0.00085256
-3.4565,25.956,-10.933,6.8381,-0.31916,0.12765,0.0016994
-3.5015,26.229,-10.974,6.883,-0.32265,0.12665,0.0015774
-3.5358,26.467,-11.009,6.9245,-0.32716,0.12526,0.0014333
-3.5622,26.675,-11.037,6.9634,-0.33188,0.12351,0.0012846
-3.5837,26.855,-11.061,7.0004,-0.3361,0.12146,0.0011476
-3.9692,27.898,-11.365,6.823,-0.28935,0.11367,0.001941
-3.9415,27.934,-11.348,6.8767,-0.29877,0.1112,0.0017045
-3.9078,27.947,-11.325,6.9282,-0.30837,0.10805,0.0014571
-3.8718,27.943,-11.3,6.9783,-0.31713,0.1043,0.0012216
-3.8365,27.923,-11.273,7.0278,-0.32416,0.10001,0.0010179
-4.3013,28.846,-11.522,6.9702,-0.28652,0.092402,0.0015725
-4.228,28.714,-11.473,7.0302,-0.29532,0.087186,0.0013519
-4.1558,28.572,-11.422,7.0905,-0.30212,0.081278,0.0011619
-4.0869,28.423,-11.369,7.1517,-0.30633,0.074779,0.0010168
-4.0225,28.269,-11.315,7.214,-0.3076,0.06777,0.00092527
-4.4309,28.806,-11.451,7.292,-0.26912,0.063625,0.001511
-4.3249,28.572,-11.373,7.3517,-0.2702,0.055547,0.0014298
-4.2212,28.332,-11.293,7.4141,-0.26997,0.046926,0.0013666
-4.1196,28.087,-11.209,7.4792,-0.2683,0.037804,0.0013253
-4.02,27.836,-11.122,7.547,-0.26514,0.028213,0.0013071
-4.2279,27.879,-11.11,7.8097,-0.2335,0.023526,0.0017742
-4.0959,27.587,-11.006,7.8648,-0.23258,0.012482,0.0017102
-3.9621,27.287,-10.894,7.9247,-0.23201,0.0010147,0.0016301
-3.8271,26.981,-10.777,7.989,-0.23138,-0.01083,0.0015432
-3.6917,26.668,-10.655,8.0573,-0.2303,-0.023004,0.0014583
-3.6463,26.003,-10.447,8.4747,-0.21707,-0.011122,0.0016487
-3.5033,25.656,-10.311,8.5871,-0.2133,-0.026695,0.0015913
-3.3619,25.316,-10.175,8.6929,-0.20991,-0.041567,0.0014534
-3.2215,24.982,-10.037,8.7932,-0.20671,-0.055826,0.0014358
-3.0816,24.653,-9.8978,8.8889,-0.20384,-0.06955,0.0014147
-2.7654,23.719,-9.5614,9.2433,-0.20705,-0.058838,0.0010264
-2.6509,23.463,-9.4434,9.3228,-0.20454,-0.075357,0.00090512
-2.5377,23.22,-9.3276,9.3845,-0.20283,-0.090924,0.00062323
-2.4238,22.98,-9.2102,9.4386,-0.20187,-0.10536,0.00033441
-2.3076,22.73,-9.0885,9.4941,-0.20099,-0.11851,0.00085137
-1.956,21.955,-8.8303,9.6294,-0.21582,-0.11684,0.00062924
-1.8508,21.726,-8.7039,9.695,-0.21523,-0.13037,0.0005665
-1.7417,21.491,-8.5749,9.7595,-0.21552,-0.14239,0.00050826
-1.6277,21.252,-8.4434,9.8231,-0.2166,-0.1531,0.00039175
-1.5084,21.022,-8.3121,9.8785,-0.21801,-0.16297,0.00036285
-1.0919,20.251,-8.0094,9.8867,-0.23609,-0.16632,0.00055196
-1.0057,20.108,-7.9101,9.9379,-0.23684,-0.17615,0.00027029
-0.90749,19.965,-7.8065,9.9852,-0.23729,-0.18495,0.00079332
-0.79698,19.822,-7.6983,10.03,-0.23868,-0.19284,0.00066578
-0.67546,19.682,-7.5866,10.072,-0.24033,-0.19993,0.00048945
-0.35622,19.213,-7.4024,10.043,-0.25433,-0.20815,0.00033502
-0.22783,19.104,-7.2874,10.09,-0.2548,-0.21358,0.00021344
-0.091125,18.995,-7.1718,10.136,-0.2553,-0.2185,0.00018002
0.052851,18.89,-7.0562,10.182,-0.2559,-0.223,7.9584e-05
0.20291,18.788,-6.9413,10.228,-0.25648,-0.22712,-2.359e-05
0.48004,18.469,-6.7557,10.223,-0.25989,-0.23043,-9.5531e-05
0.62189,18.402,-6.6578,10.281,-0.26042,-0.23462,-0.00021053
0.76881,18.339,-6.5611,10.336,-0.26077,-0.23838,-0.00032507
0.91964,18.281,-6.4663,10.389,-0.26096,-0.24178,-0.00049763
1.0732,18.229,-6.3746,10.439,-0.26084,-0.24489,-0.00059535
1.2906,18.187,-6.2409,10.538,-0.27875,-0.25319,-0.0013319
1.4249,18.201,-6.1791,10.559,-0.26766,-0.2551,-0.0009133
1.5733,18.182,-6.1055,10.592,-0.26368,-0.25648,-0.00095614
1.725,18.147,-6.0293,10.636,-0.2622,-0.2575,-0.0010954
1.8761,18.105,-5.9545,10.688,-0.26201,-0.25826,-0.0017576
1.8524,18.122,-5.9098,10.967,-0.25302,-0.25201,-0.0012352
2.0247,18.115,-5.8426,10.984,-0.25778,-0.25384,-0.0017559
2.1856,18.15,-5.7937,10.996,-0.25817,-0.25564,-0.0017757
2.3412,18.217,-5.7579,11.002,-0.25693,-0.25736,-0.0017045
2.4939,18.31,-5.733,11.003,-0.25511,-0.25898,-0.0017191
2.3925,18.79,-5.8192,11.228,-0.22586,-0.25669,-0.0035882
2.5998,18.885,-5.7796,11.18,-0.24041,-0.26008,-0.0036637
2.7778,19.038,-5.7709,11.129,-0.2431,-0.26306,-0.0033846
2.9424,19.222,-5.7788,11.076,-0.23945,-0.26557,-0.00057611
3.1037,19.416,-5.7918,11.024,-0.23769,-0.2676,-0.0013439
2.9595,20.342,-6.0413,11.073,-0.18038,-0.26625,0.00053672
3.2088,20.396,-5.9869,11.008,-0.21204,-0.26814,-0.00086693
3.4028,20.504,-5.9711,10.957,-0.22313,-0.26962,-0.0028198
3.5679,20.628,-5.9724,10.917,-0.22287,-0.27066,-0.00044606
3.7187,20.745,-5.9758,10.889,-0.22234,-0.2713,-0.00055523
3.5469,21.437,-6.2092,10.951,-0.14785,-0.26913,-0.0025757
3.8062,21.348,-6.1092,10.924,-0.19579,-0.26976,4.7288e-05
3.9801,21.336,-6.0627,10.915,-0.21438,-0.2704,-0.0014037
4.112,21.345,-6.0363,10.92,-0.2209,-0.27093,-0.0029018
4.2161,21.357,-6.0195,10.935,-0.21948,-0.27138,-0.00038651
4.0866,21.525,-6.1353,11.109,-0.14474,-0.26888,-0.0017917
4.2945,21.375,-6.0187,11.102,-0.19775,-0.26975,8.6076e-05
4.4098,21.324,-5.9643,11.106,-0.21795,-0.27091,-0.0011749
4.4802,21.309,-5.9353,11.117,-0.22379,-0.27219,-0.0014818
4.5267,21.304,-5.9149,11.133,-0.22527,-0.27351,-0.002536
4.5451,20.865,-5.8472,11.293,-0.22733,-0.26124,0.003625
4.5582,20.886,-5.8344,11.319,-0.22346,-0.26426,0.0031818
4.5665,20.893,-5.8168,11.345,-0.22282,-0.26678,0.0027248
4.5573,20.902,-5.8047,11.371,-0.21988,-0.26889,0.0023707
4.5419,20.899,-5.7891,11.397,-0.21925,-0.27063,0.0020106
4.6106,20.255,-5.6386,11.578,-0.23658,-0.26561,-0.0067684
4.5679,20.304,-5.6353,11.594,-0.23388,-0.26743,-0.0061981
4.5175,20.34,-5.6313,11.611,-0.23235,-0.26865,-0.0056952
4.4608,20.363,-5.6256,11.628,-0.23226,-0.26935,-0.0052613
4.3977,20.374,-5.6184,11.647,-0.2333,-0.26959,-0.0048859
4.3049,19.923,-5.57,11.726,-0.19574,-0.26572,0.004344
4.2517,19.938,-5.5525,11.746,-0.21009,-0.26576,0.0037586
4.2111,19.916,-5.5194,11.765,-0.23153,-0.26535,0.002858
4.1429,19.909,-5.5031,11.786,-0.24384,-0.26453,0.0022146
4.0098,19.963,-5.5333,11.814,-0.23413,-0.26327,0.0006273
3.934,19.636,-5.4703,11.829,-0.23633,-0.26405,-0.0062561
3.8422,19.653,-5.4694,11.853,-0.24545,-0.26206,-0.0058931
3.7605,19.644,-5.4581,11.874,-0.25931,-0.25985,-0.0056746
3.6402,19.667,-5.4741,11.898,-0.25993,-0.25735,-0.0052045
3.5282,19.666,-5.4812,11.921,-0.26504,-0.25456,-0.0048639
3.3746,19.603,-5.4862,11.859,-0.2443,-0.25731,0.0040919
3.276,19.587,-5.4867,11.887,-0.25935,-0.25327,0.003356
3.1471,19.598,-5.5091,11.917,-0.26367,-0.24928,0.0029073
3.0186,19.6,-5.5299,11.946,-0.26849,-0.24527,0.0024997
2.891,19.593,-5.549,11.974,-0.27385,-0.24125,0.0021273
2.6922,19.684,-5.6029,11.89,-0.27561,-0.24829,-0.0063808
2.5639,19.691,-5.6289,11.926,-0.27813,-0.24307,-0.0057942
2.4377,19.69,-5.6525,11.961,-0.28188,-0.23815,-0.0052829
2.317,19.679,-5.6715,11.993,-0.2877,-0.23349,-0.0048591
2.2004,19.662,-5.6878,12.023,-0.29488,-0.22904,-0.0045018
1.9832,19.91,-5.7867,11.933,-0.26617,-0.23998,0.0005228
1.8576,19.918,-5.8183,11.958,-0.27358,-0.23384,0.0004101
1.7324,19.926,-5.8494,11.984,-0.28045,-0.22851,0.00031665
1.6078,19.934,-5.8805,12.01,-0.28683,-0.22387,0.00024047
1.4839,19.944,-5.9119,12.036,-0.29274,-0.21981,0.00017982
1.259,20.133,-6.0222,11.964,-0.27156,-0.22731,0.00055577
1.1392,20.153,-6.0556,11.993,-0.27921,-0.2226,0.00047952
1.0208,20.176,-6.0889,12.022,-0.28607,-0.21875,0.00041908
0.90414,20.203,-6.1226,12.05,-0.2922,-0.21563,0.00037267
0.78914,20.237,-6.1569,12.076,-0.29765,-0.21314,0.00033861
0.62949,20.243,-6.2238,12.05,-0.2851,-0.2149,0.00050044
0.52351,20.305,-6.2581,12.079,-0.2909,-0.21302,0.00047238
0.41879,20.375,-6.2941,12.105,-0.29597,-0.21168,0.00045396
0.31554,20.453,-6.3319,12.13,-0.30037,-0.21079,0.00044389
0.21396,20.542,-6.3716,12.153,-0.30413,-0.21031,0.00048875
0.11349,20.36,-6.3946,12.181,-0.30096,-0.21036,0.00053985
0.022031,20.507,-6.439,12.201,-0.30405,-0.2105,0.00053502
-0.068293,20.663,-6.4857,12.219,-0.30667,-0.21089,0.00053525
-0.15722,20.827,-6.5345,12.236,-0.30886,-0.2115,0.0005397
-0.24451,21,-6.5852,12.25,-0.31067,-0.2123,0.00054764
-0.23918,20.781,-6.5536,12.297,-0.31133,-0.20912,0.00053102
-0.3258,21.023,-6.6164,12.309,-0.31247,-0.21083,0.00054003
-0.40995,21.27,-6.6803,12.318,-0.3134,-0.21246,0.00055054
-0.4915,21.523,-6.745,12.326,-0.31414,-0.21402,0.00056211
-0.57036,21.78,-6.8103,12.332,-0.31472,-0.21553,0.00057438
-0.52385,21.631,-6.7649,12.362,-0.31709,-0.21179,0.00047161
-0.60896,21.954,-6.8466,12.368,-0.3173,-0.21398,0.00049398
-0.68999,22.277,-6.927,12.372,-0.31749,-0.2159,0.00051484
-0.767,22.599,-7.006,12.373,-0.31768,-0.2176,0.00053411
-0.84004,22.921,-7.0836,12.373,-0.31788,-0.2191,0.00055178
-0.75811,22.922,-7.062,12.374,-0.36265,-0.21834,-0.00035958
-0.95451,23.429,-7.2277,12.383,-0.31889,-0.22113,0.00050926
-0.99104,23.775,-7.2878,12.376,-0.32049,-0.22337,0.00047558
-1.0392,24.137,-7.3579,12.366,-0.31881,-0.22543,0.00050479
-1.0853,24.5,-7.428,12.354,-0.31765,-0.22733,0.00051017
-1.0362,24.793,-7.4545,12.252,-0.34916,-0.22601,-0.00028845
-1.1896,25.271,-7.5956,12.261,-0.31351,-0.2288,0.00066167
-1.2193,25.603,-7.6538,12.26,-0.31573,-0.23101,0.00063042
-1.2584,25.935,-7.7169,12.26,-0.31528,-0.23304,0.0006525
-1.2961,26.256,-7.7777,12.26,-0.31522,-0.23492,0.00066727
-1.3024,26.565,-7.8161,12.15,-0.34407,-0.23392,1.4427e-05
-1.4415,26.972,-7.9385,12.178,-0.31169,-0.23668,0.00067267
-1.4624,27.236,-7.983,12.198,-0.31489,-0.23889,0.00063288
-1.4912,27.497,-8.0302,12.219,-0.31532,-0.24098,0.00064392
-1.5175,27.748,-8.0739,12.24,-0.31596,-0.24296,0.00064727
-1.4585,27.951,-8.0444,12.187,-0.34091,-0.23972,3.866e-05
-1.5944,28.299,-8.1551,12.227,-0.31165,-0.24289,0.00064235
-1.6044,28.522,-8.188,12.259,-0.31485,-0.24566,0.00059973
-1.621,28.751,-8.2239,12.288,-0.31551,-0.2483,0.00052668
-1.6338,28.979,-8.257,12.315,-0.31615,-0.25083,0.00055134
-1.6895,29.229,-8.2951,12.273,-0.34069,-0.24551,6.704e-05
-1.7661,29.55,-8.3672,12.314,-0.31269,-0.24959,0.00063938
-1.7509,29.766,-8.3845,12.341,-0.31543,-0.25306,0.00059744
-1.7421,29.994,-8.4055,12.364,-0.31559,-0.25638,0.00060027
-1.7316,30.225,-8.4254,12.383,-0.31587,-0.25954,0.00059738
-1.833,30.504,-8.4835,12.285,-0.33803,-0.255,0.00013748
-1.8835,30.821,-8.5396,12.322,-0.3122,-0.25973,0.00064245
-1.8258,31.033,-8.534,12.352,-0.31421,-0.26397,0.00058909
-1.7815,31.251,-8.5346,12.376,-0.31408,-0.26788,0.0005796
-1.7404,31.467,-8.5356,12.398,-0.31412,-0.27152,0.00056281
-1.0908,31.356,-8.2006,12.361,-0.42361,-0.27166,-0.0018411
-0.98792,31.444,-8.162,12.384,-0.44565,-0.27549,-0.0020677
-1.0535,31.677,-8.2139,12.405,-0.4311,-0.27814,-0.0016534
-1.2526,32.027,-8.336,12.425,-0.38763,-0.27972,-0.00063501
-1.5185,32.439,-8.4918,12.447,-0.32983,-0.28058,0.00015269
-2.2761,33.345,-8.9055,12.417,-0.16101,-0.28021,0.0038128
-2.2758,33.539,-8.9169,12.453,-0.15957,-0.28177,0.0038569
-2.095,33.565,-8.83,12.486,-0.19591,-0.28444,0.0030394
-1.7925,33.474,-8.6776,12.515,-0.2575,-0.28801,0.0016194
-1.4509,33.338,-8.504,12.54,-0.32669,-0.29204,0.00016445
-1.1378,33.064,-8.3599,12.438,-0.44265,-0.29022,-0.0027314
-0.97894,33.109,-8.2778,12.481,-0.45835,-0.2953,-0.0027015
-1.0021,33.301,-8.2893,12.52,-0.43889,-0.29905,-0.002112
-1.1655,33.607,-8.3716,12.555,-0.3924,-0.30167,-0.0010124
-1.3978,33.971,-8.4879,12.589,-0.33304,-0.30354,0.00021323
-2.0228,34.685,-8.8036,12.592,-0.16669,-0.30267,0.0042808
-1.9975,34.834,-8.7906,12.636,-0.16541,-0.30552,0.003954
-1.7915,34.812,-8.686,12.673,-0.20204,-0.30905,0.0029173
-1.4663,34.671,-8.5214,12.703,-0.26369,-0.31312,0.0014149
-1.107,34.487,-8.3398,12.729,-0.33249,-0.31744,-4.8642e-05
-0.51211,34.05,-8.0664,12.711,-0.44581,-0.31964,-0.002832
-0.40349,34.072,-8.0069,12.74,-0.46188,-0.32408,-0.0029162
-0.46807,34.236,-8.0293,12.765,-0.44164,-0.32718,-0.0023724
-0.666,34.512,-8.1142,12.788,-0.39355,-0.32912,-0.00124
-0.92787,34.843,-8.2293,12.81,-0.33231,-0.33031,2.4339e-05
-1.6161,35.464,-8.5307,12.778,-0.16126,-0.3213,0.0042789
-1.6044,35.594,-8.526,12.825,-0.16023,-0.32533,0.0039425
-1.4082,35.548,-8.4321,12.863,-0.19803,-0.32994,0.0028396
-1.0909,35.379,-8.28,12.894,-0.26133,-0.33495,0.001264
-0.73898,35.165,-8.1108,12.919,-0.33176,-0.34,-0.00024857
0.037257,34.469,-7.7735,12.887,-0.51694,-0.33448,-0.0042646
-0.0046155,34.599,-7.7814,12.919,-0.4954,-0.34001,-0.0036233
-0.044706,34.718,-7.7892,12.946,-0.47659,-0.34409,-0.0030477
-0.60766,35.308,-8.0292,12.978,-0.33872,-0.34683,-0.00031494
-1.29,36.007,-8.3248,13.013,-0.17823,-0.34859,0.0028146
-1.5564,36.344,-8.475,13.076,-0.13283,-0.34741,0.00434
-1.4625,36.33,-8.4257,13.092,-0.15149,-0.34992,0.0040645
-1.1739,36.131,-8.29,13.102,-0.2141,-0.35289,0.0022579
-0.36574,35.454,-7.9253,13.099,-0.39218,-0.35631,-0.001346
0.14931,35.038,-7.6867,13.1,-0.4979,-0.35977,-0.0034015
0.34181,34.753,-7.5216,13.041,-0.49115,-0.35621,-0.0043553
-0.028348,35.147,-7.6804,13.066,-0.40512,-0.35887,-0.0017774
-0.60638,35.725,-7.9303,13.092,-0.27635,-0.36034,0.00082424
-0.99613,36.139,-8.1015,13.116,-0.19247,-0.36132,0.002693
-1.0303,36.236,-8.1209,13.135,-0.18883,-0.36245,0.0026297
-0.78967,36.123,-8.0718,13.166,-0.29187,-0.36298,0.00072617
-0.48306,35.897,-7.9323,13.173,-0.35063,-0.36492,-0.00044195
-0.28869,35.766,-7.8391,13.18,-0.38261,-0.36668,-0.001072
-0.26409,35.783,-7.8172,13.188,-0.37628,-0.36804,-0.00096521
-0.36954,35.915,-7.8509,13.197,-0.3422,-0.36891,-0.00026479
-0.63675,36.174,-7.9162,13.165,-0.24298,-0.36581,0.0014753
-0.56339,36.149,-7.8875,13.18,-0.26129,-0.36691,0.0011275
-0.36814,36.011,-7.8058,13.192,-0.30472,-0.36813,0.0001944
-0.17164,35.869,-7.7217,13.201,-0.34612,-0.36933,-0.00048012
-0.071258,35.809,-7.6763,13.211,-0.36502,-0.37031,-0.00085642
-0.14136,35.899,-7.692,13.2,-0.33932,-0.37093,-0.0003863
-0.20472,35.984,-7.7176,13.212,-0.32465,-0.37113,-9.7703e-05
-0.26999,36.07,-7.7439,13.223,-0.30986,-0.37115,0.00023473
-0.29929,36.122,-7.7552,13.232,-0.30306,-0.3711,0.00041104
-0.27993,36.129,-7.7458,13.241,-0.30665,-0.37103,0.00036369
-0.2566,36.213,-7.7717,13.261,-0.32616,-0.37687,2.2663e-05
-0.18062,36.173,-7.7332,13.26,-0.33559,-0.37614,-0.000168
-0.15515,36.175,-7.7162,13.261,-0.33472,-0.3755,-0.00015453
-0.17328,36.214,-7.7178,13.262,-0.32537,-0.3749,2.722e-05
-0.19362,36.253,-7.7212,13.265,-0.31651,-0.37433,0.00020136
-0.16773,36.212,-7.6949,13.226,-0.30412,-0.37392,0.00040635
-0.076992,36.153,-7.6562,13.232,-0.32275,-0.37357,5.133e-05
0.017856,36.086,-7.6149,13.237,-0.34156,-0.37332,-0.0003079
0.042167,36.079,-7.602,13.243,-0.34463,-0.37313,-0.00036257
-0.011189,36.141,-7.6213,13.25,-0.33114,-0.37296,-9.7091e-05
-0.20742,36.331,-7.7186,13.266,-0.29207,-0.37326,0.00073564
-0.11084,36.254,-7.6754,13.269,-0.31108,-0.37296,0.00036195
0.050962,36.114,-7.6044,13.269,-0.34334,-0.37276,-0.0002728
0.14089,36.035,-7.5626,13.27,-0.35984,-0.37266,-0.00059961
0.09542,36.077,-7.5774,13.274,-0.34797,-0.37259,-0.00037508
-0.13832,36.181,-7.6509,13.28,-0.2863,-0.3712,0.00077065
-0.073436,36.137,-7.6269,13.283,-0.30218,-0.37105,0.00047316
0.097693,35.993,-7.5578,13.283,-0.33966,-0.37097,-0.00024918
0.21404,35.894,-7.5101,13.282,-0.36449,-0.37093,-0.0007262
0.17717,35.933,-7.5258,13.284,-0.35671,-0.37084,-0.00057311
-0.121,36.148,-7.64,13.333,-0.28918,-0.37292,0.00073514
