0,0,0,0,0,0,0
0,0,0,0,0,0,0
0,0,0,0,0,0,0
0,0,0,0,0,0,0
0,0,0,0,0,0,0
0.02781,1.6247,0.40571,0.043842,-0.001929,-0.067938,5.6251e-06
0.027484,1.6285,0.40611,0.039813,-0.0023087,-0.066422,1.3316e-05
0.027327,1.6318,0.40655,0.036374,-0.0026504,-0.065114,1.9752e-05
0.027321,1.6348,0.40702,0.033451,-0.0029582,-0.063988,2.5103e-05
0.28464,1.906,0.63328,-0.049009,-0.005083,-0.061299,-0.00021991
0.24434,1.9122,0.61244,-0.053774,-0.0055293,-0.059843,-0.00019837
0.20413,1.9181,0.59182,-0.058075,-0.0059093,-0.058576,-0.00017876
0.16425,1.9238,0.57152,-0.061951,-0.0062314,-0.057478,-0.00016091
0.12491,1.9293,0.55165,-0.065444,-0.0065029,-0.05653,-0.00014468
0.30187,1.9188,0.66309,-0.048135,-0.0041173,-0.06431,-0.00019447
0.29228,1.9234,0.65839,-0.049432,-0.0044402,-0.063907,-0.0001979
0.28356,1.9281,0.65424,-0.050983,-0.0047227,-0.063509,-0.00020076
0.27567,1.9329,0.65061,-0.052762,-0.0049697,-0.063112,-0.00020314
0.26861,1.9377,0.6475,-0.054744,-0.0051859,-0.062716,-0.00020508
0.22867,1.8789,0.61431,-0.042654,-0.0053338,-0.065483,-0.0001975
0.22322,1.884,0.6121,-0.046403,-0.0055006,-0.064829,-0.00019951
0.2185,1.8895,0.61032,-0.050684,-0.0056463,-0.064131,-0.00020218
0.2145,1.8953,0.60896,-0.055441,-0.0057742,-0.063392,-0.00020544
0.21119,1.9014,0.608,-0.060626,-0.0058873,-0.062615,-0.00020923
0.19366,1.8584,0.58995,-0.031448,-0.0053848,-0.06738,-0.00018235
0.19378,1.8642,0.59086,-0.036322,-0.005468,-0.066899,-0.00018893
0.1943,1.8703,0.592,-0.041668,-0.0055435,-0.066366,-0.00019601
0.19522,1.8767,0.59336,-0.047451,-0.0056129,-0.065785,-0.00020357
0.19651,1.8835,0.59492,-0.053643,-0.0056776,-0.065159,-0.00021159
-0.024177,1.8757,0.46191,-0.053231,-0.0049297,-0.064513,3.9776e-06
-0.023342,1.8772,0.4635,-0.053946,-0.0048834,-0.064257,3.938e-06
-0.022533,1.8788,0.46506,-0.054727,-0.0048463,-0.064,3.9082e-06
-0.021739,1.8807,0.46659,-0.055581,-0.0048174,-0.063738,3.9033e-06
-0.02095,1.8826,0.46812,-0.056512,-0.0047956,-0.06347,3.9367e-06
-0.027107,1.8796,0.46138,-0.056532,-0.0044982,-0.064716,6.3555e-06
-0.026698,1.882,0.46267,-0.057851,-0.0044852,-0.064389,6.5642e-06
-0.026306,1.8846,0.46397,-0.059246,-0.0044758,-0.064062,6.8114e-06
-0.025927,1.8874,0.46528,-0.06073,-0.0044698,-0.063729,7.1122e-06
-0.025561,1.8903,0.46661,-0.062312,-0.0044672,-0.063389,7.4806e-06
-0.028432,1.8844,0.45815,-0.059139,-0.0049145,-0.065055,6.2305e-06
-0.028397,1.8879,0.45929,-0.061273,-0.0049073,-0.064641,6.956e-06
-0.028404,1.8917,0.46045,-0.063514,-0.0049021,-0.064224,7.7443e-06
-0.028454,1.8958,0.46162,-0.065878,-0.0048993,-0.0638,8.6121e-06
-0.028551,1.9001,0.4628,-0.068382,-0.0048992,-0.063366,9.575e-06
-0.029199,1.8797,0.4556,-0.055721,-0.0052849,-0.066071,2.935e-06
-0.029611,1.8843,0.45664,-0.058595,-0.0052728,-0.06555,4.3888e-06
-0.030102,1.8893,0.45768,-0.061572,-0.005261,-0.06503,5.9521e-06
-0.030678,1.8945,0.45872,-0.064675,-0.0052504,-0.064505,7.644e-06
-0.031343,1.9001,0.45976,-0.067924,-0.0052417,-0.063969,9.482e-06
-0.028349,1.8798,0.45498,-0.055343,-0.005391,-0.066912,3.82e-06
-0.029677,1.8857,0.45567,-0.058996,-0.0053695,-0.066278,6.3685e-06
-0.031143,1.8918,0.45635,-0.062752,-0.0053471,-0.065648,9.0857e-06
-0.032757,1.8982,0.457,-0.066643,-0.0053248,-0.065013,1.1996e-05
-0.034527,1.905,0.45763,-0.070694,-0.0053036,-0.064366,1.5123e-05
-0.029983,1.8798,0.45384,-0.054791,-0.0054899,-0.068099,3.0209e-06
-0.032589,1.887,0.45402,-0.059416,-0.0054569,-0.067324,6.9131e-06
-0.035409,1.8945,0.45413,-0.064161,-0.0054216,-0.066553,1.103e-05
-0.038458,1.9024,0.45419,-0.069061,-0.0053854,-0.065778,1.5405e-05
-0.041748,1.9106,0.45417,-0.074147,-0.0053493,-0.06499,2.007e-05
-0.044704,1.9172,0.44632,-0.072465,-0.0058061,-0.067953,-3.7881e-06
-0.049563,1.9272,0.44551,-0.078669,-0.0057646,-0.067008,1.4365e-06
-0.054851,1.9376,0.44453,-0.085023,-0.0057212,-0.066065,6.969e-06
-0.060589,1.9483,0.44335,-0.091562,-0.0056768,-0.065113,1.2854e-05
-0.066802,1.9594,0.44198,-0.098312,-0.0056322,-0.064145,1.9132e-05
-0.051587,1.9168,0.44451,-0.073071,-0.0059448,-0.069725,-1.1288e-05
-0.058806,1.9285,0.44255,-0.080982,-0.0058994,-0.068552,-4.1662e-06
-0.066572,1.9407,0.44036,-0.089053,-0.0058486,-0.067392,3.3282e-06
-0.074916,1.9532,0.43792,-0.097329,-0.0057937,-0.06623,1.1245e-05
-0.083866,1.9661,0.43522,-0.10585,-0.005736,-0.065058,1.963e-05
-0.063007,1.913,0.44085,-0.075555,-0.0054834,-0.071207,1.1299e-05
-0.073263,1.9264,0.43736,-0.085385,-0.0054293,-0.069818,2.0595e-05
-0.084208,1.9403,0.43356,-0.095403,-0.005367,-0.068446,3.0331e-05
-0.09588,1.9545,0.42945,-0.10566,-0.0052986,-0.067077,4.0558e-05
-0.10832,1.9692,0.425,-0.1162,-0.0052252,-0.0657,5.1325e-05
-0.076552,1.8995,0.43718,-0.070499,-0.0049501,-0.07347,8.4206e-06
-0.090616,1.9148,0.43172,-0.08265,-0.004863,-0.071817,2.0736e-05
-0.10553,1.9305,0.42588,-0.095007,-0.0047641,-0.070192,3.3558e-05
-0.12134,1.9467,0.41965,-0.10763,-0.0046553,-0.068579,4.6951e-05
-0.1381,1.9632,0.413,-0.12058,-0.0045379,-0.066961,6.0971e-05
-0.092563,1.8919,0.43398,-0.069652,-0.0042277,-0.075377,2.9221e-05
-0.11115,1.9093,0.42615,-0.084391,-0.0041087,-0.073472,4.4655e-05
-0.13076,1.9271,0.41788,-0.099347,-0.0039744,-0.071603,6.0635e-05
-0.15144,1.9454,0.40913,-0.11459,-0.0038267,-0.06975,7.7228e-05
-0.17324,1.964,0.39989,-0.13018,-0.0036673,-0.067898,9.4487e-05
-0.090598,1.8462,0.4449,-0.051266,-0.0022746,-0.078983,6.3147e-05
-0.11473,1.8657,0.43402,-0.069247,-0.0021066,-0.076729,8.2595e-05
-0.13996,1.8857,0.42268,-0.087444,-0.0019151,-0.074531,0.00010262
-0.16637,1.9062,0.41087,-0.10595,-0.0017029,-0.072364,0.00012328
-0.194,1.9272,0.39855,-0.12482,-0.001472,-0.070207,0.00014465
-0.1216,1.9246,0.43799,-0.065547,-0.0034818,-0.080338,2.9186e-05
-0.15298,1.9412,0.42295,-0.084768,-0.0032437,-0.077968,5.293e-05
-0.18576,1.9577,0.40725,-0.10403,-0.0029796,-0.075668,7.7334e-05
-0.21998,1.9742,0.39087,-0.12342,-0.0026925,-0.073413,0.00010244
-0.25568,1.9908,0.3738,-0.14302,-0.0023844,-0.071185,0.00012827
-0.1378,1.9668,0.44352,-0.065714,-0.0025615,-0.082764,5.9974e-05
-0.17762,1.9836,0.42369,-0.088173,-0.0022841,-0.080084,8.7838e-05
-0.21909,2.0002,0.40311,-0.11052,-0.0019747,-0.077499,0.00011631
-0.26225,2.0165,0.38176,-0.13287,-0.0016369,-0.074982,0.00014541
-0.30711,2.0325,0.35965,-0.15528,-0.0012734,-0.07251,0.00017518
-0.21121,2.0034,0.42056,-0.065165,-0.0015421,-0.085079,7.8297e-05
-0.26118,2.0182,0.39526,-0.090468,-0.0011558,-0.08214,0.0001117
-0.31317,2.0328,0.36908,-0.11576,-0.00073716,-0.079294,0.00014557
-0.36717,2.0471,0.34205,-0.14113,-0.00029009,-0.076515,0.00017994
-0.42316,2.0611,0.31419,-0.16663,0.00018251,-0.073782,0.00021483
-0.32814,2.1078,0.38289,-0.086626,0.0005321,-0.085923,9.4105e-05
-0.39319,2.121,0.34979,-0.11534,0.001041,-0.082705,0.00013384
-0.46053,2.1335,0.31579,-0.14387,0.0015806,-0.079601,0.00017383
-0.53013,2.1455,0.28094,-0.17229,0.0021467,-0.076585,0.00021409
-0.60193,2.1568,0.2453,-0.20065,0.0027357,-0.073637,0.00025459
-0.47141,2.2017,0.33558,-0.10113,-0.00183,-0.087216,5.2507e-05
-0.55323,2.2121,0.2943,-0.13311,-0.0012054,-0.083707,9.7507e-05
-0.63765,2.2215,0.25218,-0.16473,-0.0005398,-0.080336,0.0001427
-0.72454,2.2299,0.20931,-0.19603,0.00016165,-0.077076,0.00018806
-0.81378,2.2374,0.16578,-0.22706,0.0008949,-0.073908,0.00023353
-0.68263,2.2482,0.26516,-0.10164,-0.0030653,-0.08954,1.8545e-05
-0.78499,2.2544,0.21481,-0.13706,-0.002344,-0.085726,6.8672e-05
-0.8897,2.2593,0.16405,-0.17167,-0.0015774,-0.082104,0.00011864
-0.99651,2.2629,0.11301,-0.20555,-0.00077168,-0.078646,0.00016841
-1.1052,2.2653,0.061873,-0.23872,6.8604e-05,-0.075332,0.00021793
-0.3618,2.3792,0.44402,-0.11859,0.00054755,-0.089873,7.8209e-05
-0.47616,2.3806,0.38584,-0.15644,0.0013717,-0.085917,0.00013593
-0.59272,2.3796,0.32765,-0.19305,0.0022524,-0.082181,0.00019297
-0.71137,2.376,0.2695,-0.22838,0.0031815,-0.078648,0.00024934
-0.83198,2.3699,0.2115,-0.26237,0.0041521,-0.07531,0.00030499
-0.46394,2.5411,0.42175,-0.15214,-0.00042834,-0.08937,7.4131e-05
-0.60067,2.5363,0.35522,-0.19248,0.00054561,-0.085258,0.0001354
-0.73911,2.5285,0.28924,-0.231,0.0015649,-0.081425,0.00019554
-0.87902,2.5173,0.22391,-0.26763,0.0026213,-0.077858,0.0002545
-1.0202,2.5029,0.15936,-0.30234,0.0037081,-0.074547,0.00031222
-0.1735,2.7531,0.61174,-0.18187,0.0048304,-0.088061,0.00012829
-0.34534,2.7362,0.52964,-0.22178,0.0059702,-0.084071,0.00019774
-0.51668,2.7165,0.4498,-0.25978,0.0071872,-0.080349,0.00026594
-0.6875,2.6938,0.37216,-0.29577,0.0084654,-0.076891,0.00033275
-0.85766,2.668,0.2967,-0.32964,0.0097913,-0.073696,0.00039803
-0.32813,2.8745,0.5833,-0.18044,0.0062427,-0.091237,0.00016514
-0.53302,2.8442,0.4927,-0.22022,0.0076794,-0.087214,0.0002396
-0.73591,2.8126,0.40537,-0.25819,0.0091497,-0.083475,0.0003113
-0.93668,2.7792,0.32125,-0.29421,0.010639,-0.080019,0.0003802
-1.1351,2.7439,0.24028,-0.32814,0.012136,-0.076849,0.00044621
-0.48597,3.0427,0.56156,-0.20767,0.0052645,-0.091092,0.00014551
-0.72098,2.9983,0.46517,-0.24364,0.006904,-0.087525,0.00022078
-0.95094,2.9526,0.3734,-0.27726,0.0085262,-0.084252,0.00029206
-1.1756,2.905,0.2861,-0.30834,0.01012,-0.081285,0.00035936
-1.3946,2.855,0.20318,-0.33664,0.011674,-0.078635,0.00042265
-0.65645,3.1405,0.5466,-0.19221,0.0033187,-0.094119,8.3911e-05
-0.90914,3.0797,0.45043,-0.22093,0.0049115,-0.091238,0.00015172
-1.1526,3.0181,0.36013,-0.24689,0.0064872,-0.088674,0.00021559
-1.3866,2.955,0.27543,-0.26979,0.0080317,-0.086444,0.00027548
-1.6107,2.8896,0.19613,-0.28937,0.0095332,-0.084565,0.00033137
-0.62482,3.2846,0.61919,-0.15208,0.0067762,-0.10174,0.00017362
-0.88292,3.2127,0.52652,-0.17069,0.0082826,-0.099868,0.00023246
-1.127,3.1434,0.44082,-0.18715,0.0098014,-0.098234,0.00028797
-1.357,3.076,0.36167,-0.20126,0.011322,-0.096858,0.0003403
-1.5726,3.0103,0.28869,-0.21282,0.012837,-0.095757,0.00038956
-0.6904,3.4712,0.66038,-0.14902,0.0063978,-0.10337,0.00014175
-0.88979,3.4101,0.59251,-0.15718,0.0077312,-0.10249,0.00018721
-1.0673,3.3526,0.53286,-0.16234,0.0090606,-0.10188,0.00023021
-1.2227,3.2983,0.48114,-0.16436,0.010384,-0.10157,0.00027096
-1.3555,3.2471,0.43716,-0.16309,0.0117,-0.10157,0.00030965
-0.55599,3.5735,0.74901,-0.095389,0.0035519,-0.10989,3.2224e-05
-0.62556,3.5311,0.72543,-0.08632,0.0041067,-0.11051,5.1823e-05
-0.66299,3.4951,0.7127,-0.07389,0.004617,-0.11143,6.878e-05
-0.66749,3.4655,0.71105,-0.05792,0.0050778,-0.11267,8.3112e-05
-0.63816,3.4425,0.72088,-0.038239,0.0054831,-0.11423,9.4762e-05
-0.37878,3.7902,0.83846,-0.10314,0.003218,-0.10674,2.073e-05
-0.24775,3.7885,0.8836,-0.076002,0.0022035,-0.10889,-4.0101e-06
-0.074967,3.7944,0.94406,-0.044366,0.0009751,-0.11139,-3.4613e-05
0.14093,3.8084,1.021,-0.0080849,-0.00048363,-0.11423,-7.1631e-05
0.4012,3.8311,1.1155,0.033023,-0.0021916,-0.11741,-0.00011569
-0.22658,3.8957,0.89384,-0.091799,0.00099031,-0.10394,-4.1282e-05
0.094392,3.9312,1.0127,-0.041867,-0.0017966,-0.10779,-0.00011447
0.45822,3.9726,1.1509,0.014378,-0.0048839,-0.11207,-0.0001959
0.86537,4.0203,1.3099,0.077113,-0.0082972,-0.11675,-0.00028644
1.3159,4.0746,1.491,0.14655,-0.012064,-0.12184,-0.00038696
-0.06608,3.9175,0.90186,-0.10041,-0.00039007,-0.097376,-6.856e-05
0.34703,3.9682,1.0703,-0.031264,-0.0045061,-0.10225,-0.00017881
0.79023,4.0204,1.2568,0.045044,-0.008959,-0.10752,-0.00029824
1.2624,4.0745,1.462,0.12853,-0.01377,-0.11318,-0.00042743
1.762,4.1307,1.6864,0.21922,-0.01896,-0.1192,-0.00056694
-0.1155,3.456,0.8116,-0.0089315,-0.0030967,-0.093719,-8.8066e-05
0.25354,3.4957,0.97878,0.065622,-0.0071586,-0.099219,-0.00019873
0.63935,3.5358,1.1588,0.14507,-0.011549,-0.10486,-0.00031743
1.0396,3.5766,1.3513,0.22937,-0.01627,-0.11065,-0.00044419
1.452,3.6184,1.5558,0.31841,-0.021324,-0.11659,-0.00057902
-0.1951,3.1827,0.67013,-0.048516,-0.002499,-0.0885,-5.1896e-05
0.095653,3.1921,0.81231,0.024933,-0.0062451,-0.093506,-0.00015048
0.3911,3.2007,0.96086,0.10174,-0.010214,-0.098584,-0.00025439
0.68959,3.2086,1.1152,0.18174,-0.014398,-0.10374,-0.00036339
0.98962,3.2163,1.2748,0.26473,-0.018789,-0.10896,-0.00047725
0.0024334,2.7631,0.64433,-0.019496,-0.0052624,-0.091005,-0.00011289
0.21687,2.7459,0.7562,0.049488,-0.0084141,-0.095545,-0.00019429
0.42824,2.7287,0.8694,0.12017,-0.011693,-0.1001,-0.00027886
0.63596,2.7116,0.98357,0.19242,-0.015089,-0.10468,-0.00036631
0.83951,2.6948,1.0983,0.26613,-0.018592,-0.10929,-0.00045634
0.006284,2.4633,0.56874,-0.014963,-0.0052189,-0.091801,-0.00011234
0.16495,2.4291,0.65365,0.049123,-0.0078961,-0.096157,-0.00018118
0.31751,2.3958,0.7372,0.1137,-0.01063,-0.10046,-0.0002514
0.46396,2.3632,0.81924,0.17871,-0.01341,-0.10473,-0.00032275
0.60432,2.3316,0.89963,0.24405,-0.016228,-0.10896,-0.00039493
0.024575,2.2554,0.52294,-0.031503,-0.0061263,-0.090884,-0.0001376
0.13949,2.2127,0.58489,0.025363,-0.0083201,-0.09479,-0.00019372
0.24762,2.172,0.64428,0.081473,-0.010516,-0.098547,-0.00024978
0.34927,2.1331,0.70112,0.13687,-0.012709,-0.10218,-0.00030557
0.44474,2.0959,0.75545,0.19155,-0.01489,-0.1057,-0.00036089
0.023239,2.0631,0.49049,-0.033772,-0.0058346,-0.091928,-0.00013204
0.1068,2.0246,0.53487,0.012099,-0.0075886,-0.094974,-0.00017601
0.18408,1.9881,0.57638,0.05681,-0.0093162,-0.097872,-0.00021914
0.25547,1.9532,0.61517,0.10041,-0.011011,-0.10064,-0.00026123
0.32135,1.9199,0.65134,0.14291,-0.012668,-0.10329,-0.00030208
-0.009235,1.9006,0.44763,0.0050927,-0.0020761,-0.10359,-4.8485e-05
0.052505,1.8711,0.47925,0.040359,-0.0035443,-0.1058,-8.4278e-05
0.10975,1.843,0.50871,0.074615,-0.0049553,-0.10797,-0.0001191
0.16266,1.816,0.53606,0.10788,-0.0063043,-0.1101,-0.00015273
0.21139,1.79,0.56135,0.14017,-0.0075874,-0.1122,-0.00018497
-0.0056354,1.7956,0.43111,0.0040439,-0.0028733,-0.10533,-7.0557e-05
0.037676,1.7651,0.45234,0.033444,-0.0039439,-0.10748,-9.7818e-05
0.077149,1.7356,0.47161,0.061782,-0.0049351,-0.10958,-0.00012333
0.11296,1.7071,0.48902,0.08909,-0.0058442,-0.11165,-0.00014698
0.14528,1.6792,0.50461,0.1154,-0.0066689,-0.11369,-0.00016867
-0.034537,1.6921,0.40065,0.012167,-0.0029741,-0.1075,-7.2685e-05
-0.0065022,1.6619,0.41337,0.036153,-0.003608,-0.10965,-8.9725e-05
0.018375,1.6326,0.42444,0.059144,-0.0041474,-0.11177,-0.0001045
0.040254,1.6039,0.43393,0.08117,-0.0045916,-0.11388,-0.00011702
0.059288,1.5759,0.44191,0.10226,-0.0049408,-0.11597,-0.00012728
-0.016012,1.6363,0.4047,0.014533,-0.0035996,-0.10777,-8.5945e-05
-0.0010397,1.6098,0.41031,0.032134,-0.0037686,-0.10961,-9.1845e-05
0.011375,1.5841,0.41455,0.048793,-0.0038403,-0.11142,-9.5276e-05
0.021376,1.559,0.41749,0.064518,-0.0038168,-0.1132,-9.6352e-05
0.029103,1.5346,0.41921,0.079321,-0.0037008,-0.11496,-9.5194e-05
-0.0061029,1.6648,0.40686,0.0058873,-0.0041619,-0.10565,-9.7308e-05
-0.0019912,1.6412,0.40657,0.016303,-0.0039074,-0.10708,-9.2872e-05
0.00013963,1.6179,0.40522,0.025863,-0.003556,-0.10848,-8.5867e-05
0.00042402,1.5951,0.40288,0.034566,-0.0031126,-0.10984,-7.6532e-05
-0.0010053,1.5729,0.39962,0.042413,-0.0025826,-0.11115,-6.5104e-05
0.0071164,1.7018,0.41752,0.0026721,-0.0045794,-0.10311,-0.00010444
0.002522,1.6833,0.41232,0.0072983,-0.0039936,-0.10427,-9.1899e-05
-0.0034843,1.6653,0.40636,0.011145,-0.0033317,-0.10538,-7.73e-05
-0.01077,1.6478,0.39971,0.01423,-0.0026005,-0.10644,-6.0969e-05
-0.019202,1.631,0.39247,0.016573,-0.0018069,-0.10745,-4.322e-05
-0.068331,1.7692,0.37714,0.00099482,-0.0027453,-0.099722,-6.5187e-05
-0.078535,1.7518,0.36874,0.0024177,-0.0025461,-0.10074,-6.235e-05
-0.089519,1.7349,0.35992,0.0033937,-0.0023217,-0.10175,-5.8674e-05
-0.10114,1.7185,0.35076,0.0039793,-0.0020736,-0.10274,-5.4406e-05
-0.11326,1.7028,0.34135,0.0042319,-0.0018037,-0.10373,-4.9778e-05
-0.035456,1.8574,0.40919,-0.0082343,-0.0023225,-0.094419,-5.5308e-05
-0.046629,1.8445,0.40054,-0.0089309,-0.0020418,-0.095327,-5.1353e-05
-0.057908,1.8319,0.39189,-0.0097481,-0.0017581,-0.096223,-4.7126e-05
-0.069152,1.8198,0.38331,-0.010624,-0.0014722,-0.09712,-4.2881e-05
-0.080218,1.8083,0.37489,-0.011497,-0.0011851,-0.098028,-3.8854e-05
-0.001957,1.9357,0.44157,-0.011361,-0.0028593,-0.089492,-7.0347e-05
-0.010927,1.9276,0.43455,-0.012609,-0.0026114,-0.090345,-6.8451e-05
-0.019328,1.9199,0.42793,-0.013688,-0.0023778,-0.091195,-6.6785e-05
-0.027025,1.9127,0.42179,-0.014534,-0.002158,-0.092055,-6.559e-05
-0.033884,1.906,0.41619,-0.015087,-0.0019522,-0.092934,-6.5087e-05
0.026956,1.9831,0.47275,-0.0090031,-0.0022204,-0.084646,-5.5264e-05
0.023816,1.9814,0.46955,-0.010107,-0.0020868,-0.085426,-5.7955e-05
0.021846,1.9803,0.46712,-0.010766,-0.0019812,-0.08621,-6.1314e-05
0.021154,1.9797,0.46551,-0.010905,-0.0019024,-0.087013,-6.5559e-05
0.021841,1.9796,0.46478,-0.010453,-0.0018495,-0.087845,-7.0888e-05
0.067227,2.004,0.50878,-0.0022243,-0.0016877,-0.080703,-4.8235e-05
0.071845,2.0076,0.51063,-0.0014229,-0.0017459,-0.081514,-5.7629e-05
0.078035,2.0118,0.51351,4.2666e-05,-0.0018438,-0.082337,-6.8128e-05
0.085852,2.0165,0.51744,0.0022434,-0.0019801,-0.083186,-7.9924e-05
0.09534,2.0218,0.52247,0.0052471,-0.0021534,-0.084075,-9.3187e-05
0.08568,1.9948,0.52531,0.0035408,-0.0021011,-0.076331,-6.1301e-05
0.09957,2.0018,0.53326,0.0085867,-0.0023644,-0.077408,-7.7998e-05
0.11513,2.0093,0.54233,0.014577,-0.0026699,-0.078507,-9.5956e-05
0.13235,2.0172,0.55251,0.021584,-0.0030155,-0.079644,-0.00011534
0.15122,2.0255,0.56379,0.029677,-0.0033991,-0.080835,-0.00013628
0.1349,1.9894,0.5629,-0.010311,0.0032739,-0.069241,9.6828e-05
0.16063,1.9975,0.57926,-0.001281,0.0025923,-0.070436,6.7338e-05
0.18799,2.0063,0.59681,0.0085299,0.0018462,-0.071595,3.6109e-05
0.21689,2.0157,0.6155,0.019184,0.0010413,-0.072737,3.0561e-06
0.24727,2.0258,0.6353,0.030739,0.00018242,-0.073878,-3.1894e-05
0.13887,1.9017,0.55768,0.0067397,0.0031609,-0.067618,9.9672e-05
0.17167,1.9086,0.57906,0.018473,0.0021154,-0.068761,5.9523e-05
0.20566,1.9159,0.60139,0.030952,0.0010126,-0.069873,1.7632e-05
0.2407,1.9238,0.6246,0.044221,-0.00014365,-0.070971,-2.6069e-05
0.27667,1.932,0.6486,0.058315,-0.00135,-0.072068,-7.1632e-05
0.1436,1.8092,0.5422,0.0072523,0.0027295,-0.064063,8.0835e-05
0.18069,1.812,0.56661,0.023392,0.0013221,-0.065608,3.1421e-05
0.2183,1.8152,0.59154,0.040315,-0.00013994,-0.067139,-1.9546e-05
0.25629,1.8186,0.6169,0.058046,-0.0016525,-0.068672,-7.2113e-05
0.29454,1.8223,0.64261,0.0766,-0.0032119,-0.07022,-0.00012631
0.15425,1.6669,0.52203,0.014757,0.0025899,-0.062209,8.4884e-05
0.19388,1.6656,0.54818,0.032884,0.00096474,-0.063919,2.938e-05
0.23341,1.6645,0.57445,0.051657,-0.00069992,-0.065619,-2.7148e-05
0.27273,1.6636,0.60075,0.071077,-0.0024005,-0.067322,-8.4736e-05
0.31172,1.6629,0.62701,0.09114,-0.0041337,-0.069038,-0.0001434
0.15032,1.5087,0.48571,0.018794,0.0029522,-0.061249,7.8251e-05
0.18808,1.5052,0.51035,0.03767,0.0013701,-0.062955,2.5237e-05
0.22527,1.5021,0.53478,0.057003,-0.00022589,-0.064641,-2.8103e-05
0.2618,1.4991,0.55894,0.076787,-0.0018337,-0.066319,-8.1803e-05
0.29762,1.4964,0.58279,0.097007,-0.0034515,-0.067997,-0.00013588
0.12054,1.3355,0.42787,0.029247,0.0027969,-0.062191,7.5477e-05
0.1566,1.3316,0.45097,0.048248,0.0013593,-0.063823,2.7171e-05
0.19185,1.328,0.47372,0.067612,-6.861e-05,-0.06544,-2.0818e-05
0.22626,1.3248,0.4961,0.087313,-0.0014861,-0.067051,-6.8518e-05
0.25982,1.3219,0.51809,0.10732,-0.0028924,-0.068661,-0.00011594
0.062388,1.1145,0.34629,0.043716,-0.00024628,-0.065003,3.9247e-05
0.091153,1.1161,0.36317,0.058982,-0.0015111,-0.065878,1.4633e-07
0.11933,1.118,0.37986,0.074266,-0.0028062,-0.066682,-3.9557e-05
0.14692,1.1202,0.39638,0.089492,-0.0041285,-0.067412,-7.9803e-05
0.17391,1.1228,0.41272,0.10459,-0.005475,-0.068063,-0.00012053
0.037789,0.93328,0.2942,0.041356,-0.00052714,-0.067029,7.9939e-06
0.065334,0.93806,0.31018,0.055148,-0.0016704,-0.067631,-2.4554e-05
0.092286,0.9433,0.32605,0.068756,-0.002838,-0.068152,-5.7698e-05
0.11866,0.94901,0.34181,0.082107,-0.0040267,-0.06859,-9.1362e-05
0.14446,0.95517,0.35747,0.095128,-0.0052336,-0.068942,-0.00012547
0.018923,0.75015,0.2528,0.03338,-0.00073196,-0.069006,9.7933e-06
0.043996,0.76,0.26758,0.043828,-0.0017349,-0.069226,-1.6472e-05
0.068549,0.77027,0.28234,0.053898,-0.0027502,-0.069363,-4.3222e-05
0.092594,0.78092,0.29708,0.063511,-0.0037738,-0.069415,-7.0359e-05
0.11614,0.79194,0.31181,0.072586,-0.0048019,-0.069378,-9.7784e-05
-0.0023223,0.55117,0.21196,0.032477,-0.0011007,-0.072425,-4.6287e-05
0.019399,0.56725,0.22572,0.038766,-0.0018981,-0.072337,-6.5e-05
0.040456,0.58345,0.2394,0.044499,-0.0026875,-0.072178,-8.3948e-05
0.060892,0.5997,0.253,0.049599,-0.0034646,-0.071949,-0.00010303
0.080751,0.61594,0.26656,0.053996,-0.0042253,-0.071648,-0.00012214
-0.064218,0.34542,0.14335,0.020434,-0.00045014,-0.074635,-7.9113e-05
-0.045891,0.36406,0.15649,0.023739,-0.001021,-0.074583,-9.33e-05
-0.028035,0.38244,0.16973,0.026301,-0.0015723,-0.074468,-0.00010785
-0.010612,0.40048,0.18309,0.028052,-0.0021001,-0.074292,-0.00012265
0.0064161,0.41812,0.19658,0.028931,-0.0026007,-0.074055,-0.00013763
-0.048527,0.15532,0.14238,0.0010222,2.1692e-05,-0.075109,-9.6953e-05
-0.043737,0.17397,0.147,0.0010301,-0.0001016,-0.075147,-9.7559e-05
-0.039147,0.19185,0.15192,7.799e-05,-0.00019345,-0.075115,-9.8431e-05
-0.034736,0.2089,0.15716,-0.0018756,-0.00025112,-0.075014,-9.9501e-05
-0.030477,0.22511,0.16273,-0.0048626,-0.00027259,-0.074843,-0.00010072
-0.08933,0.031019,0.10091,-0.0052656,-0.0059283,-0.076001,-0.00017936
-0.09021,0.046352,0.10349,-0.01225,-0.0059051,-0.075323,-0.00017842
-0.091701,0.059941,0.10605,-0.020062,-0.0058379,-0.074602,-0.00017693
-0.093784,0.071631,0.10863,-0.028659,-0.0057255,-0.07384,-0.00017491
-0.096452,0.081318,0.11123,-0.037989,-0.005567,-0.073041,-0.00017239
-0.09084,-0.033483,0.095323,0.0092988,-0.0073625,-0.077272,-0.00022218
-0.10218,-0.034516,0.091131,-0.00062072,-0.0069698,-0.076439,-0.00021435
-0.11448,-0.037538,0.086643,-0.011075,-0.0065312,-0.075593,-0.00020589
-0.12775,-0.042446,0.081872,-0.021991,-0.006048,-0.074735,-0.00019684
-0.142,-0.049096,0.076831,-0.033298,-0.0055213,-0.073869,-0.00018722
-0.18212,0.0048112,0.029894,0.031172,-0.0061585,-0.078117,-0.00015993
-0.20357,-0.011047,0.019227,0.019974,-0.0054358,-0.077257,-0.0001455
-0.22697,-0.028508,0.0075301,0.0086431,-0.0046585,-0.076421,-0.00012965
-0.25227,-0.047308,-0.0051297,-0.0027823,-0.0038308,-0.075607,-0.00011253
-0.2794,-0.067167,-0.018679,-0.014274,-0.0029571,-0.074814,-9.4264e-05
-0.15779,0.12982,0.058244,0.059063,0.00041591,-0.078833,-2.03e-06
-0.18339,0.11456,0.045728,0.047022,0.0013318,-0.077946,1.6784e-05
-0.21074,0.098833,0.032345,0.034819,0.0022891,-0.077075,3.6904e-05
-0.23975,0.082901,0.0182,0.022443,0.0032848,-0.076217,5.8199e-05
-0.27032,0.067025,0.0033995,0.009883,0.0043161,-0.075366,8.0549e-05
-0.1218,0.34494,0.1134,0.052731,0.006878,-0.075244,0.00016246
-0.14171,0.34029,0.10719,0.037954,0.0079025,-0.074131,0.000182
-0.16278,0.33594,0.10055,0.023015,0.0089559,-0.073027,0.00020268
-0.18492,0.33211,0.093574,0.0079024,0.010037,-0.071927,0.00022443
-0.20801,0.32893,0.086362,-0.0073986,0.011144,-0.070826,0.00024714
-0.052977,0.6532,0.20053,0.0064273,0.0068066,-0.068509,0.00017337
-0.065102,0.65955,0.20185,-0.010746,0.0078246,-0.067181,0.00019159
-0.077993,0.66621,0.2029,-0.027928,0.0088744,-0.065873,0.00021118
-0.091565,0.67331,0.20374,-0.045135,0.0099545,-0.06458,0.00023202
-0.10574,0.68095,0.20443,-0.06238,0.011063,-0.063298,0.00025403
-1.0753,0.82852,-0.46086,-0.076594,0.0078211,-0.064444,0.00040081
-1.1114,0.82963,-0.47032,-0.097253,0.0086474,-0.062824,0.00041455
-1.1489,0.83159,-0.48065,-0.11762,0.0094603,-0.061287,0.00042876
-1.1877,0.83433,-0.49183,-0.13775,0.010264,-0.059822,0.00044352
-1.228,0.83777,-0.50382,-0.15767,0.011061,-0.05842,0.00045887
-2.1979,0.8531,-1.1471,-0.14143,0.016678,-0.06174,0.00080223
-2.2413,0.85397,-1.1576,-0.16369,0.017475,-0.060056,0.00081378
-2.2854,0.85577,-1.1689,-0.18552,0.018244,-0.058469,0.00082542
-2.3305,0.85834,-1.181,-0.20698,0.018994,-0.056966,0.00083728
-2.3764,0.86156,-1.1938,-0.2281,0.019729,-0.055536,0.00084947
-1.8849,1.0613,-0.84913,-0.15991,0.011327,-0.058115,0.00056913
-1.9163,1.0714,-0.85521,-0.18137,0.01194,-0.056572,0.00057879
-1.9474,1.0815,-0.86134,-0.20245,0.012552,-0.055076,0.00058871
-1.9783,1.0916,-0.86752,-0.22314,0.013165,-0.053623,0.0005989
-2.0091,1.1016,-0.87373,-0.24342,0.01378,-0.052209,0.00060935
-0.97152,1.3638,-0.19644,-0.1469,0.0026346,-0.055233,0.00021005
-1.0038,1.382,-0.20809,-0.16877,0.0032419,-0.053651,0.00022455
-1.0348,1.3995,-0.21876,-0.19018,0.0038706,-0.052081,0.0002392
-1.0645,1.4164,-0.22858,-0.2111,0.004516,-0.050528,0.00025395
-1.093,1.4327,-0.23766,-0.23147,0.005174,-0.048999,0.00026875
-0.2032,1.6035,0.31048,-0.10004,-0.0035879,-0.058425,-3.4497e-05
-0.25771,1.6219,0.28139,-0.12329,-0.0027986,-0.056517,-8.639e-06
-0.30721,1.6396,0.25583,-0.14577,-0.0020037,-0.054639,1.6244e-05
-0.35251,1.6567,0.23315,-0.16747,-0.0012074,-0.052799,4.0275e-05
-0.39424,1.6731,0.21286,-0.18839,-0.00041354,-0.050997,6.3547e-05
1.2451,1.7987,1.211,0.004721,-0.012736,-0.062381,-0.00041014
1.1973,1.8174,1.1797,-0.015666,-0.012078,-0.060686,-0.00038445
1.1545,1.8352,1.1522,-0.03524,-0.011385,-0.059008,-0.00035911
1.1159,1.852,1.1279,-0.054017,-0.010667,-0.057354,-0.00033415
1.0807,1.8678,1.1063,-0.072009,-0.009935,-0.055727,-0.0003096
0.10939,1.7775,0.48393,-0.056961,-0.0032189,-0.063722,-3.794e-05
0.097234,1.7875,0.47923,-0.071158,-0.0027687,-0.06223,-2.3512e-05
0.085113,1.7971,0.47436,-0.084816,-0.0023275,-0.060797,-9.3568e-06
0.07307,1.8063,0.46934,-0.097928,-0.0018974,-0.059419,4.533e-06
0.061148,1.815,0.4642,-0.11049,-0.0014799,-0.058091,1.8162e-05
0.056425,1.7868,0.47864,-0.050816,-0.0022012,-0.06811,-2.8164e-05
0.043897,1.7944,0.47292,-0.063484,-0.0018017,-0.06656,-1.4554e-05
0.031501,1.8017,0.46711,-0.075591,-0.0014109,-0.06509,-1.369e-06
0.019281,1.8087,0.46124,-0.087143,-0.0010311,-0.063692,1.1416e-05
0.0072721,1.8153,0.45534,-0.098149,-0.00066421,-0.062356,2.3822e-05
0.032801,1.8029,0.4715,-0.03127,-0.0020499,-0.072147,-2.8849e-05
0.020069,1.8073,0.46476,-0.040587,-0.0017053,-0.070937,-1.6523e-05
0.007548,1.8116,0.45803,-0.049465,-0.0013697,-0.069789,-4.6793e-06
-0.0047276,1.8157,0.45133,-0.057909,-0.0010451,-0.068694,6.7179e-06
-0.016729,1.8195,0.44468,-0.065927,-0.00073341,-0.067647,1.7698e-05
0.050193,1.8256,0.48369,-0.035146,-0.0017271,-0.073896,-2.0956e-05
0.040632,1.8284,0.47787,-0.041821,-0.0014615,-0.072977,-1.0817e-05
0.031266,1.8309,0.47208,-0.048068,-0.0012046,-0.072117,-1.1135e-06
0.022121,1.8332,0.46632,-0.053899,-0.00095798,-0.071308,8.1874e-06
0.013219,1.8352,0.46062,-0.059327,-0.00072321,-0.070543,1.7115e-05
0.13341,1.852,0.5324,-0.022645,-0.0024886,-0.076309,-4.0839e-05
0.12668,1.8538,0.52761,-0.027066,-0.0023082,-0.075633,-3.3012e-05
0.12014,1.8554,0.52289,-0.031193,-0.0021351,-0.074993,-2.5566e-05
0.11376,1.8569,0.51823,-0.035031,-0.0019707,-0.074383,-1.8464e-05
0.10757,1.8582,0.51363,-0.038582,-0.0018165,-0.0738,-1.1676e-05
0.084993,1.8683,0.50042,-0.031276,-0.0022436,-0.078382,-3.2066e-05
0.076892,1.8689,0.49469,-0.034593,-0.0021002,-0.077795,-2.5387e-05
0.06897,1.8695,0.48902,-0.037593,-0.0019623,-0.077256,-1.9061e-05
0.061235,1.8698,0.48342,-0.040293,-0.0018314,-0.07676,-1.3055e-05
0.053692,1.87,0.47789,-0.042711,-0.0017086,-0.076299,-7.3387e-06
-0.072219,2.1534,0.45704,-0.38399,-0.00078141,-0.050513,1.9991e-05
-0.071488,2.1567,0.45608,-0.38481,-0.0007398,-0.050374,2.2451e-05
-0.070887,2.1601,0.4551,-0.38612,-0.00070637,-0.050153,2.4851e-05
-0.070375,2.1635,0.45409,-0.38776,-0.00068028,-0.049873,2.7171e-05
-0.069919,2.1668,0.45307,-0.38959,-0.000661,-0.049551,2.9398e-05
-0.085138,2.2194,0.45743,-0.4329,-0.00058266,-0.050735,2.2552e-05
-0.085652,2.2252,0.45628,-0.43723,-0.00054937,-0.050195,2.5291e-05
-0.0861,2.2306,0.45512,-0.44118,-0.00051417,-0.049696,2.7856e-05
-0.086481,2.2355,0.45397,-0.44475,-0.00047789,-0.049237,3.0254e-05
-0.086797,2.2401,0.45282,-0.44797,-0.00044132,-0.048813,3.2492e-05
-0.091559,2.2109,0.44838,-0.4363,-0.00063223,-0.051668,1.93e-05
-0.090549,2.2148,0.44801,-0.43955,-0.00060995,-0.051233,2.083e-05
-0.089508,2.2183,0.44763,-0.4423,-0.00058643,-0.05086,2.218e-05
-0.088445,2.2215,0.44724,-0.44462,-0.00056247,-0.050537,2.3366e-05
-0.087372,2.2244,0.44683,-0.44657,-0.00053874,-0.050259,2.4402e-05
-0.064432,2.2147,0.46247,-0.4364,-0.00070984,-0.052698,1.2744e-05
-0.065158,2.2178,0.46116,-0.43887,-0.00067918,-0.052396,1.3872e-05
-0.065769,2.2207,0.45991,-0.44091,-0.00064717,-0.05215,1.4838e-05
-0.066288,2.2233,0.45871,-0.44257,-0.00061447,-0.051951,1.566e-05
-0.066737,2.2257,0.45755,-0.44393,-0.00058158,-0.051792,1.6353e-05
0.073195,2.1251,0.52872,-0.35599,-0.0010668,-0.059336,-1.0633e-05
0.071777,2.1276,0.52708,-0.3582,-0.0010425,-0.059053,-1.0112e-05
0.070582,2.1297,0.52555,-0.35982,-0.0010167,-0.058846,-9.7568e-06
0.069566,2.1316,0.52414,-0.36098,-0.00099039,-0.058697,-9.5419e-06
0.068691,2.1332,0.52281,-0.36178,-0.00096409,-0.058596,-9.4446e-06
-0.10385,2.1472,0.42815,-0.41469,-0.00021137,-0.054485,2.9231e-05
-0.10272,2.147,0.42796,-0.4135,-0.00018467,-0.054649,2.8862e-05
-0.10186,2.1469,0.42766,-0.41245,-0.00015991,-0.054796,2.8497e-05
-0.10122,2.1469,0.42727,-0.41153,-0.00013692,-0.054929,2.8132e-05
-0.10079,2.1471,0.42681,-0.4107,-0.00011554,-0.055052,2.7765e-05
-0.037493,1.9968,0.44815,-0.17399,-0.00011153,-0.076428,2.6926e-05
-0.034635,1.9942,0.44927,-0.17368,-0.00013211,-0.076352,2.5286e-05
-0.031844,1.9917,0.45033,-0.17284,-0.00013606,-0.076381,2.3864e-05
-0.029123,1.9892,0.45134,-0.1716,-0.00012859,-0.076491,2.259e-05
-0.026474,1.9869,0.4523,-0.17007,-0.00011369,-0.076665,2.1407e-05
-0.02286,1.9153,0.45005,-0.14692,0.00013961,-0.077182,3.206e-05
-0.020663,1.9126,0.45072,-0.14504,0.00019252,-0.077433,3.1761e-05
-0.018517,1.9102,0.4514,-0.14311,0.00024055,-0.0777,3.1389e-05
-0.01643,1.9079,0.45208,-0.14116,0.00028356,-0.077977,3.0946e-05
-0.014406,1.9059,0.45275,-0.13921,0.00032161,-0.078261,3.0433e-05
-0.032325,1.8718,0.44289,-0.10774,0.00056919,-0.079201,4.4862e-05
-0.030579,1.8698,0.44356,-0.10594,0.00065391,-0.079448,4.5543e-05
-0.028846,1.868,0.44427,-0.10423,0.00072698,-0.079683,4.6071e-05
-0.027138,1.8664,0.445,-0.10259,0.00078917,-0.079908,4.6455e-05
-0.025466,1.8649,0.44574,-0.10103,0.00084128,-0.08012,4.6705e-05
-0.056791,1.8461,0.42665,-0.11859,0.00041714,-0.080316,3.8026e-05
-0.055482,1.8446,0.42721,-0.11742,0.00042616,-0.08048,3.7373e-05
-0.054232,1.8432,0.42776,-0.11629,0.00043324,-0.080648,3.6686e-05
-0.053042,1.8419,0.42831,-0.11519,0.00043849,-0.080819,3.5964e-05
-0.051917,1.8407,0.42885,-0.11414,0.00044211,-0.080992,3.5208e-05
-0.039459,1.884,0.44235,-0.12989,4.5097e-06,-0.077389,2.5102e-05
-0.038497,1.8834,0.44285,-0.12832,2.3362e-05,-0.077652,2.4747e-05
-0.037583,1.8829,0.44336,-0.12699,3.44e-05,-0.077877,2.4322e-05
-0.036723,1.8826,0.44388,-0.12587,3.9149e-05,-0.07807,2.384e-05
-0.035917,1.8824,0.44441,-0.12491,3.8875e-05,-0.078238,2.3312e-05
-0.061737,1.8708,0.42931,-0.1319,0.00030895,-0.079299,3.74e-05
-0.06108,1.8708,0.42986,-0.13149,0.00027581,-0.079404,3.6184e-05
-0.060487,1.8709,0.4304,-0.13111,0.00024352,-0.079512,3.4952e-05
-0.059957,1.8711,0.43091,-0.13078,0.00021215,-0.079622,3.3705e-05
-0.059489,1.8713,0.43141,-0.13047,0.0001818,-0.079735,3.2439e-05
-0.18674,1.9399,0.3636,-0.23942,-0.00017513,-0.070435,2.5586e-05
-0.18549,1.9394,0.36482,-0.23818,-0.00016538,-0.070678,2.4971e-05
-0.18457,1.9392,0.36582,-0.23733,-0.00015643,-0.070874,2.4413e-05
-0.18393,1.9392,0.36667,-0.23679,-0.00014765,-0.071033,2.3893e-05
-0.18354,1.9395,0.36736,-0.2365,-0.00013857,-0.071162,2.3396e-05
-0.18765,1.9373,0.36755,-0.2463,1.0198e-05,-0.070484,3.6284e-05
-0.18754,1.9379,0.36811,-0.24629,1.7674e-05,-0.070588,3.5665e-05
-0.18763,1.9386,0.36857,-0.24644,2.6855e-05,-0.070673,3.5072e-05
-0.18789,1.9395,0.36894,-0.24672,3.7938e-05,-0.070743,3.4495e-05
-0.18828,1.9405,0.36924,-0.2471,5.107e-05,-0.070803,3.3927e-05
-0.16741,1.9413,0.37955,-0.24945,-0.00012605,-0.070304,1.6357e-05
-0.16777,1.9423,0.37981,-0.24985,-0.00010681,-0.070365,1.5916e-05
-0.16821,1.9434,0.38005,-0.25033,-8.6052e-05,-0.070419,1.5447e-05
-0.16872,1.9446,0.38026,-0.25086,-6.3622e-05,-0.070466,1.4949e-05
-0.16928,1.9459,0.38045,-0.25143,-3.9407e-05,-0.070509,1.4421e-05
-0.13111,1.931,0.40239,-0.23179,-0.00038375,-0.071303,1.8843e-05
-0.13226,1.9325,0.40216,-0.2324,-0.00036518,-0.071331,1.8062e-05
-0.13339,1.934,0.40197,-0.233,-0.00034413,-0.071361,1.7297e-05
-0.13451,1.9355,0.40181,-0.23359,-0.00032064,-0.071393,1.6545e-05
-0.13561,1.9371,0.40168,-0.23418,-0.00029477,-0.071427,1.5803e-05
-0.17631,1.9319,0.37439,-0.24339,-0.00053167,-0.069998,2.0857e-05
