0,0,0
0.0085708,-0.0015324,-0.0023699
0.015565,-0.0027813,-0.0044216
0.021204,-0.0037836,-0.0061685
0.025683,-0.0045708,-0.0076279
0.02917,-0.0051699,-0.0088191
0.023248,-0.0042638,-0.0073623
0.018285,-0.0034141,-0.0059619
0.014137,-0.0026148,-0.0046396
0.010679,-0.001859,-0.00341
0.00714,0.0004318,-0.0013792
0.0042845,0.0022668,0.00041179
0.0020025,0.0037246,0.0019762
0.00020033,0.0048751,0.003329
-0.0012014,0.0057799,0.0044857
-0.0031084,0.0071995,0.0051531
-0.0046157,0.0084102,0.0057123
-0.0057807,0.0094617,0.0061738
-0.0066535,0.010397,0.0065476
-0.007277,0.011252,0.0068433
-0.007752,0.011803,0.0067913
-0.0080091,0.01239,0.0067438
-0.0080803,0.013029,0.0067004
-0.0079929,0.013732,0.0066608
-0.0077708,0.014512,0.0066249
-0.0077524,0.015147,0.0062483
-0.0075966,0.015921,0.0059333
-0.0073216,0.016835,0.0056725
-0.006943,0.017888,0.0054593
-0.0064737,0.019078,0.0052879
-0.0056646,0.019538,0.0051009
-0.0048688,0.020298,0.0049196
-0.0040819,0.021331,0.0047451
-0.0032988,0.022613,0.0045783
-0.0025145,0.024125,0.00442
-0.001796,0.025759,0.0042063
-0.0010477,0.027607,0.0040182
-0.00026805,0.029653,0.0038534
0.0005451,0.031885,0.0037097
0.0013948,0.03429,0.0035856
0.002189,0.036731,0.0033798
0.0030514,0.03935,0.0032146
0.0039811,0.042135,0.0030849
0.0049786,0.045076,0.0029862
0.0060456,0.048163,0.002915
0.0070161,0.051252,0.0026803
0.0081013,0.054497,0.0025084
0.0092966,0.057886,0.0023896
0.0106,0.06141,0.0023162
0.012009,0.065057,0.0022815
0.013331,0.068695,0.0020773
0.014808,0.072464,0.001946
0.016432,0.07635,0.0018756
0.018198,0.080342,0.0018561
0.020105,0.08443,0.0018795
0.021897,0.088472,0.0016859
0.023889,0.092614,0.0015788
0.026069,0.096843,0.0015432
0.028428,0.10115,0.0015667
0.030963,0.10551,0.0016392
0.033445,0.10976,0.0016051
0.036151,0.11408,0.0016443
0.039067,0.11845,0.0017427
0.042187,0.12285,0.0018888
0.045504,0.12727,0.0020735
0.048619,0.13157,0.0018935
0.052019,0.13589,0.0018275
0.055683,0.1402,0.0018537
0.059594,0.14449,0.0019546
0.063742,0.14873,0.0021157
0.06767,0.15282,0.0018627
0.071924,0.15686,0.0017514
0.076475,0.16082,0.0017549
0.081302,0.16469,0.0018509
0.086386,0.16844,0.0020213
0.091131,0.172,0.0016592
0.096247,0.17543,0.0014775
0.1017,0.1787,0.0014415
0.10745,0.18181,0.0015227
0.11348,0.18473,0.0016976
0.11909,0.18742,0.0013033
0.12511,0.1899,0.0011141
0.13147,0.19214,0.0010894
0.13814,0.19413,0.0011965
0.14509,0.19584,0.0014081
0.15139,0.1974,0.00081255
0.15814,0.19863,0.00048469
0.16526,0.19953,0.0003721
0.17271,0.20007,0.0004318
0.18045,0.20025,0.00062868
0.18743,0.20007,0.00031889
0.19484,0.19949,0.00022371
0.20261,0.19851,0.00029559
0.21069,0.19711,0.00049617
0.21902,0.19528,0.00079459
0.22636,0.19327,0.00044164
0.23414,0.19076,0.00032286
0.24227,0.18776,0.0003845
0.25069,0.18426,0.0005834
0.25933,0.18027,0.000885
0.26684,0.17598,0.00045459
0.27476,0.17116,0.00027809
0.283,0.1658,0.00029796
0.29147,0.15992,0.00046786
0.3001,0.15351,0.00075056
0.30737,0.14684,0.0004702
0.31501,0.13959,0.00042154
0.32291,0.13178,0.00054738
0.33098,0.12343,0.00080208
0.33914,0.11455,0.0011494
0.34562,0.10558,0.00081526
0.35243,0.096017,0.00072682
0.35945,0.085884,0.0008219
0.36658,0.075212,0.0010511
0.37372,0.06403,0.0013751
0.37889,0.052933,0.00082479
0.38435,0.041243,0.00056967
0.38997,0.029007,0.00053558
0.39563,0.01627,0.00066337
0.40122,0.003076,0.00090605
0.40391,-0.0078983,0.00061049
0.40696,-0.019797,0.00056347
0.41022,-0.032498,0.00069403
0.41355,-0.045894,0.00094529
0.41681,-0.059887,0.0012719
0.41742,-0.072902,0.0010533
0.41831,-0.086686,0.0010638
0.41932,-0.10111,0.0012307
0.42031,-0.11606,0.0014965
0.42114,-0.13144,0.0018154
0.41836,-0.14362,0.0018523
0.41598,-0.15685,0.0020345
0.41379,-0.17094,0.0023061
0.41163,-0.18569,0.0026227
0.40936,-0.20093,0.002949
0.40369,-0.21411,0.0024688
0.39838,-0.22814,0.0022185
0.39326,-0.24278,0.0021306
0.38814,-0.25787,0.0021504
0.3829,-0.27322,0.0022333
0.37416,-0.28575,0.0018397
0.36577,-0.29903,0.0016189
0.35753,-0.31283,0.0015145
0.3493,-0.32694,0.0014797
0.34093,-0.34119,0.001476
0.32893,-0.35201,0.00083566
0.31728,-0.36354,0.00036877
0.30582,-0.37552,2.0501e-05
0.29439,-0.38773,-0.00025542
0.28285,-0.39999,-0.00049785
0.26736,-0.40781,-0.0013605
0.25228,-0.41644,-0.0020566
0.23743,-0.4256,-0.002629
0.22264,-0.43505,-0.0031141
0.20779,-0.44459,-0.003543
0.18972,-0.44992,-0.0038467
0.17184,-0.45588,-0.0041157
0.15399,-0.46219,-0.0043706
0.13602,-0.46864,-0.004629
0.11778,-0.47504,-0.0049051
0.096905,-0.47774,-0.005301
0.075875,-0.48072,-0.0056845
0.054553,-0.48375,-0.0060638
0.032822,-0.48665,-0.0064452
0.010586,-0.48925,-0.0068325
-0.012705,-0.4905,-0.0061394
-0.036609,-0.49124,-0.0056576
-0.061162,-0.49138,-0.0053484
-0.086377,-0.4908,-0.0051766
-0.11225,-0.48942,-0.0051094
-0.13695,-0.49062,-0.0039643
-0.16246,-0.49031,-0.0031479
-0.18866,-0.48857,-0.0025957
-0.21545,-0.48543,-0.0022502
-0.24268,-0.48096,-0.0020601
-0.26595,-0.48298,-0.00036776
-0.28981,-0.48272,0.00085953
-0.31407,-0.48043,0.0017104
-0.33853,-0.47633,0.0022616
-0.36301,-0.47063,0.0025798
-0.38138,-0.47382,0.0036587
-0.40001,-0.47447,0.0043079
-0.4187,-0.47296,0.0046268
-0.43728,-0.4696,0.0046963
-0.45557,-0.46469,0.0045828
-0.46757,-0.46821,0.0056012
-0.47966,-0.46936,0.0061524
-0.49164,-0.46853,0.0063394
-0.50337,-0.46608,0.0062475
-0.5147,-0.46229,0.0059467
-0.52101,-0.46424,0.0060338
-0.52723,-0.46441,0.0058031
-0.53324,-0.46314,0.0053356
-0.53889,-0.46071,0.0046973
-0.54407,-0.45736,0.0039414
-0.54529,-0.45861,0.0039593
-0.54632,-0.45848,0.0036698
-0.54705,-0.45724,0.0031551
-0.54736,-0.4551,0.0024814
-0.54715,-0.45225,0.0017013
-0.54364,-0.45256,0.002014
-0.53986,-0.45184,0.0019908
-0.53571,-0.45027,0.0017215
-0.53108,-0.44802,0.001277
-0.52589,-0.44521,0.00071301
-0.51816,-0.4445,0.0010401
-0.51008,-0.44299,0.0010949
-0.50156,-0.44079,0.00094888
-0.49255,-0.43803,0.00065827
-0.483,-0.43478,0.00026722
-0.47218,-0.43297,-2.2461e-05
-0.46088,-0.43043,-0.00038418
-0.44907,-0.42726,-0.00079517
-0.43676,-0.42352,-0.0012383
-0.42393,-0.41927,-0.001701
-0.40969,-0.41578,-0.0016019
-0.39513,-0.41163,-0.00166
-0.38026,-0.40686,-0.0018424
-0.3651,-0.40153,-0.0021229
-0.34965,-0.39566,-0.002481
-0.33326,-0.39022,-0.0023475
-0.31678,-0.38411,-0.0024042
-0.30025,-0.37736,-0.0026147
-0.28367,-0.37002,-0.0029496
-0.2671,-0.3621,-0.0033847
-0.24989,-0.35402,-0.0031565
-0.23287,-0.34533,-0.0031418
-0.21609,-0.33605,-0.0033009
-0.19957,-0.32621,-0.0036006
-0.18335,-0.31582,-0.0040129
-0.16694,-0.30504,-0.003596
-0.151,-0.29372,-0.0034288
-0.13558,-0.28188,-0.0034656
-0.1207,-0.26954,-0.0036676
-0.1064,-0.25672,-0.0040014
-0.092345,-0.24327,-0.0036319
-0.079034,-0.22941,-0.003498
-0.066489,-0.21516,-0.0035542
-0.054737,-0.20053,-0.0037616
-0.043809,-0.18556,-0.0040873
-0.033532,-0.17021,-0.0037129
-0.02419,-0.15456,-0.003575
-0.0158,-0.13863,-0.0036275
-0.0083818,-0.12243,-0.0038317
-0.0019537,-0.10601,-0.0041547
0.0038464,-0.088766,-0.0036984
0.0085383,-0.071456,-0.0034792
0.012126,-0.0541,-0.0034505
0.014612,-0.036717,-0.0035731
0.015999,-0.019328,-0.003814
0.016646,-0.0013511,-0.0033911
0.016124,0.016478,-0.0031792
0.014456,0.034147,-0.0031354
0.011667,0.051641,-0.0032237
0.0077809,0.068943,-0.0034141
0.0032386,0.086524,-0.0030637
-0.0024369,0.10379,-0.0028808
-0.009201,0.12074,-0.0028289
-0.01701,0.13735,-0.0028777
-0.025821,0.15361,-0.0030022
-0.035146,0.16984,-0.0027548
-0.045472,0.18564,-0.0026265
-0.056738,0.201,-0.0025879
-0.068881,0.21591,-0.0026152
-0.081842,0.23037,-0.0026889
-0.09499,0.2443,-0.0024537
-0.10895,0.25778,-0.0023195
-0.12365,0.27081,-0.0022588
-0.13899,0.28337,-0.0022495
-0.15492,0.29545,-0.0022741
-0.17038,0.30685,-0.0018125
-0.18644,0.31782,-0.0014793
-0.203,0.32836,-0.0012378
-0.21994,0.33846,-0.0010588
-0.23719,0.34811,-0.00091933
-0.25395,0.35647,-0.00075825
-0.27095,0.36454,-0.00064397
-0.28808,0.3723,-0.00055357
-0.30525,0.37974,-0.00046963
-0.32236,0.38684,-0.00037922
-0.33848,0.39247,-0.00015688
-0.35455,0.39797,4.9e-06
-0.37048,0.40332,0.00013125
-0.38615,0.40849,0.00024124
-0.40149,0.41348,0.00034907
-0.41541,0.417,0.00050812
-0.42901,0.42056,0.00062625
-0.44219,0.42412,0.00072491
-0.45486,0.42766,0.00082012
-0.46694,0.43116,0.00092356
-0.47732,0.43321,0.0010795
-0.48714,0.43544,0.0012145
-0.49632,0.43783,0.001346
-0.50479,0.44034,0.0014866
-0.51248,0.44295,0.0016451
-0.51838,0.44418,0.0017563
-0.52355,0.44575,0.0018795
-0.52792,0.4476,0.0020248
-0.53143,0.4497,0.0021994
-0.53404,0.45202,0.0024076
-0.5348,0.45295,0.0023694
-0.53468,0.4543,0.0024331
-0.53365,0.45601,0.0025927
-0.53167,0.45804,0.0028416
-0.52872,0.46035,0.0031731
-0.52414,0.46184,0.0032254
-0.51867,0.46374,0.0033999
-0.5123,0.46599,0.0036854
-0.50502,0.46854,0.004071
-0.49681,0.47133,0.0045465
-0.48711,0.47344,0.0046701
-0.47659,0.47588,0.0049414
-0.46526,0.4786,0.0053417
-0.45312,0.48153,0.0058534
-0.44018,0.48463,0.0064598
-0.42609,0.48699,0.0064804
-0.41129,0.48957,0.0066927
-0.39581,0.49231,0.0070641
-0.37967,0.49515,0.0075648
-0.36289,0.49802,0.0081669
-0.34502,0.49986,0.0080597
-0.32667,0.50182,0.0081342
-0.30785,0.50381,0.0083511
-0.2886,0.50578,0.0086742
-0.26893,0.50766,0.0090703
-0.24843,0.50903,0.0087132
-0.22765,0.51017,0.008503
-0.2066,0.51106,0.008398
-0.18532,0.51164,0.0083612
-0.16383,0.51189,0.0083601
-0.14175,0.51129,0.0076765
-0.11955,0.51038,0.0071045
-0.097263,0.50912,0.0066047
-0.074934,0.50748,0.0061437
-0.052605,0.50543,0.0056941
-0.030494,0.50269,0.0045503
-0.0083862,0.4995,0.0034803
0.013656,0.49587,0.0024593
0.035571,0.49177,0.0014689
0.057302,0.48719,0.0004962
0.078586,0.48145,-0.00063754
0.09965,0.47533,-0.0017513
0.12043,0.46881,-0.0028493
0.14086,0.46188,-0.0039321
0.16088,0.45451,-0.0049974
0.17951,0.44681,-0.0058629
0.19781,0.43866,-0.006702
0.2157,0.43005,-0.007512
0.23314,0.42098,-0.0082882
0.25005,0.41147,-0.009025
0.26552,0.40188,-0.0091389
0.28051,0.39183,-0.0092595
0.29496,0.38133,-0.009379
0.30883,0.37041,-0.0094894
0.32209,0.35907,-0.0095832
0.33403,0.34761,-0.0089114
0.34538,0.33576,-0.0083126
0.35611,0.32354,-0.0077741
0.36618,0.31097,-0.0072843
0.37559,0.29808,-0.0068327
0.38723,0.28009,-0.0060118
0.39761,0.26276,-0.0052914
0.40681,0.24597,-0.004657
0.4149,0.22961,-0.0040958
0.42192,0.21361,-0.0035969
0.43036,0.19358,-0.0032361
0.43733,0.1747,-0.0028957
0.44298,0.1568,-0.0025757
0.44741,0.13973,-0.0022753
0.45071,0.12336,-0.0019936
0.45101,0.1093,-0.0015254
0.45074,0.095462,-0.0010807
0.44993,0.081825,-0.00066118
0.44857,0.068377,-0.00026731
0.44669,0.055113,0.00010101
0.44109,0.045714,0.00071913
0.43571,0.035725,0.0013003
0.43046,0.025283,0.0018447
0.42525,0.014505,0.0023527
0.42003,0.0034976,0.002825
0.41179,-0.0048263,0.0030134
0.40415,-0.013892,0.0032556
0.39697,-0.023499,0.0035365
0.39011,-0.033478,0.0038433
0.38345,-0.043685,0.0041655
0.37231,-0.048143,0.0041045
0.36226,-0.053866,0.0041286
0.35306,-0.060555,0.0042205
0.34453,-0.067959,0.0043651
0.33651,-0.075862,0.0045492
0.33029,-0.088173,0.0039285
0.32399,-0.099749,0.0034962
0.31759,-0.11061,0.0032152
0.31108,-0.12079,0.0030548
0.30446,-0.1303,0.0029892
0.29684,-0.13928,0.0024607
0.2893,-0.1476,0.0021223
0.28182,-0.15527,0.0019341
0.27437,-0.16231,0.0018634
0.26694,-0.16875,0.0018833
0.25866,-0.17474,0.0014167
0.25057,-0.18013,0.0011205
0.24263,-0.18495,0.00095922
0.23482,-0.18921,0.00090351
0.22713,-0.19294,0.00092943
0.21893,-0.19604,0.00068315
0.21094,-0.19865,0.0005532
0.20316,-0.2008,0.00051319
0.19555,-0.2025,0.00054166
0.1881,-0.20376,0.0006212
0.18013,-0.20427,0.00047307
0.17244,-0.20444,0.00041096
0.16501,-0.20427,0.00041518
0.15782,-0.20378,0.00046963
0.15085,-0.20296,0.0005612
0.14378,-0.20203,0.00045077
0.13698,-0.20076,0.000412
0.13042,-0.19919,0.00042697
0.12409,-0.19733,0.0004813
0.11798,-0.19519,0.00056355
0.11403,-0.19263,0.0026213
0.10984,-0.18985,0.0042623
0.10549,-0.18685,0.0055585
0.10103,-0.18366,0.0065691
0.096515,-0.18028,0.0073435
0.091921,-0.17675,0.0079899
0.087368,-0.17306,0.0084783
0.082875,-0.16923,0.0088319
0.078459,-0.16526,0.0090711
0.074136,-0.16119,0.0092132
0.069754,-0.15704,0.009047
0.065527,-0.15279,0.0088643
0.061452,-0.14846,0.0086658
0.05753,-0.14406,0.008453
0.053761,-0.13961,0.0082276
0.049944,-0.13503,0.0078473
0.046328,-0.13045,0.0074966
0.042903,-0.12587,0.007169
0.039659,-0.1213,0.0068598
0.036587,-0.11676,0.0065655
0.03304,-0.11175,0.0056829
0.029802,-0.10688,0.0049485
0.026839,-0.10214,0.0043346
0.024122,-0.097508,0.0038193
0.021628,-0.092995,0.0033845
0.019837,-0.089159,0.0032525
0.018113,-0.085313,0.0031094
0.016464,-0.081475,0.0029602
0.014894,-0.077659,0.0028084
0.013406,-0.07388,0.0026568
0.010302,-0.0702,0.0011137
0.0076371,-0.066548,-0.00011428
0.0053485,-0.062942,-0.0010854
0.0033835,-0.059394,-0.0018472
0.0016979,-0.055917,-0.0024386
0.00029155,-0.052453,-0.0030547
-0.00090607,-0.049091,-0.003528
-0.0019221,-0.045834,-0.0038835
-0.0027796,-0.042685,-0.0041419
-0.0034986,-0.039648,-0.0043207
-0.0041703,-0.036765,-0.0045303
-0.0047179,-0.033987,-0.0046644
-0.0051568,-0.031316,-0.0047363
-0.0055004,-0.028754,-0.0047572
-0.0057606,-0.026303,-0.0047365
-0.0058223,-0.024066,-0.0047173
-0.0058405,-0.02192,-0.0046655
-0.0058218,-0.019867,-0.0045883
-0.0057721,-0.01791,-0.0044915
-0.0056964,-0.016052,-0.00438
-0.0054471,-0.014198,-0.0039682
-0.0052207,-0.012465,-0.0036135
-0.0050107,-0.010847,-0.0033058
-0.0048125,-0.0093406,-0.0030368
-0.0046227,-0.0079425,-0.0028
-0.0044199,-0.0067489,-0.0026569
-0.0042222,-0.0056356,-0.0025216
-0.00403,-0.0046025,-0.0023937
-0.0038437,-0.0036492,-0.0022733
-0.0036637,-0.0027747,-0.0021601
-0.0026363,-0.0023701,-0.0014415
-0.0017992,-0.0019577,-0.0008713
-0.0011199,-0.0015491,-0.00042204
-0.00057155,-0.0011535,-7.1091e-05
-0.00013182,-0.00077818,0.00020008
0.00029214,-0.0004085,0.00044664
0.0006253,-7.2118e-05,0.00063099
0.00088306,0.00022848,0.00076543
0.0010782,0.0004919,0.00085999
0.0012214,0.00071768,0.00092287
0.0013513,0.00097946,0.00098044
0.0014391,0.0011907,0.0010122
0.0014922,0.0013552,0.0010239
0.0015166,0.0014769,0.0010204
0.0015175,0.00156,0.0010056
0.0013865,0.0017645,0.00091079
0.0012642,0.0019051,0.00082572
0.0011493,0.0019917,0.00074957
0.0010409,0.0020337,0.00068161
0.00093821,0.0020396,0.00062116
