0,0,0,0,0,0,0
0.021174,-0.011524,-0.035935,-0.0058459,0.019792,0.086757,-0.015171
0.040843,-0.020733,-0.068389,-0.0095119,0.038076,0.1629,-0.029219
0.059117,-0.027944,-0.097701,-0.011318,0.054938,0.22998,-0.042178
0.076102,-0.033436,-0.12418,-0.011541,0.070465,0.28931,-0.054088
0.091897,-0.037455,-0.1481,-0.010425,0.084738,0.34205,-0.064991
0.08729,-0.028199,-0.1367,-0.0021043,0.080049,0.30208,-0.061202
0.082963,-0.020112,-0.12633,0.0050676,0.075372,0.26977,-0.057179
0.078911,-0.013086,-0.1169,0.011231,0.070755,0.24385,-0.053019
0.075126,-0.0070189,-0.1083,0.016509,0.066234,0.22323,-0.048803
0.069455,-0.00045272,-0.093817,0.020593,0.057042,0.2025,-0.045326
0.063682,0.0051083,-0.080586,0.024061,0.04824,0.18648,-0.041451
0.057853,0.0097695,-0.068433,0.026982,0.03985,0.17431,-0.037325
0.052006,0.013627,-0.057206,0.029419,0.031884,0.16531,-0.033065
0.046179,0.016768,-0.046775,0.031424,0.024346,0.15888,-0.028766
0.041543,0.01915,-0.036541,0.032398,0.018131,0.14277,-0.025756
0.037096,0.020967,-0.027229,0.032958,0.012198,0.12944,-0.022885
0.032853,0.022278,-0.018724,0.033145,0.0065549,0.11851,-0.020158
0.028829,0.023138,-0.010924,0.032998,0.0012079,0.10963,-0.017576
0.025034,0.023595,-0.0037394,0.032548,-0.0038434,0.10254,-0.015135
0.021787,0.023282,0.0019959,0.031381,-0.008083,0.092801,-0.013198
0.018784,0.022704,0.0073585,0.029957,-0.012071,0.085114,-0.011391
0.016027,0.02189,0.012397,0.028303,-0.015813,0.079221,-0.0097294
0.013518,0.020866,0.017155,0.026441,-0.019318,0.074907,-0.0082233
0.011257,0.019652,0.021671,0.024392,-0.022594,0.071983,-0.0068788
0.0095687,0.018103,0.025236,0.022234,-0.024931,0.065012,-0.0056373
0.0081296,0.016418,0.028693,0.019805,-0.027119,0.059348,-0.00461
0.0069346,0.014606,0.032058,0.017129,-0.029164,0.054843,-0.0037914
0.0059781,0.012675,0.035348,0.014224,-0.031075,0.051367,-0.0031751
0.0052546,0.01063,0.038574,0.011106,-0.03286,0.04881,-0.0027537
0.0035925,0.0084747,0.041199,0.0079834,-0.033568,0.047703,0.00075047
0.0023148,0.0062098,0.043972,0.0047507,-0.034189,0.047283,0.0038764
0.0013915,0.0038407,0.046871,0.0014053,-0.03474,0.047485,0.0066704
0.00079511,0.0013708,0.049881,-0.0020569,-0.035235,0.048255,0.0091738
0.00050104,-0.0011986,0.052987,-0.0056417,-0.035684,0.049552,0.011423
0.00066132,-0.003912,0.055798,-0.009567,-0.035739,0.048864,0.013176
0.0010715,-0.0067254,0.058725,-0.013635,-0.035796,0.048955,0.014757
0.0017133,-0.0096413,0.061757,-0.017853,-0.035858,0.049746,0.01619
0.0025704,-0.012664,0.064886,-0.022229,-0.035928,0.051176,0.017494
0.0036276,-0.015797,0.068103,-0.026772,-0.03601,0.053198,0.018688
0.005238,-0.019094,0.070732,-0.03167,-0.036028,0.052948,0.019748
0.006999,-0.022512,0.073503,-0.036775,-0.036055,0.05359,0.020725
0.0088998,-0.026057,0.076403,-0.042094,-0.036094,0.05503,0.021631
0.01093,-0.029737,0.079423,-0.047636,-0.036148,0.057197,0.022481
0.013081,-0.03356,0.082552,-0.053412,-0.036219,0.060034,0.023284
0.01572,-0.037636,0.085124,-0.059527,-0.036204,0.059986,0.02385
0.018437,-0.041859,0.087851,-0.065934,-0.036202,0.061045,0.024401
0.021226,-0.04624,0.090719,-0.072636,-0.036217,0.063087,0.024942
0.024079,-0.050789,0.093715,-0.079639,-0.036249,0.066014,0.025482
0.02699,-0.055515,0.096827,-0.086951,-0.036303,0.069749,0.026026
0.030351,-0.060538,0.099393,-0.094709,-0.036153,0.070232,0.026289
0.033726,-0.065745,0.10211,-0.10283,-0.036032,0.072002,0.02659
0.037112,-0.07115,0.10496,-0.11132,-0.03594,0.074911,0.02693
0.040501,-0.076761,0.10793,-0.12017,-0.035879,0.078842,0.027312
0.04389,-0.082589,0.111,-0.1294,-0.035851,0.083703,0.02774
0.047679,-0.088778,0.11353,-0.13917,-0.035664,0.084388,0.027784
0.051426,-0.095188,0.11618,-0.14937,-0.035512,0.086615,0.027913
0.055124,-0.10183,0.11894,-0.16001,-0.035395,0.090201,0.028124
0.05877,-0.10871,0.1218,-0.17107,-0.035313,0.094999,0.028418
0.062357,-0.11585,0.12473,-0.18257,-0.035268,0.10089,0.028793
0.066267,-0.12323,0.12704,-0.19479,-0.03519,0.10239,0.028604
0.070075,-0.13088,0.12946,-0.20747,-0.035143,0.10554,0.028547
0.073776,-0.13882,0.13196,-0.22062,-0.035127,0.11017,0.028614
0.077365,-0.14703,0.13451,-0.23423,-0.035142,0.11611,0.028801
0.080834,-0.15554,0.13711,-0.2483,-0.03519,0.12325,0.029106
0.08465,-0.16457,0.13914,-0.26305,-0.035203,0.12415,0.028763
0.088297,-0.17387,0.1412,-0.27833,-0.035245,0.12715,0.028603
0.091771,-0.18344,0.14328,-0.29413,-0.035314,0.13197,0.028613
0.095067,-0.19329,0.14535,-0.31044,-0.035409,0.13837,0.028782
0.098178,-0.20342,0.14738,-0.32724,-0.03553,0.14619,0.029104
0.10162,-0.21412,0.1488,-0.34471,-0.035313,0.14745,0.029043
0.10482,-0.22506,0.15017,-0.36274,-0.03515,0.15103,0.029171
0.10778,-0.23625,0.15148,-0.38132,-0.035034,0.1566,0.029473
0.11049,-0.24769,0.15272,-0.4004,-0.034961,0.16391,0.029937
0.11295,-0.25939,0.15385,-0.41998,-0.034926,0.17273,0.030557
0.11569,-0.27164,0.15442,-0.44,-0.034609,0.17413,0.029997
0.11812,-0.2841,0.15485,-0.46062,-0.034339,0.17814,0.029711
0.12025,-0.29676,0.15514,-0.48178,-0.034108,0.18435,0.029674
0.12206,-0.30964,0.15528,-0.50345,-0.033908,0.19244,0.029866
0.12357,-0.32273,0.15524,-0.52559,-0.033731,0.20215,0.030269
0.1253,-0.33629,0.15472,-0.54804,-0.033361,0.20399,0.029885
0.12666,-0.35,0.15399,-0.57106,-0.033021,0.20857,0.02979
0.12766,-0.36386,0.15302,-0.59459,-0.032699,0.21544,0.029954
0.1283,-0.37788,0.15182,-0.61858,-0.032385,0.22423,0.030354
0.12857,-0.39205,0.15038,-0.64298,-0.032071,0.23466,0.03097
0.12899,-0.40677,0.1489,-0.66735,-0.031247,0.23585,0.03049
0.12898,-0.42155,0.14705,-0.69228,-0.030453,0.24013,0.030342
0.12856,-0.43638,0.14486,-0.71767,-0.029668,0.24693,0.030488
0.12774,-0.45126,0.14232,-0.74347,-0.028876,0.25581,0.030896
0.12653,-0.46618,0.13945,-0.76961,-0.028065,0.26641,0.031539
0.12539,-0.48078,0.13638,-0.79507,-0.028591,0.26802,0.030853
0.12381,-0.49549,0.1329,-0.82105,-0.028932,0.27261,0.030538
0.12182,-0.51028,0.12899,-0.84744,-0.029081,0.27962,0.030548
0.11943,-0.52514,0.12468,-0.87417,-0.029035,0.2886,0.030846
0.11666,-0.54004,0.11998,-0.90114,-0.028788,0.29917,0.031401
0.11385,-0.55461,0.11575,-0.92702,-0.029149,0.30037,0.031088
0.1106,-0.56921,0.11097,-0.95337,-0.029257,0.30464,0.031135
0.10695,-0.58385,0.10565,-0.98007,-0.029102,0.31137,0.031489
0.1029,-0.59848,0.099839,-1.007,-0.028677,0.32005,0.032109
0.098492,-0.61309,0.09355,-1.0341,-0.027977,0.33028,0.03296
0.09372,-0.62715,0.088132,-1.0595,-0.028135,0.33116,0.032183
0.088573,-0.6412,0.082059,-1.0854,-0.027907,0.33511,0.031824
0.083079,-0.65521,0.075378,-1.1115,-0.027289,0.34145,0.031822
0.077263,-0.66915,0.068128,-1.1378,-0.02628,0.34968,0.032129
0.071147,-0.68301,0.060342,-1.1641,-0.024878,0.35936,0.032703
0.064429,-0.69566,0.054003,-1.188,-0.024259,0.35986,0.030788
0.057423,-0.70831,0.046885,-1.2123,-0.023128,0.36328,0.029418
0.050157,-0.72092,0.039051,-1.2368,-0.021486,0.36896,0.028518
0.042658,-0.73347,0.030557,-1.2614,-0.019336,0.37635,0.028026
0.034951,-0.74591,0.021448,-1.286,-0.016683,0.38501,0.027889
0.026472,-0.75687,0.014712,-1.3072,-0.01828,0.38467,0.026391
0.017801,-0.76782,0.0070259,-1.3288,-0.018909,0.38722,0.025404
0.0089697,-0.77871,-0.001525,-1.3505,-0.018603,0.39196,0.024852
5.0874e-06,-0.7895,-0.010868,-1.3724,-0.017392,0.3983,0.024673
-0.0090673,-0.80016,-0.020941,-1.3942,-0.015305,0.40579,0.024816
-0.019329,-0.80918,-0.027458,-1.4116,-0.017761,0.40405,0.02298
-0.029643,-0.81813,-0.035153,-1.4295,-0.018898,0.40523,0.021716
-0.03998,-0.82696,-0.043913,-1.4475,-0.018773,0.40854,0.020941
-0.050313,-0.83565,-0.05364,-1.4656,-0.01744,0.41334,0.020586
-0.060619,-0.84413,-0.064251,-1.4835,-0.014949,0.41913,0.020593
-0.070085,-0.85038,-0.069402,-1.4965,-0.015668,0.41653,0.019602
-0.079811,-0.85653,-0.076319,-1.5098,-0.014869,0.4165,0.019204
-0.089726,-0.86252,-0.084798,-1.5231,-0.012618,0.41828,0.019298
-0.099767,-0.86832,-0.094664,-1.5363,-0.0089772,0.42124,0.0198
-0.10988,-0.87386,-0.10577,-1.5493,-0.0040016,0.42487,0.020644
-0.12096,-0.87615,-0.11143,-1.5552,-0.0053522,0.42167,0.019867
-0.13211,-0.87836,-0.11897,-1.5614,-0.0047302,0.42061,0.01966
-0.14327,-0.88042,-0.12818,-1.5676,-0.0022446,0.42092,0.019933
-0.15437,-0.88225,-0.13888,-1.5736,0.0020055,0.42195,0.02061
-0.16538,-0.88377,-0.15093,-1.5792,0.0079305,0.4232,0.02163
-0.17782,-0.88137,-0.15057,-1.5761,0.0058643,0.41921,0.019925
-0.19026,-0.87878,-0.1531,-1.573,0.0063341,0.4168,0.018959
-0.20262,-0.8759,-0.15816,-1.5697,0.0091844,0.41525,0.018615
-0.21484,-0.87263,-0.16546,-1.566,0.014273,0.41397,0.018798
-0.22684,-0.86887,-0.17477,-1.5615,0.021469,0.41248,0.019428
-0.24051,-0.86012,-0.17404,-1.5457,0.019247,0.40466,0.017717
-0.25394,-0.851,-0.17643,-1.5298,0.02013,0.39839,0.016753
-0.26706,-0.84138,-0.18157,-1.5135,0.023884,0.39287,0.016421
-0.27981,-0.83112,-0.18917,-1.4964,0.030297,0.38744,0.016626
-0.29213,-0.82011,-0.19898,-1.4782,0.039177,0.38154,0.017289
-0.30585,-0.80295,-0.19689,-1.4468,0.035182,0.37236,0.015693
-0.3192,-0.78512,-0.19836,-1.4148,0.03502,0.36383,0.014842
-0.33208,-0.76647,-0.20298,-1.3818,0.038345,0.3553,0.01463
-0.34445,-0.74683,-0.21041,-1.3474,0.044847,0.34621,0.014964
-0.35626,-0.72604,-0.22036,-1.3112,0.054242,0.33613,0.015768
-0.36953,-0.69791,-0.21602,-1.2588,0.04789,0.32469,0.013935
-0.3823,-0.6687,-0.21571,-1.2052,0.045934,0.31323,0.012855
-0.3945,-0.63822,-0.21895,-1.1499,0.047941,0.30119,0.012418
-0.40607,-0.60632,-0.22533,-1.0924,0.053509,0.2881,0.01253
-0.41696,-0.57283,-0.23449,-1.0325,0.062272,0.27361,0.013109
-0.4291,-0.53023,-0.22579,-0.95344,0.055616,0.2559,0.011885
-0.44074,-0.48614,-0.2217,-0.87241,0.053538,0.23798,0.011298
-0.4518,-0.44043,-0.22161,-0.78906,0.055518,0.21944,0.011236
-0.4622,-0.39298,-0.22496,-0.70308,0.061071,0.19995,0.0116
-0.47188,-0.3437,-0.23125,-0.6142,0.069749,0.17923,0.012306
-0.48281,-0.28555,-0.2196,-0.5074,0.060263,0.16223,0.010758
-0.4932,-0.22584,-0.21201,-0.39826,0.054883,0.14426,0.009728
-0.50298,-0.16453,-0.20775,-0.28665,0.052975,0.12521,0.0091218
-0.51211,-0.10164,-0.20619,-0.17248,0.053947,0.10503,0.0088548
-0.52053,-0.037182,-0.2067,-0.055733,0.057244,0.083733,0.0088509
-0.52955,0.034014,-0.19234,0.07473,0.043788,0.063398,0.0067242
-0.53814,0.10626,-0.1804,0.2068,0.03281,0.042596,0.0049881
-0.54628,0.17939,-0.17015,0.34024,0.023627,0.021422,0.0035576
-0.55397,0.2532,-0.16089,0.47477,0.015605,1.0845e-05,0.0023563
-0.56123,0.32744,-0.15199,0.60998,0.0081555,-0.021466,0.0013159
-0.56893,0.40416,-0.13722,0.74898,-0.0053464,-0.034412,-0.00018996
-0.57639,0.48046,-0.12179,0.88748,-0.019845,-0.048008,-0.00159
-0.58369,0.55601,-0.10521,1.0249,-0.035829,-0.061765,-0.0029215
-0.59095,0.63047,-0.087008,1.1606,-0.053733,-0.075213,-0.0042187
-0.59827,0.70347,-0.066815,1.294,-0.073937,-0.087909,-0.0055121
-0.60582,0.77199,-0.055544,1.4169,-0.085399,-0.095337,-0.0066121
-0.6133,0.83847,-0.040421,1.5369,-0.10127,-0.10253,-0.0078026
-0.6209,0.90259,-0.021476,1.6533,-0.12154,-0.1089,-0.0090868
-0.62883,0.96405,0.0012266,1.7656,-0.14614,-0.11393,-0.010466
-0.63729,1.0226,0.027578,1.8731,-0.17501,-0.11718,-0.01194
-0.64422,1.0702,0.028806,1.9563,-0.178,-0.11694,-0.012231
-0.65107,1.1152,0.035983,2.0357,-0.18756,-0.11592,-0.012748
-0.65812,1.1573,0.048486,2.1111,-0.20313,-0.11357,-0.013462
-0.6656,1.1963,0.065729,2.182,-0.22418,-0.10944,-0.014344
-0.67372,1.2323,0.087161,2.2481,-0.25022,-0.10318,-0.015365
-0.67952,1.2533,0.077902,2.2835,-0.24555,-0.093539,-0.014086
-0.68505,1.2724,0.074788,2.3165,-0.24715,-0.084495,-0.013162
-0.69057,1.2895,0.076943,2.3468,-0.25429,-0.07537,-0.012532
-0.6963,1.3047,0.083592,2.3742,-0.26635,-0.06565,-0.012144
-0.70242,1.3178,0.094048,2.3986,-0.28275,-0.054948,-0.011951
-0.70438,1.3185,0.074966,2.3944,-0.26917,-0.049909,-0.010442
-0.70599,1.3184,0.061565,2.39,-0.26122,-0.044965,-0.0091894
-0.70749,1.3173,0.052969,2.3849,-0.25821,-0.039567,-0.0081522
-0.70908,1.3152,0.048419,2.3791,-0.25952,-0.033297,-0.0072948
-0.71091,1.3121,0.047262,2.3721,-0.26463,-0.025841,-0.0065846
-0.70817,1.2996,0.025112,2.344,-0.24974,-0.027375,-0.0054453
-0.70531,1.287,0.0074399,2.3168,-0.23917,-0.028045,-0.0044683
-0.70251,1.2742,-0.0064465,2.2902,-0.2324,-0.027512,-0.0036335
-0.6999,1.2609,-0.017139,2.2637,-0.22896,-0.025528,-0.002922
-0.69758,1.2471,-0.025145,2.2371,-0.22843,-0.021918,-0.0023156
-0.6928,1.2273,-0.04673,2.1957,-0.21383,-0.023481,-0.0016394
-0.68796,1.2074,-0.064906,2.1555,-0.20264,-0.024318,-0.001068
-0.68318,1.1873,-0.080196,2.116,-0.19443,-0.024071,-0.00058802
-0.67853,1.1669,-0.093044,2.0769,-0.18885,-0.022481,-0.0001873
-0.67409,1.1461,-0.10382,2.0377,-0.18558,-0.019372,0.00014624
-0.66848,1.1211,-0.12245,1.9876,-0.17378,-0.018408,0.00048223
-0.66279,1.0959,-0.13862,1.9383,-0.16449,-0.016906,0.00075883
-0.65707,1.0704,-0.15271,1.8897,-0.15738,-0.014466,0.00098582
-0.65138,1.0445,-0.165,1.8414,-0.15221,-0.010804,0.0011724
-0.64574,1.018,-0.17575,1.793,-0.14871,-0.005734,0.0013277
-0.6402,0.98861,-0.19002,1.7365,-0.13953,-0.0037589,0.0015084
-0.63439,0.95889,-0.2026,1.6806,-0.13215,-0.00093999,0.0016687
-0.62836,0.92878,-0.21371,1.6252,-0.12634,0.0029863,0.0018142
-0.62211,0.89824,-0.22353,1.57,-0.12192,0.0081889,0.0019509
-0.61565,0.86724,-0.23218,1.5149,-0.1187,0.014764,0.0020854
-0.6098,0.83444,-0.24215,1.4539,-0.10978,0.00528,0.0019963
-0.60342,0.80131,-0.25085,1.3933,-0.1024,-0.0016782,0.0019311
-0.59652,0.76785,-0.25838,1.333,-0.096354,-0.0063192,0.0018765
-0.58912,0.73408,-0.26484,1.273,-0.091465,-0.0088589,0.0018233
-0.58121,0.70002,-0.2703,1.2131,-0.08758,-0.0095169,0.0017655
-0.57395,0.66469,-0.27549,1.1492,-0.081861,-0.01359,0.0016335
-0.56594,0.62925,-0.27963,1.0861,-0.077121,-0.016516,0.001495
-0.55721,0.59376,-0.28275,1.0237,-0.073218,-0.018399,0.0013454
-0.54777,0.55827,-0.2849,0.96196,-0.070025,-0.01937,0.0011819
-0.53762,0.52285,-0.28612,0.90102,-0.067426,-0.019575,0.001003
-0.52817,0.487,-0.28631,0.83798,-0.063657,-0.02072,0.00093278
-0.51783,0.45143,-0.28553,0.7762,-0.060456,-0.021989,0.00083339
-0.50662,0.41625,-0.28382,0.71571,-0.057718,-0.023419,0.00070586
-0.49457,0.38155,-0.28122,0.65656,-0.055348,-0.025075,0.00055089
-0.48172,0.34743,-0.27775,0.59882,-0.053262,-0.027044,0.00036882
-0.46919,0.31394,-0.27263,0.54094,-0.051126,-0.025506,0.00039468
-0.45578,0.28124,-0.26673,0.48494,-0.049169,-0.025115,0.00037183
-0.44155,0.24942,-0.26009,0.4309,-0.047324,-0.025825,0.00030653
-0.42652,0.21859,-0.25275,0.37887,-0.045532,-0.027616,0.00020292
-0.41075,0.18887,-0.24473,0.32894,-0.043743,-0.030493,6.3307e-05
-0.39521,0.16099,-0.23507,0.28078,-0.042807,-0.027021,0.0001466
-0.37895,0.13428,-0.22487,0.23502,-0.041732,-0.025691,0.00017073
-0.36202,0.10884,-0.21418,0.19172,-0.040482,-0.026339,0.00014558
-0.34447,0.084785,-0.20304,0.15098,-0.039025,-0.028842,7.7291e-05
-0.32637,0.062211,-0.1915,0.11286,-0.037338,-0.033103,-3.1213e-05
-0.30859,0.042102,-0.17817,0.078057,-0.037321,-0.02978,0.00010768
-0.29033,0.023501,-0.16467,0.046032,-0.036912,-0.02935,0.00017813
-0.27162,0.0064995,-0.15105,0.016844,-0.036108,-0.031558,0.00019091
-0.25254,-0.0088237,-0.13734,-0.009454,-0.034912,-0.036195,0.00015186
-0.23314,-0.022398,-0.12357,-0.032809,-0.033327,-0.043091,6.262e-05
-0.21471,-0.03304,-0.10831,-0.051639,-0.033064,-0.039852,-6.707e-06
-0.19598,-0.042033,-0.093182,-0.06754,-0.032676,-0.040105,-0.00013835
-0.177,-0.049311,-0.078236,-0.080479,-0.03216,-0.043545,-0.0003215
-0.15783,-0.054818,-0.063498,-0.090428,-0.031513,-0.049921,-0.00055159
-0.13854,-0.05851,-0.048996,-0.097368,-0.030733,-0.059023,-0.00082921
-0.11984,-0.059073,-0.032679,-0.099338,-0.03055,-0.055996,-0.00082648
-0.10112,-0.057979,-0.016881,-0.098401,-0.030182,-0.056953,-0.00091372
-0.082448,-0.055196,-0.0015962,-0.094567,-0.029641,-0.061494,-0.0010778
-0.06385,-0.050701,0.013178,-0.087854,-0.028942,-0.06928,-0.0013125
-0.045373,-0.044485,0.027446,-0.07829,-0.028095,-0.080028,-0.0016178
-0.027633,-0.035429,0.043124,-0.063825,-0.028492,-0.078426,-0.0015784
-0.010108,-0.024842,0.058085,-0.046725,-0.028652,-0.080927,-0.00166
0.0071717,-0.012725,0.072361,-0.027046,-0.028603,-0.087081,-0.001848
0.024177,0.00090742,0.085983,-0.004851,-0.02837,-0.096505,-0.0021349
0.040881,0.016033,0.098983,0.019786,-0.027977,-0.10887,-0.0025195
0.0566,0.033335,0.11318,0.048655,-0.028027,-0.10836,-0.0023628
0.071969,0.051955,0.1266,0.079686,-0.027926,-0.11188,-0.0023745
0.086969,0.071853,0.13931,0.11278,-0.027701,-0.11895,-0.0025363
0.10158,0.092983,0.15136,0.14782,-0.027379,-0.12916,-0.0028374
0.11578,0.11529,0.1628,0.18469,-0.026981,-0.14217,-0.0032733
0.12899,0.13894,0.17506,0.22464,-0.026748,-0.14371,-0.0030999
0.14177,0.16361,0.18664,0.26611,-0.026493,-0.14894,-0.0031298
0.15411,0.18922,0.19761,0.30895,-0.02624,-0.15741,-0.0033426
0.166,0.21568,0.20802,0.353,-0.026012,-0.16868,-0.0037251
0.17745,0.24292,0.21795,0.39811,-0.025824,-0.18243,-0.0042697
0.1879,0.27053,0.22801,0.44483,-0.025867,-0.18416,-0.0039645
0.19792,0.2988,0.23765,0.49235,-0.025976,-0.18948,-0.0039069
0.20753,0.32761,0.24691,0.54047,-0.026168,-0.19788,-0.0040712
0.21672,0.35686,0.25586,0.58902,-0.026456,-0.20889,-0.0044387
0.22551,0.38645,0.26456,0.63778,-0.026852,-0.22217,-0.0049966
0.23336,0.41558,0.27341,0.68637,-0.023592,-0.22148,-0.003684
0.24085,0.44493,0.28213,0.73503,-0.020971,-0.22435,-0.0027356
0.24797,0.47439,0.29077,0.78355,-0.018963,-0.23011,-0.0021083
0.25474,0.50384,0.29938,0.83171,-0.017537,-0.23823,-0.0017677
0.26117,0.53317,0.30801,0.87929,-0.016663,-0.24823,-0.0016864
0.26706,0.56095,0.31534,0.92518,-0.014359,-0.2502,-0.0003436
0.27272,0.58859,0.32296,0.97036,-0.012801,-0.25461,0.00062824
0.27818,0.61594,0.3309,1.0146,-0.011944,-0.26094,0.0012722
0.28346,0.6429,0.33917,1.0577,-0.011742,-0.26875,0.0016237
0.28859,0.66934,0.3478,1.0995,-0.012152,-0.27766,0.0017123
0.29382,0.69371,0.35426,1.1383,-0.01022,-0.27807,0.0027315
0.29902,0.71759,0.36143,1.1757,-0.0091793,-0.28083,0.0034406
0.30421,0.74083,0.3693,1.2117,-0.0089619,-0.28541,0.0038813
0.30942,0.76333,0.37787,1.2458,-0.0095039,-0.29135,0.0040881
0.31469,0.78497,0.38712,1.2781,-0.010744,-0.29828,0.0040894
0.32069,0.80392,0.3937,1.3064,-0.0085123,-0.2973,0.0052862
0.32688,0.82209,0.40135,1.3329,-0.0072701,-0.2983,0.0061721
0.33329,0.83936,0.41001,1.3574,-0.0069276,-0.30079,0.0067937
0.33996,0.85561,0.41967,1.3798,-0.0074002,-0.30437,0.0071898
0.34693,0.87075,0.43028,1.3997,-0.0086083,-0.30868,0.0073932
0.35494,0.88296,0.43795,1.4152,-0.0056987,-0.30603,0.0080429
0.3634,0.89415,0.44693,1.4285,-0.0037518,-0.30483,0.0084894
0.37232,0.90422,0.45717,1.4395,-0.0026631,-0.30461,0.0087695
0.38175,0.91306,0.46859,1.448,-0.0023357,-0.30502,0.0089144
0.39172,0.92055,0.48117,1.454,-0.0026805,-0.30576,0.0089504
0.40271,0.92489,0.49093,1.4552,0.0002819,-0.3018,0.0094899
0.4144,0.92802,0.50213,1.454,0.002446,-0.29859,0.009876
0.42682,0.9298,0.51469,1.4504,0.0039145,-0.29577,0.010143
0.43997,0.93014,0.52852,1.4441,0.004781,-0.29308,0.010321
0.45386,0.92891,0.54355,1.4351,0.0051311,-0.29029,0.010434
0.46844,0.92392,0.55586,1.421,0.0062476,-0.28509,0.011538
0.48394,0.91758,0.56946,1.4045,0.0069111,-0.27922,0.012512
0.50033,0.90975,0.58424,1.3854,0.0071637,-0.27247,0.013388
0.51756,0.90031,0.60008,1.3637,0.0070452,-0.26467,0.014197
0.5356,0.88915,0.61686,1.3393,0.0065928,-0.25569,0.014961
0.55385,0.87414,0.63228,1.3098,0.008425,-0.24952,0.015001
0.57296,0.85753,0.64856,1.2777,0.0098651,-0.24199,0.015125
0.59284,0.8392,0.66555,1.2432,0.010948,-0.233,0.015341
0.61337,0.81903,0.6831,1.2061,0.011705,-0.22249,0.015658
0.63443,0.79691,0.70103,1.1664,0.012165,-0.21043,0.016082
0.65442,0.77049,0.71815,1.1217,0.014334,-0.20276,0.016382
0.67485,0.74231,0.7354,1.0747,0.016172,-0.1933,0.016834
0.69551,0.71225,0.75256,1.0254,0.017705,-0.18209,0.017437
0.71621,0.68023,0.76943,0.97379,0.018955,-0.16918,0.018187
0.73671,0.64616,0.78578,0.91991,0.019944,-0.15461,0.01908
0.75516,0.60732,0.8006,0.86171,0.021932,-0.14642,0.018278
0.77308,0.56678,0.81465,0.80162,0.023664,-0.13635,0.017825
0.79022,0.5245,0.8277,0.73971,0.025153,-0.12455,0.017687
0.80629,0.48043,0.83952,0.67605,0.026411,-0.11119,0.017833
0.82103,0.43458,0.84988,0.61077,0.027449,-0.096423,0.018233
0.83237,0.3839,0.85718,0.54226,0.028911,-0.086463,0.016479
0.84203,0.33203,0.86296,0.47269,0.030158,-0.075391,0.015142
0.84976,0.27901,0.86701,0.40221,0.031191,-0.06338,0.014169
0.85533,0.22491,0.86915,0.33098,0.032014,-0.050602,0.013508
0.85855,0.16984,0.86923,0.25918,0.03263,-0.037223,0.013111
0.85955,0.11074,0.86538,0.18582,0.033641,-0.025317,0.011972
0.85765,0.051513,0.85951,0.11252,0.034422,-0.013419,0.011152
0.85282,-0.0077059,0.85156,0.039474,0.034982,-0.0016377,0.010593
0.84504,-0.066753,0.84151,-0.033091,0.035332,0.0099208,0.010239
0.83436,-0.12544,0.82941,-0.10496,0.035482,0.021154,0.010039
0.8221,-0.18592,0.81226,-0.17619,0.031039,0.033345,0.01066
0.80689,-0.2452,0.79365,-0.2462,0.026782,0.045351,0.01129
0.78891,-0.30309,0.77364,-0.31479,0.022689,0.057024,0.011908
0.76833,-0.35944,0.75235,-0.38178,0.018744,0.068236,0.012495
0.74537,-0.41407,0.72992,-0.44698,0.014932,0.078875,0.01303
0.72373,-0.46808,0.70245,-0.50947,0.0099354,0.089455,0.013159
0.69979,-0.51981,0.67452,-0.56999,0.0051737,0.099632,0.013184
0.67382,-0.56914,0.64626,-0.6284,0.00063577,0.10925,0.013094
0.64612,-0.61593,0.61785,-0.68457,-0.003686,0.11817,0.01288
0.61698,-0.66008,0.58944,-0.73839,-0.0077958,0.12631,0.012533
0.58907,-0.70047,0.55717,-0.78823,-0.012444,0.13465,0.012478
0.56012,-0.7382,0.52556,-0.83578,-0.016765,0.1424,0.012208
0.53034,-0.77323,0.49472,-0.88096,-0.020768,0.14943,0.011738
0.49997,-0.8055,0.46475,-0.92372,-0.02446,0.15562,0.01108
0.46919,-0.835,0.43574,-0.96401,-0.027847,0.16091,0.010246
0.44357,-0.85911,0.40358,-0.99982,-0.027509,0.16594,0.010037
0.4174,-0.88075,0.3727,-1.0334,-0.027182,0.17034,0.0095948
0.39087,-0.89991,0.34314,-1.0648,-0.026836,0.17397,0.0089421
0.36412,-0.91661,0.31495,-1.094,-0.026442,0.17678,0.0081004
0.33731,-0.9309,0.28813,-1.1208,-0.025976,0.17869,0.0070896
0.3148,-0.9396,0.26011,-1.1435,-0.02225,0.18294,0.0071304
0.29211,-0.94642,0.23354,-1.1641,-0.01865,0.18621,0.0069167
0.26933,-0.95138,0.20841,-1.1828,-0.015141,0.1885,0.0064814
0.24656,-0.95452,0.18472,-1.1993,-0.011687,0.18979,0.005854
0.22387,-0.95591,0.16244,-1.2139,-0.0082591,0.19011,0.005061
0.20536,-0.95218,0.13867,-1.2248,-0.0056683,0.19306,0.0053535
0.18672,-0.9473,0.11638,-1.2339,-0.0029508,0.19493,0.0053971
0.16803,-0.94131,0.095515,-1.2412,-9.9078e-05,0.19578,0.0052293
0.14934,-0.93423,0.076038,-1.2467,0.0028931,0.19564,0.004883
0.1307,-0.92609,0.057896,-1.2504,0.0060305,0.1946,0.004387
0.1022,-0.91408,0.037687,-1.2506,0.002243,0.19377,0.0041711
0.075542,-0.90183,0.019966,-1.2494,-0.00074897,0.1925,0.0037194
0.050493,-0.88929,0.0044314,-1.2467,-0.003057,0.19071,0.003085
0.026862,-0.87642,-0.0091774,-1.2426,-0.0047761,0.18836,0.0023131
0.0044782,-0.86321,-0.021086,-1.2371,-0.0059872,0.18545,0.0014416
-0.025895,-0.84806,-0.03371,-1.2281,-0.008147,0.18375,0.0014837
-0.053565,-0.83301,-0.044039,-1.2181,-0.0095948,0.18191,0.0012962
-0.078885,-0.81797,-0.052437,-1.2071,-0.010447,0.17979,0.0009322
-0.10216,-0.80288,-0.059211,-1.1952,-0.010799,0.17733,0.00043623
-0.12366,-0.78768,-0.06462,-1.1822,-0.010733,0.17448,-0.00015464
-0.13848,-0.77075,-0.068898,-1.1665,-0.012659,0.1724,-0.00064195
-0.15261,-0.75376,-0.072716,-1.1499,-0.014079,0.17025,-0.0011682
-0.16611,-0.7367,-0.076126,-1.1326,-0.015049,0.168,-0.0017221
-0.17905,-0.71954,-0.079169,-1.1146,-0.015619,0.16563,-0.002294
-0.19148,-0.70228,-0.081881,-1.0958,-0.01583,0.16313,-0.002876
-0.19382,-0.68324,-0.084357,-1.0745,-0.017567,0.16145,-0.0030849
-0.19729,-0.66409,-0.08743,-1.0527,-0.018895,0.16002,-0.0032791
-0.20167,-0.64485,-0.090909,-1.0303,-0.019832,0.15879,-0.0034706
-0.2068,-0.62557,-0.09464,-1.0074,-0.020397,0.15777,-0.0036682
-0.21252,-0.60628,-0.098494,-0.98407,-0.020611,0.15693,-0.0038778
-0.21064,-0.58577,-0.10314,-0.95842,-0.021932,0.15177,-0.0037366
-0.21054,-0.56525,-0.1084,-0.93258,-0.022842,0.14817,-0.0035613
-0.2119,-0.54479,-0.11403,-0.90657,-0.02335,0.1459,-0.0033714
-0.21443,-0.52445,-0.11982,-0.8804,-0.023476,0.14476,-0.0031807
-0.21787,-0.5043,-0.1256,-0.85411,-0.023244,0.1446,-0.002998
-0.20957,-0.48421,-0.12975,-0.82641,-0.024621,0.13977,-0.0026462
-0.20384,-0.464,-0.13515,-0.79872,-0.025591,0.13682,-0.00225
-0.20023,-0.4438,-0.14139,-0.77108,-0.026151,0.13548,-0.0018339
-0.19836,-0.42371,-0.14815,-0.74352,-0.026313,0.13551,-0.0014151
-0.19789,-0.40384,-0.15515,-0.71607,-0.026095,0.13672,-0.001005
-0.20398,-0.38353,-0.16551,-0.68712,-0.024259,0.13361,-0.00067663
-0.20986,-0.36381,-0.17476,-0.65878,-0.022338,0.13229,-0.00035761
-0.2155,-0.34468,-0.18297,-0.631,-0.020348,0.13244,-4.4795e-05
-0.22086,-0.32614,-0.19021,-0.60375,-0.018302,0.13383,0.00026603
-0.22592,-0.30817,-0.19655,-0.57702,-0.016216,0.13626,0.00057987
-0.23182,-0.29087,-0.20012,-0.55016,-0.015345,0.12885,0.00031891
-0.23729,-0.27411,-0.2031,-0.52401,-0.014349,0.12399,0.00013584
-0.24234,-0.2579,-0.20555,-0.49851,-0.013244,0.12126,1.9555e-05
-0.24694,-0.24222,-0.20749,-0.47364,-0.012048,0.12033,-3.7645e-05
-0.25109,-0.22708,-0.20895,-0.44935,-0.010776,0.12091,-4.0807e-05
-0.255,-0.21224,-0.20933,-0.42478,-0.010483,0.11343,-0.00041834
-0.25848,-0.19794,-0.20937,-0.40101,-0.010047,0.10841,-0.00069377
-0.26151,-0.18417,-0.20908,-0.37798,-0.009488,0.10546,-0.00088246
-0.2641,-0.17092,-0.20846,-0.35566,-0.0088214,0.10425,-0.00099584
-0.26624,-0.1582,-0.20755,-0.33402,-0.0080646,0.10453,-0.0010421
-0.26763,-0.14583,-0.20603,-0.31291,-0.0077796,0.098059,-0.0013035
-0.26862,-0.13397,-0.20433,-0.29255,-0.0073812,0.093668,-0.0014692
-0.26923,-0.1226,-0.20245,-0.27289,-0.0068843,0.091041,-0.0015536
-0.26944,-0.11172,-0.20039,-0.2539,-0.0063033,0.089914,-0.0015675
-0.26927,-0.10132,-0.19816,-0.23557,-0.0056522,0.090072,-0.0015189
-0.26818,-0.091189,-0.19526,-0.21759,-0.0057794,0.084659,-0.0016106
-0.26682,-0.081522,-0.19232,-0.20033,-0.005785,0.081066,-0.0016202
-0.26517,-0.072317,-0.18934,-0.18376,-0.0056842,0.079032,-0.0015607
-0.26323,-0.063565,-0.1863,-0.16785,-0.0054918,0.078342,-0.0014418
-0.26101,-0.055259,-0.18321,-0.15258,-0.005222,0.078815,-0.0012705
-0.25871,-0.047243,-0.17992,-0.13814,-0.0052505,0.072938,-0.0013955
-0.25612,-0.039676,-0.17657,-0.12436,-0.0051944,0.068852,-0.0014412
-0.25325,-0.032545,-0.17316,-0.1112,-0.0050638,0.066288,-0.0014206
-0.25012,-0.025838,-0.16969,-0.098656,-0.0048689,0.065023,-0.0013435
-0.24673,-0.019543,-0.16616,-0.086687,-0.0046199,0.064876,-0.0012172
-0.24384,-0.013624,-0.16185,-0.081036,-0.0041399,0.065444,-0.0011479
-0.24057,-0.0081583,-0.1575,-0.074979,-0.0036546,0.065276,-0.0010477
-0.23695,-0.0031107,-0.15314,-0.068633,-0.0031692,0.064707,-0.00091538
-0.23303,0.0015494,-0.14879,-0.062097,-0.0026878,0.063991,-0.00075103
-0.22882,0.0058483,-0.14445,-0.055455,-0.0022136,0.063322,-0.00055541
-0.22481,0.0098624,-0.13941,-0.049977,-0.0019104,0.054656,-0.00056991
-0.22054,0.013542,-0.13445,-0.044466,-0.0015926,0.047,-0.00053038
-0.21604,0.016906,-0.12959,-0.03897,-0.0012587,0.040297,-0.00044842
-0.21133,0.019973,-0.12481,-0.03353,-0.00090776,0.034495,-0.0003337
-0.20644,0.022757,-0.12013,-0.028184,-0.00053981,0.029539,-0.00019419
-0.20159,0.025072,-0.11523,-0.023116,-0.00046264,0.021628,-0.00026578
-0.19658,0.027162,-0.11044,-0.018239,-0.00034668,0.014948,-0.00030196
-0.19143,0.029034,-0.10577,-0.013565,-0.0001933,0.009348,-0.00031232
-0.18617,0.030698,-0.10122,-0.0091029,-4.5722e-06,0.0046988,-0.00030444
-0.1808,0.032162,-0.096784,-0.0048612,0.00021696,0.00088972,-0.00028427
-0.17548,0.033343,-0.091979,-0.00094425,0.00025166,-0.0055434,-0.00039081
-0.17011,0.034354,-0.087346,0.0026974,0.00033354,-0.010891,-0.00047769
-0.1647,0.035201,-0.082876,0.0060695,0.00045988,-0.015313,-0.00055239
-0.15926,0.035889,-0.07856,0.0091774,0.00062753,-0.018946,-0.00062063
-0.15382,0.036422,-0.074391,0.012026,0.00083311,-0.021903,-0.00068678
-0.14781,0.036399,-0.069803,0.015521,0.00088805,-0.026925,-0.00089481
-0.14191,0.036324,-0.065486,0.018575,0.00099003,-0.030708,-0.0010843
-0.13614,0.036188,-0.06141,0.021224,0.001135,-0.033496,-0.0012626
-0.13047,0.035983,-0.057553,0.023505,0.0013189,-0.035487,-0.0014349
-0.12491,0.035705,-0.053894,0.025445,0.0015371,-0.03684,-0.001605
-0.12057,0.035254,-0.050401,0.026383,0.0016207,-0.036478,-0.0014981
-0.11617,0.034712,-0.046977,0.027162,0.0017407,-0.03618,-0.0014312
-0.11173,0.034089,-0.043633,0.027781,0.0018919,-0.03592,-0.0013989
-0.1073,0.033389,-0.040376,0.028241,0.0020698,-0.035681,-0.0013963
-0.10286,0.03262,-0.037212,0.028544,0.0022702,-0.035449,-0.0014196
-0.098775,0.032067,-0.033412,0.032628,0.0023268,-0.04158,-0.0012955
-0.094703,0.031411,-0.029788,0.035808,0.0023833,-0.045928,-0.0012054
-0.090662,0.030662,-0.026333,0.038203,0.0024515,-0.048935,-0.0011511
-0.086663,0.029825,-0.023044,0.039916,0.0025382,-0.050955,-0.0011331
-0.082718,0.02891,-0.019914,0.041037,0.0026469,-0.052265,-0.0011505
-0.078965,0.027482,-0.016679,0.041838,0.0026792,-0.050909,-0.0010297
-0.075283,0.026064,-0.013625,0.042185,0.0027598,-0.049382,-0.00095674
-0.071679,0.024656,-0.010742,0.042138,0.0028805,-0.047794,-0.0009256
-0.06816,0.023258,-0.0080222,0.041752,0.0030342,-0.046231,-0.00093076
-0.064733,0.021871,-0.0054577,0.041073,0.003214,-0.044757,-0.00096727
-0.061771,0.020426,-0.0027141,0.040877,0.0033028,-0.04067,-0.00078744
-0.058878,0.019003,-0.00013244,0.040384,0.0034455,-0.036887,-0.0006554
-0.056062,0.017604,0.0022951,0.039636,0.003629,-0.03341,-0.00056277
-0.053331,0.016229,0.0045756,0.038673,0.0038422,-0.030241,-0.00050236
-0.050688,0.01488,0.006716,0.03753,0.0040756,-0.027373,-0.00046798
-0.048337,0.01331,0.0087761,0.035568,0.0038778,-0.027078,-0.00045154
-0.046058,0.011802,0.010719,0.033559,0.0037119,-0.026866,-0.00045526
-0.043858,0.010357,0.012549,0.031521,0.0035733,-0.026759,-0.00047678
-0.041741,0.008972,0.014267,0.029469,0.0034581,-0.026778,-0.00051408
-0.039713,0.0076481,0.015878,0.027416,0.0033626,-0.026934,-0.00056551
-0.037763,0.0066112,0.017459,0.025582,0.0031055,-0.02303,-0.0005682
-0.035918,0.0055991,0.018924,0.023803,0.0028922,-0.019869,-0.00058673
-0.034177,0.0046156,0.020277,0.022078,0.0027126,-0.017327,-0.00061635
-0.03254,0.0036641,0.021525,0.020405,0.0025586,-0.015302,-0.00065349
-0.031009,0.0027476,0.022675,0.018786,0.002424,-0.013713,-0.00069548
-0.029765,0.0017397,0.023792,0.016831,0.0023307,-0.014931,-0.00058714
-0.028601,0.00078749,0.024831,0.014956,0.0022274,-0.01622,-0.00049664
-0.027518,-0.00010883,0.025796,0.013162,0.0021154,-0.017584,-0.00042328
-0.026517,-0.00094917,0.026688,0.011448,0.001996,-0.019027,-0.00036654
-0.025599,-0.0017337,0.02751,0.0098145,0.0018704,-0.020552,-0.00032606
-0.025224,-0.0024869,0.02777,0.0066418,0.0013825,-0.019249,-0.00051508
-0.024854,-0.0032054,0.028105,0.0038649,0.00093968,-0.018831,-0.00070578
-0.0245,-0.0038833,0.028491,0.0014331,0.00053754,-0.019103,-0.00089622
-0.024169,-0.0045162,0.02891,-0.0006966,0.0001726,-0.019913,-0.0010856
-0.023867,-0.0051012,0.029346,-0.0025613,-0.00015803,-0.021137,-0.0012739
-0.023694,-0.0057364,0.029945,-0.0044269,-0.0004655,-0.022658,-0.0012118
-0.023553,-0.0063082,0.03053,-0.0060474,-0.00074589,-0.024481,-0.0011761
-0.023447,-0.006818,0.031096,-0.0074525,-0.0010004,-0.02653,-0.001165
-0.023378,-0.0072676,0.031637,-0.0086682,-0.0012298,-0.028747,-0.0011771
-0.023347,-0.0076594,0.032152,-0.0097172,-0.0014351,-0.031088,-0.0012117
-0.023107,-0.0080146,0.03247,-0.010669,-0.0016024,-0.032898,-0.0015502
-0.02293,-0.0083119,0.032764,-0.011475,-0.0017446,-0.034857,-0.0018794
-0.022813,-0.0085557,0.033036,-0.012154,-0.0018632,-0.036927,-0.0022023
-0.022752,-0.0087502,0.033288,-0.012724,-0.0019593,-0.039082,-0.0025216
-0.022741,-0.0089001,0.033522,-0.013199,-0.002034,-0.0413,-0.0028398
-0.022625,-0.009056,0.033895,-0.013228,-0.0022755,-0.042526,-0.0027311
-0.022579,-0.0091624,0.034212,-0.013231,-0.0024822,-0.043806,-0.0026677
-0.022594,-0.0092268,0.034485,-0.013214,-0.0026566,-0.045139,-0.0026463
-0.022662,-0.009256,0.034723,-0.013182,-0.0028008,-0.046522,-0.0026641
-0.022775,-0.0092567,0.034936,-0.013141,-0.0029167,-0.047954,-0.0027186
-0.02298,-0.0092748,0.034771,-0.013136,-0.0031796,-0.047672,-0.0026148
