0.023492,1.5666,0.39031,0.060859,-0.00085765,-0.071419,0
0.025661,1.5898,0.39638,0.053982,-0.0012031,-0.070121,0
0.027408,1.6101,0.40179,0.048212,-0.0014963,-0.069114,0
0.028774,1.628,0.4066,0.043393,-0.0017416,-0.068362,0
0.029799,1.6437,0.41085,0.03939,-0.0019437,-0.067829,0
0.012361,1.7993,0.44843,-0.0198,-0.0038294,-0.06138,0
0.010095,1.7888,0.44572,-0.014717,-0.0036267,-0.06264,0
0.0080974,1.7794,0.44324,-0.010444,-0.0034543,-0.063697,0
0.0063445,1.771,0.44097,-0.006852,-0.0033075,-0.064587,0
0.0027736,1.7848,0.44287,-0.0066779,-0.0039278,-0.065758,0
0.000139,1.774,0.44047,-0.003638,-0.0036149,-0.06637,0
-0.0021568,1.7645,0.43828,-0.0011096,-0.003355,-0.066885,0
-0.0041439,1.7561,0.43628,0.00099204,-0.0031405,-0.067324,0
-0.0058507,1.7487,0.43445,0.0027392,-0.0029648,-0.0677,0
-0.005758,1.7501,0.43192,-0.0023943,-0.0032011,-0.067321,0
-0.0066142,1.7434,0.43044,-0.00049305,-0.0030466,-0.067747,0
-0.0073067,1.7375,0.42908,0.0011615,-0.0029223,-0.06812,0
-0.0078541,1.7322,0.42783,0.0026053,-0.0028238,-0.068449,0
-0.0082739,1.7276,0.42668,0.0038693,-0.0027472,-0.068743,0
-0.0090215,1.721,0.42451,0.0026156,-0.0025919,-0.068745,0
-0.0090886,1.7176,0.42368,0.0040348,-0.0025687,-0.069072,0
-0.0090912,1.7146,0.42291,0.0052913,-0.0025564,-0.069364,0
-0.0090393,1.712,0.4222,0.0064083,-0.0025535,-0.069625,0
-0.0089423,1.7096,0.42154,0.007406,-0.0025583,-0.069861,0
-0.0086083,1.7076,0.42038,0.0051787,-0.0025125,-0.069516,0
-0.0084089,1.7059,0.41986,0.0061461,-0.0025434,-0.069809,0
-0.0082029,1.7044,0.41937,0.0070118,-0.0025768,-0.070072,0
-0.0079943,1.7031,0.41891,0.00779,-0.0026121,-0.070311,0
-0.0077869,1.7018,0.41847,0.0084929,-0.002649,-0.070529,0
-0.010274,1.6962,0.4182,0.0091844,-0.0023211,-0.0707,0
-0.0097323,1.6961,0.41774,0.0097575,-0.0024327,-0.070829,0
-0.0092436,1.6959,0.4173,0.010284,-0.0025338,-0.070957,0
-0.0088075,1.6957,0.4169,0.010775,-0.0026256,-0.071086,0
-0.0084236,1.6955,0.41652,0.011236,-0.0027095,-0.071217,0
-0.0079139,1.6954,0.41597,0.010272,-0.0027598,-0.071244,0
-0.0076439,1.695,0.41563,0.01088,-0.0028355,-0.071415,0
-0.0074238,1.6947,0.41529,0.011438,-0.0029054,-0.071582,0
-0.007253,1.6943,0.41497,0.011958,-0.0029703,-0.07175,0
-0.007131,1.6939,0.41465,0.012448,-0.0030308,-0.071919,0
-0.0063186,1.6936,0.41419,0.011335,-0.0030509,-0.071929,0
-0.0063443,1.6931,0.41387,0.012008,-0.0031105,-0.072151,0
-0.0064128,1.6927,0.41356,0.012625,-0.003166,-0.072369,0
-0.0065241,1.6922,0.41325,0.013198,-0.0032178,-0.072585,0
-0.0066779,1.6917,0.41293,0.01374,-0.003266,-0.072801,0
-0.0062505,1.6913,0.41233,0.012239,-0.0032788,-0.072728,0
-0.0065177,1.6908,0.41204,0.013053,-0.0033265,-0.073025,0
-0.0068259,1.6902,0.41175,0.013792,-0.0033706,-0.073311,0
-0.0071745,1.6897,0.41145,0.014473,-0.0034113,-0.073591,0
-0.0075629,1.6892,0.41115,0.015109,-0.0034485,-0.073869,0
-0.0073743,1.689,0.41052,0.013412,-0.0034579,-0.073827,0
-0.007872,1.6883,0.41025,0.014347,-0.0034924,-0.074187,0
-0.0084068,1.6877,0.40998,0.015193,-0.0035233,-0.074534,0
-0.0089775,1.6872,0.40971,0.015969,-0.0035508,-0.074873,0
-0.0095833,1.6867,0.40944,0.016693,-0.0035746,-0.075208,0
-0.0096668,1.6868,0.40878,0.014462,-0.0035745,-0.075139,0
-0.010358,1.6862,0.40857,0.015569,-0.0035939,-0.075576,0
-0.011082,1.6856,0.40836,0.016565,-0.0036097,-0.075994,0
-0.011836,1.6851,0.40815,0.017474,-0.0036216,-0.0764,0
-0.01262,1.6847,0.40795,0.018315,-0.0036295,-0.076799,0
-0.012555,1.6859,0.40778,0.01601,-0.0036036,-0.076896,0
-0.013461,1.6853,0.40761,0.017203,-0.0036076,-0.077376,0
-0.014386,1.6848,0.40746,0.01828,-0.003607,-0.077838,0
-0.015327,1.6845,0.40733,0.019267,-0.0036015,-0.078288,0
-0.016284,1.6842,0.40723,0.020185,-0.0035911,-0.078733,0
-0.016826,1.6855,0.40654,0.016767,-0.0035778,-0.078564,0
-0.017781,1.6853,0.4066,0.018249,-0.0035564,-0.079164,0
-0.018751,1.6852,0.40669,0.019563,-0.0035308,-0.07973,0
-0.019732,1.6852,0.40681,0.020744,-0.0035009,-0.080273,0
-0.020718,1.6855,0.40697,0.021822,-0.0034665,-0.080801,0
-0.021347,1.6875,0.40638,0.018213,-0.0034417,-0.080619,0
-0.022286,1.6878,0.40676,0.019865,-0.0033938,-0.081307,0
-0.02323,1.6884,0.40719,0.021317,-0.0033425,-0.081952,0
-0.024174,1.6892,0.40766,0.022609,-0.0032876,-0.082565,0
-0.025111,1.6902,0.40818,0.023776,-0.0032288,-0.083155,0
-0.025673,1.6939,0.40791,0.019615,-0.0032015,-0.082811,0
-0.026521,1.6951,0.40871,0.021478,-0.0031258,-0.083603,0
-0.027363,1.6965,0.40957,0.023095,-0.0030482,-0.084336,0
-0.02819,1.6984,0.41048,0.024516,-0.0029683,-0.085026,0
-0.028996,1.7005,0.41146,0.025782,-0.0028856,-0.085682,0
-0.029334,1.7064,0.41172,0.021351,-0.002862,-0.085291,0
-0.030022,1.7086,0.41302,0.023339,-0.0027595,-0.086156,0
-0.030688,1.7113,0.41439,0.02505,-0.0026571,-0.086952,0
-0.031323,1.7144,0.41583,0.026542,-0.0025543,-0.087694,0
-0.03192,1.718,0.41735,0.027858,-0.0024507,-0.088396,0
-0.03277,1.7264,0.41764,0.022515,-0.0024726,-0.087689,0
-0.033119,1.73,0.41962,0.024774,-0.0023384,-0.088673,0
-0.033446,1.7341,0.42166,0.02669,-0.0022091,-0.089566,0
-0.033739,1.7388,0.42378,0.028334,-0.0020835,-0.090386,0
-0.03399,1.7439,0.42597,0.029763,-0.0019609,-0.091149,0
-0.032311,1.7587,0.42917,0.024611,-0.001951,-0.09057,0
-0.032727,1.7632,0.4314,0.026858,-0.0018066,-0.09155,0
-0.033055,1.7684,0.43374,0.028763,-0.0016687,-0.092436,0
-0.033291,1.7742,0.43619,0.030395,-0.0015362,-0.093249,0
-0.033433,1.7807,0.43876,0.03181,-0.0014085,-0.094004,0
-0.032365,1.799,0.44218,0.026315,-0.0014692,-0.093212,0
-0.032535,1.8047,0.44496,0.028702,-0.0013086,-0.094255,0
-0.032604,1.8113,0.44785,0.030705,-0.0011592,-0.095189,0
-0.032568,1.8186,0.45086,0.032403,-0.0010197,-0.096036,0
-0.03243,1.8267,0.45399,0.033859,-0.00088895,-0.096815,0
-0.031949,1.8483,0.45837,0.028228,-0.00093685,-0.095862,0
-0.031805,1.8555,0.46164,0.030701,-0.00078259,-0.096953,0
-0.03156,1.8635,0.46502,0.032765,-0.00064207,-0.097926,0
-0.031216,1.8724,0.46851,0.034503,-0.00051384,-0.098804,0
-0.030774,1.8821,0.47211,0.035982,-0.00039675,-0.099605,0
-0.030105,1.9101,0.47841,0.030367,-0.00047713,-0.098682,0
-0.029811,1.9182,0.48194,0.032842,-0.00033392,-0.099779,0
-0.029405,1.9273,0.48558,0.034894,-0.0002076,-0.10075,0
-0.028889,1.9373,0.48933,0.036607,-9.6357e-05,-0.10162,0
-0.02827,1.9481,0.49319,0.038049,1.2801e-06,-0.10241,0
-0.027999,1.9813,0.50054,0.032286,-0.0001369,-0.10123,0
-0.027573,1.99,0.50426,0.034837,-8.9906e-06,-0.10238,0
-0.027032,1.9998,0.50808,0.036933,9.9649e-05,-0.10338,0
-0.02638,2.0106,0.51199,0.038663,0.00019121,-0.10427,0
-0.025624,2.0222,0.51601,0.040099,0.00026751,-0.10508,0
-0.027867,2.0603,0.52376,0.033791,9.6349e-05,-0.10359,0
-0.02709,2.0695,0.52767,0.036471,0.00020528,-0.10482,0
-0.026218,2.0798,0.53165,0.038636,0.00029273,-0.10588,0
-0.025254,2.0912,0.5357,0.040386,0.00036145,-0.10681,0
-0.024203,2.1035,0.53984,0.041803,0.00041378,-0.10764,0
-0.020887,2.154,0.54704,0.035991,-0.00013539,-0.10627,0
-0.020532,2.1619,0.55128,0.038535,2.7929e-05,-0.10749,0
-0.02004,2.1712,0.55553,0.040563,0.00015503,-0.10854,0
-0.019419,2.1818,0.55979,0.042171,0.0002516,-0.10945,0
-0.01868,2.1936,0.56409,0.043435,0.00032241,-0.11026,0
-0.020091,2.2465,0.57493,0.038077,4.6927e-05,-0.10888,0
-0.019623,2.2544,0.57886,0.04044,0.00015965,-0.11008,0
-0.018991,2.2638,0.58282,0.04227,0.00024143,-0.11111,0
-0.018205,2.2746,0.58684,0.043664,0.00029761,-0.11201,0
-0.017279,2.2867,0.59093,0.0447,0.0003327,-0.11278,0
-0.025328,2.3604,0.60219,0.038654,-0.0001665,-0.1114,0
-0.024256,2.3663,0.60629,0.040838,-2.6438e-05,-0.11255,0
-0.022995,2.3741,0.6104,0.042508,7.3453e-05,-0.11355,0
-0.021556,2.3838,0.61456,0.043751,0.00014108,-0.1144,0
-0.019956,2.395,0.61879,0.044638,0.000183,-0.11515,0
-0.026904,2.4699,0.63277,0.037867,-8.4209e-05,-0.11325,0
-0.024994,2.4755,0.63678,0.040181,4.729e-06,-0.1145,0
-0.022896,2.4833,0.64086,0.041906,6.291e-05,-0.11556,0
-0.020625,2.493,0.64504,0.043141,9.7335e-05,-0.11647,0
-0.018197,2.5046,0.64937,0.043963,0.00011371,-0.11726,0
-0.024599,2.5883,0.66533,0.038481,-0.00011658,-0.11575,0
-0.021893,2.594,0.66949,0.040343,-5.2544e-05,-0.11687,0
-0.01898,2.602,0.67377,0.041683,-1.2292e-05,-0.11783,0
-0.015877,2.6121,0.67822,0.042585,1.0387e-05,-0.11863,0
-0.012605,2.624,0.68286,0.043116,2.0483e-05,-0.11932,0
-0.020076,2.7188,0.70084,0.037745,-0.00013322,-0.11755,0
-0.01634,2.7245,0.70543,0.03931,-8.5808e-05,-0.1186,0
-0.012406,2.7327,0.71016,0.040382,-5.5401e-05,-0.11948,0
-0.0082831,2.743,0.71505,0.041036,-3.6839e-05,-0.12021,0
-0.0039799,2.7553,0.72012,0.041336,-2.6098e-05,-0.12081,0
-0.011276,2.871,0.74153,0.033625,-0.00010087,-0.11896,0
-0.0064864,2.8754,0.74653,0.035179,-6.3765e-05,-0.11989,0
-0.0014883,2.8821,0.75156,0.036276,-3.8723e-05,-0.12066,0
0.0037304,2.8909,0.75662,0.036981,-2.1504e-05,-0.12128,0
0.0091777,2.9015,0.76172,0.037352,-9.0079e-06,-0.12176,0
0.0028279,3.0061,0.78243,0.033904,2.2036e-06,-0.12095,0
0.0085605,3.0104,0.78689,0.034669,1.9898e-05,-0.12145,0
0.014524,3.0164,0.79118,0.035131,3.323e-05,-0.12181,0
0.02072,3.0236,0.79525,0.035336,4.4168e-05,-0.12204,0
0.02714,3.0316,0.79907,0.035326,5.3978e-05,-0.12215,0
0.025133,3.1152,0.81433,0.031022,0.00010131,-0.12111,0
0.031347,3.1169,0.81692,0.031458,0.00010727,-0.1212,0
0.037642,3.1188,0.81893,0.031695,0.00011248,-0.12116,0
0.043961,3.1204,0.82029,0.031772,0.00011722,-0.121,0
0.050227,3.1214,0.82092,0.031727,0.00012138,-0.12073,0
0.052861,3.1411,0.82647,0.035287,0.00013787,-0.12142,0
0.058199,3.1387,0.8248,0.034442,0.0001383,-0.12071,0
0.063164,3.1342,0.82223,0.03374,0.00013795,-0.11997,0
0.06762,3.1273,0.8187,0.033187,0.0001361,-0.11918,0
0.071433,3.1177,0.81416,0.032794,0.00013207,-0.11836,0
0.076757,3.0523,0.80365,0.039034,9.1857e-05,-0.11966,0
0.080145,3.0434,0.79711,0.037643,9.083e-05,-0.11835,0
0.082518,3.0307,0.7897,0.036659,8.5082e-05,-0.11709,0
0.083814,3.0141,0.78143,0.036054,7.4611e-05,-0.11587,0
0.083996,2.9937,0.77232,0.035805,5.9569e-05,-0.11471,0
0.09664,2.8432,0.74686,0.046118,1.9368e-05,-0.11757,0
0.097421,2.8308,0.73727,0.04439,9.9922e-06,-0.11588,0
0.09693,2.8139,0.72723,0.043259,-5.4322e-06,-0.11434,0
0.095278,2.7928,0.71677,0.04265,-2.553e-05,-0.11295,0
0.092584,2.768,0.70594,0.042498,-4.8937e-05,-0.11169,0
0.10117,2.5753,0.67004,0.053647,-2.151e-05,-0.11472,0
0.10038,2.5658,0.66105,0.051152,-4.1541e-05,-0.11317,0
0.098472,2.5518,0.65189,0.049411,-6.3651e-05,-0.11183,0
0.095616,2.5337,0.64256,0.048286,-8.617e-05,-0.11067,0
0.091977,2.5121,0.63309,0.047662,-0.00010778,-0.10967,0
0.10416,2.3466,0.6022,0.052992,-2.2561e-05,-0.11376,0
0.10168,2.3389,0.59457,0.050934,-4.7328e-05,-0.11231,0
0.09826,2.3267,0.58682,0.049537,-6.9859e-05,-0.11108,0
0.094096,2.3109,0.57894,0.048679,-8.9689e-05,-0.11005,0
0.089342,2.2918,0.57092,0.048256,-0.00010649,-0.10918,0
0.097434,2.1716,0.54532,0.04857,-2.6466e-05,-0.11209,0
0.092822,2.1615,0.53896,0.047501,-4.7425e-05,-0.11099,0
0.087582,2.1479,0.53238,0.046893,-6.4779e-05,-0.11007,0
0.081857,2.1311,0.52559,0.046652,-7.8885e-05,-0.10931,0
0.075759,2.1118,0.51859,0.046704,-8.9997e-05,-0.1087,0
0.074416,2.0249,0.50055,0.047123,-1.5546e-05,-0.11161,0
0.068744,2.0117,0.49426,0.04634,-3.284e-05,-0.11066,0
0.062665,1.9958,0.48776,0.045975,-4.663e-05,-0.1099,0
0.05628,1.9775,0.48109,0.045938,-5.7392e-05,-0.10931,0
0.049673,1.9573,0.47424,0.046156,-6.55e-05,-0.10885,0
0.042761,1.8931,0.46028,0.047127,-7.9647e-06,-0.11184,0
0.036712,1.8772,0.45381,0.046579,-2.1374e-05,-0.11102,0
0.030453,1.8594,0.44722,0.046434,-3.1863e-05,-0.11039,0
0.024059,1.8402,0.44056,0.046597,-3.9875e-05,-0.10992,0
0.017593,1.82,0.43384,0.046993,-4.5791e-05,-0.10959,0
0.0066753,1.7738,0.42261,0.046443,-4.077e-06,-0.11202,0
0.0012723,1.757,0.41629,0.046457,-1.4734e-05,-0.11143,0
-0.0041982,1.7393,0.41,0.046748,-2.3198e-05,-0.111,0
-0.0096723,1.7213,0.40376,0.047241,-2.9875e-05,-0.11069,0
-0.015092,1.7031,0.39759,0.047879,-3.5097e-05,-0.11049,0
-0.024899,1.6791,0.39007,0.038943,-5.9675e-06,-0.11146,0
-0.029193,1.663,0.38424,0.04035,-1.5722e-05,-0.11127,0
-0.033387,1.6472,0.3786,0.041691,-2.4096e-05,-0.11113,0
-0.037423,1.6321,0.3732,0.042954,-3.1532e-05,-0.11104,0
-0.041251,1.6177,0.36805,0.044128,-3.833e-05,-0.11097,0
-0.050201,1.5959,0.3615,0.042754,-2.3176e-05,-0.11243,0
-0.052728,1.5852,0.35706,0.043461,-3.3216e-05,-0.1121,0
-0.054996,1.5755,0.35297,0.044148,-4.2644e-05,-0.11181,0
-0.056961,1.5667,0.34925,0.04479,-5.1669e-05,-0.11156,0
-0.058584,1.5591,0.34592,0.045371,-6.0436e-05,-0.11133,0
-0.064843,1.5464,0.34199,0.045277,-5.1993e-05,-0.11235,0
-0.065027,1.5427,0.33956,0.04529,-6.3655e-05,-0.11187,0
-0.064851,1.5402,0.33758,0.045301,-7.491e-05,-0.11142,0
-0.064288,1.5389,0.33606,0.045284,-8.5881e-05,-0.11099,0
-0.063318,1.5388,0.335,0.045219,-9.6668e-05,-0.11056,0
-0.065205,1.5363,0.33417,0.047747,-0.00010015,-0.11143,0
-0.062979,1.5394,0.33406,0.047093,-0.00011215,-0.11074,0
-0.060373,1.5436,0.33441,0.046468,-0.00012371,-0.11008,0
-0.057383,1.5489,0.33523,0.045847,-0.00013493,-0.10944,0
-0.054013,1.5553,0.3365,0.045208,-0.00014589,-0.10879,0
-0.051469,1.5624,0.33938,0.049262,-0.0001541,-0.10939,0
-0.047367,1.5708,0.34127,0.04787,-0.0001654,-0.10849,0
-0.042938,1.58,0.34359,0.046563,-0.00017593,-0.10761,0
-0.0382,1.5901,0.34633,0.045313,-0.00018585,-0.10676,0
-0.033173,1.601,0.34946,0.044097,-0.00019534,-0.10591,0
-0.028243,1.6144,0.35457,0.048546,-0.00020867,-0.10598,0
-0.022786,1.6263,0.35818,0.046534,-0.00021709,-0.10493,0
-0.017135,1.6388,0.36211,0.04466,-0.0002246,-0.10391,0
-0.011319,1.6517,0.36634,0.042892,-0.00023148,-0.10291,0
-0.0053672,1.665,0.37084,0.041204,-0.00023803,-0.10193,0
5.1767e-05,1.6797,0.37769,0.046752,-0.00024448,-0.10164,0
0.0060112,1.6931,0.38223,0.044235,-0.00025119,-0.10048,0
0.012027,1.7068,0.387,0.04189,-0.00025671,-0.099359,0
0.018069,1.7205,0.39194,0.039683,-0.00026145,-0.098261,0
0.024104,1.7343,0.39704,0.037584,-0.00026576,-0.097182,0
0.030684,1.7516,0.40431,0.044334,-0.00028772,-0.096929,0
0.036242,1.7642,0.40923,0.041378,-0.0002893,-0.095673,0
0.041722,1.7766,0.41421,0.038669,-0.00028981,-0.094468,0
0.047098,1.7888,0.41923,0.036162,-0.00028969,-0.093302,0
0.052346,1.8007,0.42424,0.033824,-0.00028932,-0.092167,0
0.057816,1.8144,0.43088,0.040559,-0.00030873,-0.091731,0
0.062419,1.8246,0.4355,0.037473,-0.00030558,-0.090468,0
0.066848,1.8343,0.44004,0.034676,-0.00030147,-0.089261,0
0.071085,1.8434,0.44446,0.032119,-0.00029686,-0.0881,0
0.075116,1.8518,0.44875,0.029765,-0.00029203,-0.086975,0
0.078044,1.8587,0.4535,0.036745,-0.00030681,-0.086497,0
0.08152,1.8654,0.45731,0.033708,-0.00029916,-0.085276,0
0.084749,1.8713,0.46089,0.030984,-0.00029061,-0.084114,0
0.087724,1.8761,0.46423,0.028523,-0.00028151,-0.082999,0
0.090439,1.8801,0.4673,0.026285,-0.0002721,-0.081922,0
0.091127,1.8794,0.46966,0.03245,-0.00027962,-0.081401,0
0.093387,1.8815,0.47217,0.029656,-0.0002673,-0.080253,0
0.095359,1.8824,0.47433,0.027174,-0.00025425,-0.079164,0
0.097046,1.882,0.47613,0.024957,-0.00024073,-0.078123,0
0.098451,1.8805,0.47755,0.022967,-0.0002269,-0.077121,0
0.096612,1.8688,0.47693,0.029544,-0.00021302,-0.076767,0
0.097843,1.866,0.4778,0.026867,-0.00019895,-0.075663,0
0.098752,1.8616,0.47823,0.024533,-0.00018415,-0.074628,0
0.099353,1.8558,0.47821,0.022491,-0.00016886,-0.073649,0
0.099656,1.8485,0.47772,0.020697,-0.00015326,-0.072719,0
0.09543,1.8275,0.47393,0.028702,-0.00013064,-0.07297,0
0.095653,1.8192,0.47289,0.026087,-0.00011705,-0.071871,0
0.095541,1.8091,0.47134,0.023907,-0.0001032,-0.070872,0
0.095113,1.7974,0.46929,0.022096,-8.9365e-05,-0.069956,0
0.094388,1.7842,0.46674,0.020597,-7.5754e-05,-0.069112,0
0.088917,1.7531,0.46,0.025052,7.2086e-07,-0.068984,0
0.088344,1.7393,0.45698,0.023245,3.8862e-06,-0.068123,0
0.087416,1.7238,0.45344,0.021799,7.1429e-06,-0.067348,0
0.086156,1.7067,0.44939,0.020658,1.0246e-05,-0.066648,0
0.084584,1.6879,0.44485,0.019778,1.2961e-05,-0.066015,0
0.07877,1.6494,0.43577,0.024779,0.00012112,-0.066355,0
0.077396,1.6311,0.4309,0.023143,0.0001063,-0.065607,0
0.075646,1.611,0.42552,0.021886,9.1872e-05,-0.064961,0
0.073543,1.5893,0.41966,0.020948,7.7571e-05,-0.064406,0
0.071109,1.5662,0.41334,0.020278,6.3154e-05,-0.063931,0
0.064096,1.5213,0.40172,0.025106,0.00019192,-0.064549,0
0.061862,1.499,0.39524,0.02385,0.00015393,-0.063997,0
0.059219,1.4751,0.3883,0.022955,0.00011722,-0.063552,0
0.05619,1.4497,0.38091,0.022363,8.1584e-05,-0.063203,0
0.052796,1.423,0.37312,0.022025,4.6819e-05,-0.062938,0
0.044723,1.3745,0.36009,0.026369,0.00020567,-0.063821,0
0.041504,1.349,0.35227,0.025626,0.00014274,-0.06349,0
0.037837,1.322,0.34404,0.025211,8.308e-05,-0.063268,0
0.033746,1.2936,0.33542,0.025068,2.6561e-05,-0.06314,0
0.029253,1.264,0.32645,0.025149,-2.6894e-05,-0.063096,0
0.019681,1.2134,0.31249,0.028127,0.0001597,-0.064028,0
0.015378,1.1852,0.3036,0.027998,7.3962e-05,-0.063954,0
0.010589,1.1556,0.29437,0.028117,-4.7122e-06,-0.063975,0
0.0053421,1.1248,0.28481,0.028437,-7.638e-05,-0.064078,0
-0.00033932,1.0929,0.27496,0.028917,-0.00014102,-0.064254,0
-0.012661,1.0374,0.25952,0.03042,9.5957e-05,-0.06521,0
-0.017859,1.007,0.25003,0.031277,4.9866e-06,-0.06544,0
-0.023586,0.97526,0.24023,0.032261,-7.4362e-05,-0.065734,0
-0.029804,0.94235,0.23016,0.033343,-0.00014201,-0.066085,0
-0.036478,0.90831,0.21984,0.034493,-0.00019779,-0.066485,0
-0.05013,0.85516,0.20433,0.032932,-1.459e-05,-0.067398,0
-0.056394,0.82196,0.19441,0.034159,-8.3504e-05,-0.067796,0
-0.063147,0.7875,0.18425,0.03539,-0.00013608,-0.068235,0
-0.070336,0.75184,0.1739,0.036599,-0.00017235,-0.068707,0
-0.077911,0.71505,0.16338,0.037761,-0.0001923,-0.069208,0
-0.093533,0.65805,0.14742,0.03491,2.2422e-05,-0.070087,0
-0.10035,0.62208,0.13756,0.036074,-2.1677e-07,-0.070578,0
-0.10753,0.58494,0.12758,0.037104,-3.3451e-06,-0.071079,0
-0.115,0.54673,0.11753,0.037982,1.2588e-05,-0.071585,0
-0.12267,0.50756,0.10746,0.038691,4.7071e-05,-0.072091,0
-0.13918,0.44609,0.091391,0.033898,0.00031771,-0.072571,0
-0.14548,0.40882,0.082501,0.034541,0.0003515,-0.07309,0
-0.15189,0.37084,0.07369,0.034915,0.00040542,-0.073578,0
-0.15831,0.33238,0.065032,0.035017,0.00047802,-0.074034,0
-0.16463,0.29372,0.056604,0.03485,0.00056773,-0.074454,0
-0.18044,0.2291,0.041588,0.029924,0.00094691,-0.07472,0
-0.1845,0.19527,0.035069,0.029392,0.0010172,-0.07508,0
-0.18831,0.16192,0.028931,0.028596,0.0011045,-0.075389,0
-0.19177,0.12945,0.023264,0.027553,0.001206,-0.075647,0
-0.19475,0.09828,0.018159,0.026284,0.0013192,-0.075851,0
-0.20665,0.046902,0.0063569,0.02319,0.0015716,-0.076002,0
-0.20668,0.022759,0.0039304,0.021368,0.0016967,-0.076075,0
-0.20612,0.0010599,0.0022026,0.019445,0.0018235,-0.076098,0
-0.20487,-0.017816,0.0012455,0.01745,0.0019495,-0.07607,0
-0.20288,-0.033521,0.0011201,0.015413,0.0020723,-0.075992,0
-0.2062,-0.062852,-0.0032817,0.013603,0.0023442,-0.075687,0
-0.20133,-0.068363,-0.00066907,0.011862,0.0024341,-0.075588,0
-0.19579,-0.070216,0.002783,0.010122,0.0025175,-0.075426,0
-0.18956,-0.068278,0.007084,0.0084178,0.0025921,-0.075207,0
-0.18267,-0.062478,0.01223,0.0067805,0.002656,-0.074937,0
-0.17753,-0.058938,0.01506,0.005219,0.0027425,-0.073927,0
-0.16881,-0.044501,0.02231,0.0040341,0.0027883,-0.073706,0
-0.1596,-0.026301,0.030305,0.0029209,0.0028183,-0.073426,0
-0.14996,-0.0045065,0.038995,0.0019019,0.0028318,-0.073096,0
-0.13998,0.020676,0.048323,0.00099297,0.0028285,-0.072725,0
-0.12526,0.053679,0.060147,0.00034088,0.0029061,-0.071523,0
-0.11534,0.084345,0.070196,-4.2139e-06,0.0028594,-0.071244,0
-0.10528,0.11757,0.080712,-0.00029967,0.0027997,-0.070922,0
-0.095171,0.15308,0.091623,-0.00053389,0.0027272,-0.070566,0
-0.085113,0.19057,0.10285,-0.00070049,0.0026423,-0.070186,0
-0.065895,0.2517,0.11837,0.00010021,0.0023888,-0.069029,0
-0.05701,0.2895,0.1294,0.00026083,0.0023094,-0.068782,0
-0.048288,0.32867,0.14059,0.00043496,0.0022168,-0.068506,0
-0.039803,0.36892,0.15189,0.00063031,0.0021123,-0.068211,0
-0.031617,0.41,0.16322,0.00085072,0.0019971,-0.067907,0
-0.013145,0.47659,0.17971,0.0037835,0.0016772,-0.067294,0
-0.0068608,0.51524,0.19007,0.0039663,0.00157,-0.067067,0
-0.00086152,0.55428,0.2004,0.0041685,0.0014539,-0.066837,0
0.0048143,0.59352,0.21064,0.0043918,0.0013303,-0.066611,0
0.010136,0.63278,0.22076,0.0046359,0.0012008,-0.066393,0
0.02701,0.69639,0.23634,0.0078965,0.00091577,-0.066149,0
0.03021,0.7317,0.2451,0.0079948,0.00079592,-0.065977,0
0.03318,0.76688,0.25375,0.0081205,0.00067303,-0.065822,0
0.035903,0.80182,0.26225,0.0082728,0.0005481,-0.065688,0
0.038368,0.83641,0.27058,0.0084503,0.00042205,-0.065576,0
0.047282,0.85433,0.29075,0.0063956,0.0013001,-0.064955,0
0.046671,0.89078,0.29652,0.0074657,0.00096994,-0.06502,0
0.046175,0.92596,0.30231,0.0083491,0.00067642,-0.06508,0
0.045768,0.95996,0.30809,0.009083,0.00041476,-0.065142,0
0.045425,0.99286,0.31384,0.0096983,0.00018079,-0.065211,0
0.046674,1.0058,0.32872,0.0085291,0.00080325,-0.064444,0
0.04488,1.0403,0.33251,0.0098401,0.00043021,-0.064737,0
0.043416,1.0731,0.33643,0.010898,0.00010699,-0.065005,0
0.042228,1.1045,0.34047,0.011758,-0.00017345,-0.065258,0
0.041267,1.1346,0.34458,0.012462,-0.00041723,-0.065504,0
0.048437,1.1858,0.349,0.0149,-0.0010518,-0.065146,0
0.047598,1.2098,0.35316,0.015417,-0.0011563,-0.06554,0
0.046845,1.2332,0.35726,0.015872,-0.0012512,-0.065923,0
0.046154,1.256,0.3613,0.016281,-0.0013378,-0.0663,0
0.045505,1.2781,0.36524,0.01666,-0.0014173,-0.066676,0
0.05709,1.3331,0.36585,0.019742,-0.0022288,-0.06643,0
0.056401,1.348,0.3705,0.019904,-0.0021318,-0.066969,0
0.055546,1.3631,0.37484,0.020114,-0.0020587,-0.067496,0
0.05456,1.3781,0.37887,0.020361,-0.0020053,-0.068015,0
0.053471,1.3931,0.38261,0.020641,-0.0019681,-0.068528,0
0.063711,1.4354,0.3831,0.019681,-0.0024991,-0.067715,0
0.062174,1.4447,0.38731,0.020578,-0.002345,-0.068543,0
0.06046,1.4545,0.39105,0.021405,-0.002228,-0.069314,0
0.058624,1.4646,0.39438,0.02217,-0.0021408,-0.070036,0
0.056712,1.4749,0.39734,0.022882,-0.0020771,-0.070718,0
0.067088,1.5219,0.39034,0.022502,-0.0029794,-0.069815,0
0.065642,1.5257,0.39496,0.023446,-0.0027315,-0.070773,0
0.063867,1.5303,0.39889,0.024315,-0.0025361,-0.071658,0
0.06186,1.5356,0.40223,0.025117,-0.0023829,-0.072479,0
0.059697,1.5412,0.40505,0.025861,-0.0022637,-0.073245,0
0.055743,1.5341,0.41462,0.021721,-0.0016574,-0.072788,0
0.052955,1.543,0.41494,0.023252,-0.0017082,-0.073703,0
0.050343,1.5515,0.4152,0.024564,-0.0017542,-0.074537,0
0.0479,1.5597,0.4154,0.025699,-0.0017954,-0.075303,0
0.045622,1.5674,0.41554,0.026696,-0.0018315,-0.076015,0
0.039781,1.5807,0.41696,0.020677,-0.0018926,-0.075535,0
0.038042,1.5867,0.4168,0.022633,-0.0019117,-0.07645,0
0.03642,1.5924,0.41661,0.024301,-0.0019292,-0.077273,0
0.034912,1.5979,0.41638,0.025737,-0.0019447,-0.07802,0
0.033512,1.6031,0.41612,0.026984,-0.0019577,-0.078707,0
0.031646,1.6147,0.41716,0.022155,-0.0019921,-0.07817,0
0.030402,1.6184,0.41667,0.024005,-0.0019935,-0.079019,0
0.029243,1.6219,0.41615,0.025593,-0.0019948,-0.079783,0
0.028165,1.6251,0.41562,0.026966,-0.0019954,-0.080477,0
0.027161,1.6282,0.41508,0.028165,-0.0019947,-0.081114,0
0.026375,1.6372,0.41512,0.024362,-0.002026,-0.081023,0
0.025508,1.6391,0.41448,0.025921,-0.0020148,-0.081724,0
0.024689,1.6408,0.41383,0.027266,-0.0020044,-0.082359,0
0.023917,1.6424,0.41317,0.028434,-0.0019941,-0.08294,0
0.023187,1.6438,0.41251,0.02946,-0.0019834,-0.083476,0
0.02305,1.652,0.41224,0.026365,-0.0020235,-0.083344,0
0.022369,1.6522,0.41156,0.027713,-0.0020002,-0.083953,0
0.021711,1.6523,0.41086,0.028889,-0.0019789,-0.084508,0
0.021075,1.6523,0.41015,0.029921,-0.0019587,-0.085018,0
0.020462,1.6523,0.40943,0.030836,-0.001939,-0.085491,0
0.019423,1.6564,0.40974,0.027197,-0.0019147,-0.08552,0
0.018821,1.6556,0.40887,0.028495,-0.0018946,-0.086038,0
0.018239,1.6548,0.40801,0.029616,-0.0018758,-0.086507,0
0.017676,1.654,0.40718,0.03059,-0.0018575,-0.086936,0
0.017131,1.6531,0.40637,0.031443,-0.0018395,-0.087332,0
0.01387,1.6503,0.40595,0.033627,-0.0017884,-0.091332,0
0.013543,1.6503,0.40507,0.033052,-0.0017785,-0.090912,0
0.013246,1.6501,0.40423,0.032725,-0.0017659,-0.090613,0
0.012967,1.6496,0.40343,0.03259,-0.0017512,-0.090412,0
0.012702,1.6489,0.40267,0.0326,-0.0017348,-0.090291,0
0.010686,1.6527,0.40288,0.027993,-0.0017182,-0.090375,0
0.010519,1.6512,0.40207,0.028617,-0.0016986,-0.090384,0
0.010343,1.6496,0.4013,0.029217,-0.0016804,-0.090419,0
0.010157,1.648,0.40057,0.029791,-0.0016636,-0.090476,0
0.0099587,1.6463,0.39987,0.030337,-0.0016479,-0.090551,0
0.0085279,1.6455,0.39916,0.028492,-0.0016334,-0.090343,0
0.0084339,1.6437,0.39853,0.029309,-0.0016196,-0.090523,0
0.0083133,1.6418,0.39794,0.030026,-0.0016074,-0.090693,0
0.0081684,1.6399,0.39738,0.03066,-0.0015966,-0.090853,0
0.0080012,1.638,0.39685,0.031221,-0.0015868,-0.091006,0
0.0068511,1.6381,0.39642,0.029634,-0.0015877,-0.090918,0
0.0067196,1.6359,0.39596,0.030354,-0.0015768,-0.091126,0
0.0065616,1.6337,0.39552,0.030965,-0.0015678,-0.091311,0
0.0063808,1.6316,0.3951,0.031485,-0.0015603,-0.091477,0
0.0061808,1.6296,0.3947,0.031929,-0.001554,-0.091626,0
0.0054568,1.6295,0.39304,0.030386,-0.0015919,-0.090787,0
0.005376,1.627,0.39294,0.031233,-0.0015781,-0.091138,0
0.0052524,1.6247,0.39282,0.031909,-0.0015671,-0.091431,0
0.0050944,1.6225,0.39269,0.032448,-0.0015581,-0.091678,0
0.0049094,1.6204,0.39255,0.032875,-0.0015508,-0.091885,0
0.0027314,1.6144,0.39302,0.033927,-0.0014943,-0.092581,0
0.0026422,1.6133,0.39273,0.033887,-0.0014996,-0.0926,0
0.0025418,1.6121,0.39246,0.033862,-0.0015036,-0.092624,0
0.0024313,1.6109,0.39223,0.033845,-0.0015065,-0.092652,0
0.0023121,1.6096,0.39203,0.033833,-0.0015084,-0.092682,0
0.0021964,1.6155,0.39321,0.02882,-0.00154,-0.08995,0
0.0019928,1.6127,0.39279,0.030115,-0.0015357,-0.090571,0
0.0017835,1.6102,0.39242,0.031093,-0.0015331,-0.091074,0
0.0015731,1.6079,0.39211,0.031819,-0.0015317,-0.09148,0
0.0013648,1.6058,0.39185,0.032344,-0.0015312,-0.091807,0
-0.0001585,1.6007,0.39055,0.033825,-0.0015326,-0.091931,0
-0.00016671,1.5994,0.39055,0.033999,-0.0015326,-0.092162,0
-0.00018959,1.5982,0.39057,0.034086,-0.0015325,-0.092347,0
-0.00022344,1.5971,0.39059,0.034105,-0.0015321,-0.092492,0
-0.00026518,1.596,0.39064,0.03407,-0.0015316,-0.092603,0
-0.0010672,1.5934,0.3906,0.035396,-0.0015286,-0.092471,0
-0.0010533,1.5926,0.39067,0.03524,-0.0015282,-0.092573,0
-0.0010472,1.5919,0.39075,0.03507,-0.001527,-0.092651,0
-0.0010468,1.5911,0.39084,0.034891,-0.001525,-0.092709,0
-0.00105,1.5905,0.39093,0.034708,-0.0015225,-0.09275,0
-0.0021558,1.589,0.39079,0.033194,-0.0015065,-0.092878,0
-0.0020381,1.5886,0.39094,0.033129,-0.0015053,-0.092881,0
-0.0019318,1.5882,0.3911,0.033042,-0.001504,-0.092871,0
-0.0018353,1.5879,0.39126,0.032939,-0.0015026,-0.092851,0
-0.0017473,1.5876,0.39144,0.032823,-0.0015011,-0.092823,0
-0.00098631,1.5867,0.3918,0.035316,-0.0015062,-0.093141,0
-0.0010065,1.5865,0.39196,0.034795,-0.0015038,-0.093008,0
-0.0010195,1.5863,0.39212,0.034356,-0.0015008,-0.092895,0
-0.0010263,1.5861,0.39228,0.033985,-0.0014973,-0.092797,0
-0.0010276,1.5859,0.39244,0.033667,-0.0014936,-0.09271,0
-0.001808,1.5857,0.39262,0.031928,-0.0014799,-0.09261,0
-0.0017229,1.5856,0.39278,0.031845,-0.001478,-0.092555,0
-0.0016417,1.5855,0.39294,0.031757,-0.0014763,-0.092499,0
-0.0015642,1.5854,0.39311,0.031667,-0.001475,-0.092443,0
-0.0014903,1.5853,0.39328,0.031573,-0.0014742,-0.092387,0
-0.0019172,1.5809,0.39362,0.033635,-0.0014213,-0.093546,0
-0.0018714,1.5818,0.39372,0.032965,-0.0014323,-0.093222,0
-0.001808,1.5825,0.39384,0.03243,-0.0014415,-0.092952,0
-0.0017324,1.5831,0.39396,0.032003,-0.0014492,-0.092725,0
-0.0016486,1.5837,0.3941,0.031663,-0.0014559,-0.092533,0
-0.0021076,1.5836,0.39405,0.031425,-0.0014615,-0.092481,0
-0.0019656,1.5841,0.39422,0.031163,-0.0014672,-0.092318,0
-0.0018284,1.5845,0.39439,0.030954,-0.0014727,-0.092178,0
-0.0016977,1.5849,0.39455,0.030786,-0.0014782,-0.092058,0
-0.0015745,1.5852,0.3947,0.030649,-0.0014839,-0.091953,0
-0.00097868,1.5853,0.39459,0.030965,-0.0014955,-0.091914,0
-0.00089998,1.5856,0.39477,0.030811,-0.0015009,-0.091818,0
-0.0008284,1.5858,0.39493,0.030682,-0.0015068,-0.091734,0
-0.0007644,1.5861,0.39508,0.030574,-0.0015133,-0.091659,0
-0.00070831,1.5863,0.39521,0.03048,-0.0015205,-0.091591,0
-0.00055842,1.5866,0.39502,0.030951,-0.0015449,-0.091377,0
-0.00049988,1.5867,0.39518,0.030875,-0.00155,-0.091349,0
-0.00045592,1.5868,0.39532,0.030801,-0.0015564,-0.091321,0
-0.0004252,1.5869,0.39544,0.030727,-0.0015638,-0.091292,0
-0.00040657,1.587,0.39553,0.030655,-0.0015722,-0.091262,0
-0.00019986,1.5851,0.3955,0.031644,-0.0015617,-0.091363,0
