0.27185
0.27185
0.27183
0.27179
0.27174
0.27167
0.2716
0.27154
0.27149
0.27146
0.27143
0.27141
0.27139
0.27138
0.27137
0.27137
0.27137
0.27137
0.27137
0.27138
0.27138
0.27139
0.2714
0.2714
0.27141
0.27141
0.27142
0.27142
0.27142
0.27142
0.27142
0.27141
0.2714
0.27139
0.27138
0.27136
0.27134
0.27131
0.27128
0.27125
0.27121
0.27117
0.27112
0.27107
0.27101
0.27095
0.27088
0.27081
0.27073
0.27064
0.27054
0.27044
0.27033
0.27021
0.27009
0.26995
0.2698
0.26965
0.26948
0.2693
0.26911
0.26891
0.26869
0.26846
0.26821
0.26795
0.26768
0.26739
0.26708
0.26675
0.26641
0.26604
0.26565
0.26525
0.26482
0.26437
0.26389
0.26339
0.26286
0.26231
0.26172
0.26111
0.26047
0.2598
0.2591
0.25836
0.25759
0.25678
0.25594
0.25506
0.25414
0.25319
0.25219
0.25115
0.25007
0.24894
0.24778
0.24657
0.24531
0.244
0.24265
0.24125
0.23981
0.23831
0.23676
0.23517
0.23352
0.23183
0.23008
0.22828
0.22643
0.22453
0.22258
0.22059
0.21854
0.21644
0.21429
0.2121
0.20986
0.20757
0.20524
0.20286
0.20045
0.198
0.1955
0.19296
0.1904
0.1878
0.18518
0.18253
0.17985
0.17716
0.17445
0.17174
0.16901
0.16628
0.16355
0.16084
0.15815
0.15547
0.15282
0.1502
0.14764
0.14512
0.14265
0.14025
0.13792
0.13569
0.13356
0.13152
0.12959
0.1278
0.12616
0.12467
0.12334
0.12218
0.12121
0.12044
0.11988
0.11953
0.11939
0.1195
0.11986
0.12046
0.12131
0.12241
0.12376
0.12536
0.12721
0.1293
0.13162
0.13416
0.13689
0.13983
0.14294
0.14623
0.14964
0.15317
0.1568
0.16052
0.16432
0.16815
0.172
0.17586
0.17972
0.18358
0.1874
0.19116
0.19488
0.19854
0.20214
0.20565
0.20909
0.21243
0.2157
0.21888
0.22196
0.22493
0.22781
0.23059
0.23328
0.23585
0.23833
0.24069
0.24296
0.24513
0.24719
0.24916
0.25102
0.25278
0.25445
0.25603
0.25751
0.25891
0.26021
0.26144
0.26258
0.26364
0.26462
0.26553
0.26637
0.26713
0.26784
0.26847
0.26905
0.26957
0.27003
0.27045
0.27081
0.27113
0.2714
0.27163
0.27183
0.27199
0.27211
0.27221
0.27228
0.27232
0.27234
0.27234
0.27232
0.27229
0.27224
0.27219
0.27212
0.27206
0.27199
0.27193
0.27186
0.27181
0.27176
0.27173
0.27171
0.2717
0.27172
0.27176
0.27182
0.27191
0.27202
0.27216
0.27234
0.27254
0.27278
0.27305
0.27335
0.27369
0.27406
0.27446
0.27489
0.27534
0.27583
0.27633
0.27686
0.27741
0.27797
0.27854
0.27912
0.2797
0.28028
0.28085
0.28141
0.28195
0.28247
0.28295
0.2834
0.28381
0.28417
0.28448
0.28472
0.2849
0.285
0.28502
0.28496
0.28481
0.28457
0.28422
0.28378
0.28322
0.28256
0.2818
0.28092
0.27993
0.27884
0.27765
0.27635
0.27496
0.27349
0.27193
0.2703
0.26861
0.26687
0.26508
0.26328
0.26145
0.25962
0.25781
0.25601
0.25426
0.25255
0.25091
0.24934
0.24786
0.24647
0.24519
0.24403
0.24298
0.24207
0.24128
0.24064
0.24013
0.23976
0.23953
0.23944
0.23948
0.23966
0.23997
0.2404
0.24094
0.2416
0.24235
0.2432
0.24414
0.24515
0.24623
0.24736
0.24855
0.24977
0.25101
0.25228
0.25356
0.25484
0.25612
0.25737
0.25861
0.25982
0.26099
0.26212
0.2632
0.26424
0.26522
0.26614
0.26701
0.26781
0.26855
0.26922
0.26983
0.27038
0.27086
0.27128
0.27163
0.27193
0.27217
0.27235
0.27249
0.27257
0.2726
0.2726
0.27255
0.27247
0.27235
0.2722
0.27203
0.27184
0.27162
0.27139
0.27114
0.27089
0.27062
0.27035
0.27007
0.26979
0.2695
0.26923
0.26895
0.26868
0.26841
0.26815
0.2679
0.26765
0.26741
0.26718
0.26696
0.26675
0.26654
0.26635
0.26617
0.266
0.26584
0.26569
0.26555
0.26542
0.2653
0.26519
0.26509
0.265
0.26492
0.26485
0.26479
0.26473
0.26469
0.26465
0.26461
0.26458
0.26455
0.26453
0.2645
0.26449
0.26447
0.26446
0.26446
0.26446
0.26446
0.26446
0.26447
0.26449
0.2645
0.26452
0.26455
0.26457
0.2646
0.26463
0.26466
0.2647
0.26473
0.26477
0.26481
0.26485
0.26488
0.26492
0.26496
0.265
0.26504
0.26508
0.26513
0.26517
0.26522
0.26526
0.26531
0.26535
0.2654
0.26544
0.26548
0.26552
0.26555
0.26559
0.26562
0.26565
0.26568
0.26571
0.26573
0.26576
0.26578
0.26579
0.26581
0.26582
0.26584
0.26585
0.26586
0.26586
0.26587
0.26588
0.26588
0.26588
0.26588
0.26587
0.26587
0.26586
0.26586
0.26585
0.26584
0.26583
0.26583
0.26582
0.26581
0.2658
0.26579
0.26578
0.26577
0.26576
0.26575
