0.0003241,31.602,0.5254,-12.103,0.020054,0.48702,-2.72e-06
0.09015,31.875,0.62005,-12.059,0.020723,0.47496,-2.5864e-05
0.1657,32.118,0.69864,-12.023,0.021121,0.46534,-4.6281e-05
0.22877,32.334,0.76295,-11.994,0.021288,0.45782,-6.3847e-05
0.28101,32.525,0.81461,-11.971,0.021262,0.45213,-7.8611e-05
0.35175,34.319,1.2608,-11.909,0.019146,0.38008,-8.5101e-05
0.2949,34.2,1.2002,-11.944,0.017933,0.39089,-6.0101e-05
0.24753,34.088,1.1474,-11.971,0.016944,0.39993,-4.0412e-05
0.20849,33.984,1.1016,-11.991,0.016144,0.40751,-2.5124e-05
0.43399,34.154,1.2877,-12.087,0.013653,0.41561,-0.00026292
0.30426,34.018,1.186,-12.087,0.012745,0.42108,-0.00020251
0.19722,33.894,1.1011,-12.086,0.012113,0.42565,-0.00015267
0.11008,33.781,1.0308,-12.083,0.011704,0.42947,-0.00011188
0.040382,33.679,0.97344,-12.08,0.011474,0.43271,-7.8819e-05
0.20152,33.571,1.0582,-12.056,0.014001,0.42687,-0.00011693
0.1469,33.493,1.0105,-12.06,0.013432,0.43055,-0.00010213
0.10529,33.423,0.97268,-12.064,0.013034,0.43375,-8.9862e-05
0.074868,33.359,0.94355,-12.067,0.012777,0.43656,-7.9769e-05
0.054084,33.302,0.92194,-12.07,0.012633,0.43904,-7.1567e-05
0.0079023,33.186,0.87631,-12.058,0.012622,0.43808,-5.5873e-05
0.010946,33.152,0.87308,-12.067,0.012688,0.44091,-5.3636e-05
0.018761,33.121,0.87378,-12.075,0.012803,0.44342,-5.3206e-05
0.030625,33.093,0.87788,-12.082,0.012956,0.44566,-5.4279e-05
0.04591,33.068,0.88494,-12.088,0.013137,0.44767,-5.6601e-05
0.049167,32.996,0.87705,-12.059,0.013941,0.44391,-2.8775e-05
0.076299,32.985,0.89362,-12.073,0.014132,0.44631,-3.8637e-05
0.10412,32.975,0.91114,-12.085,0.014331,0.44845,-4.8612e-05
0.13245,32.965,0.92948,-12.096,0.014534,0.45039,-5.8637e-05
0.16115,32.955,0.94853,-12.106,0.01474,0.45215,-6.8663e-05
-0.03225,32.932,0.83341,-12.108,0.015754,0.45375,0.00014538
0.037643,32.92,0.87936,-12.111,0.016173,0.45482,0.00011769
0.10119,32.909,0.92168,-12.115,0.016535,0.45586,9.2702e-05
0.15918,32.899,0.96088,-12.119,0.016849,0.45689,7.0155e-05
0.21229,32.891,0.9974,-12.123,0.017124,0.45792,4.98e-05
0.25416,32.878,1.0234,-12.127,0.017649,0.45745,3.3758e-05
0.30101,32.872,1.0571,-12.133,0.017854,0.45883,1.6637e-05
0.34419,32.867,1.0889,-12.14,0.01804,0.46017,1.1796e-06
0.38409,32.863,1.1191,-12.147,0.018212,0.46149,-1.276e-05
0.42106,32.858,1.1477,-12.154,0.01837,0.4628,-2.5308e-05
0.45216,32.845,1.1653,-12.156,0.018073,0.46211,-3.8272e-05
0.4863,32.844,1.1936,-12.167,0.018287,0.46389,-4.8532e-05
0.51781,32.843,1.2206,-12.177,0.018488,0.4656,-5.768e-05
0.54692,32.842,1.2463,-12.187,0.018676,0.46727,-6.5782e-05
0.5738,32.841,1.2709,-12.197,0.018853,0.46894,-7.2896e-05
0.5981,32.815,1.2862,-12.193,0.018637,0.46745,-8.6783e-05
0.62269,32.82,1.3107,-12.208,0.018867,0.4698,-9.1583e-05
0.64505,32.824,1.3341,-12.223,0.019084,0.47204,-9.5564e-05
0.66529,32.828,1.3564,-12.237,0.019289,0.4742,-9.8741e-05
0.68348,32.832,1.3777,-12.251,0.019482,0.47632,-0.00010113
0.70344,32.809,1.3921,-12.249,0.019508,0.47493,-0.0001104
0.71837,32.819,1.4127,-12.268,0.019723,0.47777,-0.00011062
0.73118,32.828,1.4321,-12.287,0.019927,0.48046,-0.00011014
0.7419,32.836,1.4504,-12.304,0.020122,0.48306,-0.00010894
0.75054,32.844,1.4676,-12.322,0.020306,0.4856,-0.00010701
0.76356,32.82,1.4794,-12.318,0.020272,0.48371,-0.00011978
0.76816,32.837,1.4954,-12.342,0.020475,0.48715,-0.00011511
0.77051,32.852,1.5101,-12.364,0.02067,0.4904,-0.00010981
0.7706,32.868,1.5236,-12.386,0.020855,0.49351,-0.00010385
0.76837,32.883,1.536,-12.406,0.021028,0.49653,-9.7183e-05
0.76438,32.897,1.5393,-12.419,0.020696,0.49573,-0.00011862
0.75837,32.917,1.5506,-12.444,0.02091,0.49948,-0.00010845
0.74956,32.937,1.5603,-12.468,0.02111,0.50304,-9.7728e-05
0.73793,32.958,1.5684,-12.49,0.021294,0.50647,-8.6398e-05
0.72347,32.979,1.575,-12.512,0.021461,0.50981,-7.4406e-05
0.72808,32.949,1.5841,-12.502,0.021254,0.50654,-9.8841e-05
0.70564,32.986,1.5871,-12.534,0.021413,0.51124,-8.2418e-05
0.68053,33.024,1.5887,-12.564,0.021564,0.51562,-6.5662e-05
0.65267,33.062,1.5887,-12.592,0.021702,0.51976,-4.8499e-05
0.62198,33.101,1.5872,-12.619,0.021826,0.52373,-3.087e-05
0.61884,33.074,1.5927,-12.605,0.022125,0.52024,-2.9953e-05
0.57834,33.132,1.5866,-12.643,0.022168,0.52561,-1.0355e-05
0.53536,33.19,1.5792,-12.677,0.022211,0.53057,9.5619e-06
0.48975,33.247,1.5703,-12.71,0.022247,0.53522,2.9847e-05
0.44141,33.306,1.56,-12.74,0.022274,0.53965,5.0532e-05
0.43525,33.282,1.5652,-12.712,0.022484,0.53473,1.7377e-05
0.37421,33.365,1.5488,-12.756,0.022434,0.54089,4.408e-05
0.31118,33.447,1.5313,-12.796,0.022389,0.54652,7.051e-05
0.24597,33.529,1.5126,-12.833,0.022341,0.55173,9.6738e-05
0.17842,33.613,1.4929,-12.867,0.022286,0.55663,0.00012281
0.17167,33.609,1.4999,-12.835,0.022403,0.55123,0.0001023
0.088402,33.719,1.4722,-12.883,0.02224,0.55793,0.00013245
0.0040502,33.828,1.4441,-12.927,0.022088,0.564,0.0001618
-0.081656,33.937,1.4154,-12.967,0.021936,0.56957,0.0001904
-0.16893,34.046,1.386,-13.003,0.021778,0.57476,0.00021831
-0.15232,34.021,1.4107,-12.942,0.022831,0.5667,0.00019622
-0.26379,34.169,1.3685,-12.999,0.022433,0.57432,0.00022885
-0.37401,34.314,1.3273,-13.049,0.022071,0.58111,0.00025987
-0.48349,34.458,1.2869,-13.095,0.021731,0.58726,0.00028937
-0.59264,34.602,1.247,-13.135,0.021402,0.59289,0.00031743
-0.60046,34.723,1.2599,-13.094,0.018819,0.58583,0.0002065
-0.72999,34.879,1.2092,-13.149,0.018627,0.59334,0.0002468
-0.85707,35.035,1.1602,-13.196,0.018438,0.60003,0.00028399
-0.98218,35.191,1.1127,-13.239,0.018241,0.60606,0.00031824
-1.1057,35.35,1.0665,-13.278,0.018028,0.61157,0.00034969
-1.0728,35.471,1.1088,-13.216,0.017291,0.60286,0.00028355
-1.2271,35.655,1.0458,-13.275,0.01693,0.61083,0.0003215
-1.3757,35.838,0.98656,-13.326,0.016588,0.61783,0.00035541
-1.5193,36.022,0.9305,-13.371,0.016254,0.62407,0.00038553
-1.6585,36.207,0.87726,-13.412,0.015918,0.6297,0.00041205
-1.6514,36.35,0.9103,-13.336,0.014919,0.61984,0.00030785
-1.8166,36.562,0.84328,-13.399,0.014537,0.62811,0.00034488
-1.9737,36.773,0.78114,-13.455,0.014172,0.63535,0.00037674
-2.1236,36.984,0.72334,-13.503,0.013813,0.64175,0.0004038
-2.267,37.195,0.66942,-13.547,0.013454,0.64748,0.00042639
-2.2513,37.442,0.71636,-13.48,0.012941,0.63784,0.00028865
-2.4244,37.667,0.64581,-13.544,0.012515,0.64607,0.00032576
-2.5859,37.891,0.58188,-13.6,0.012113,0.65322,0.00035643
-2.737,38.116,0.52386,-13.649,0.011723,0.6595,0.00038119
-2.8785,38.341,0.47114,-13.692,0.011337,0.66508,0.0004005
-2.8066,38.603,0.54982,-13.604,0.0057746,0.65363,0.00017198
-2.9857,38.847,0.47626,-13.673,0.0058524,0.66213,0.00021495
-3.1487,39.088,0.41145,-13.733,0.0059188,0.66945,0.00024996
-3.2971,39.328,0.35443,-13.786,0.0059658,0.67583,0.00027777
-3.4318,39.569,0.30434,-13.833,0.0059888,0.68143,0.00029905
-3.3315,39.815,0.40387,-13.719,0.001263,0.66769,5.3876e-05
-3.5083,40.082,0.33036,-13.798,0.0016211,0.67673,0.000101
-3.6633,40.344,0.26801,-13.866,0.0019538,0.6844,0.00013887
-3.7985,40.603,0.21548,-13.925,0.0022541,0.69098,0.00016851
-3.9156,40.861,0.17161,-13.977,0.0025178,0.69667,0.0001908
-3.1624,41.231,0.56857,-13.871,0.0023507,0.68392,1.7656e-05
-3.4337,41.497,0.44561,-13.954,0.0023613,0.69275,6.8534e-05
-3.6632,41.758,0.34393,-14.026,0.0024315,0.7002,0.00010814
-3.8553,42.016,0.26057,-14.089,0.0025397,0.70652,0.00013803
-4.0143,42.272,0.19295,-14.144,0.0026693,0.71192,0.00015951
-3.653,42.708,0.40685,-14.051,-0.0027789,0.69936,-0.00011197
-3.8835,42.97,0.30217,-14.137,-0.0021278,0.70793,-5.7497e-05
-4.0689,43.227,0.21858,-14.212,-0.0014925,0.71507,-1.4563e-05
-4.2144,43.482,0.15296,-14.277,-0.00088592,0.72104,1.8489e-05
-4.3244,43.736,0.10258,-14.334,-0.00031719,0.72605,4.3089e-05
-3.414,44.258,0.58109,-14.233,0.00021831,0.71369,-0.00017982
-3.7225,44.507,0.43416,-14.324,0.00078507,0.72173,-0.00011173
-3.9621,44.755,0.31921,-14.403,0.001392,0.7284,-5.7043e-05
-4.1416,45.004,0.23107,-14.473,0.0020096,0.73395,-1.3681e-05
-4.2688,45.254,0.16532,-14.536,0.0026155,0.73856,2.0123e-05
-3.6514,45.744,0.47801,-14.413,-0.0017174,0.72194,-0.00025059
-3.8977,46.013,0.35733,-14.518,-0.00048586,0.73056,-0.00017474
-4.0728,46.28,0.26686,-14.611,0.0006562,0.73764,-0.00011328
-4.1864,46.548,0.20134,-14.694,0.0016962,0.74344,-6.387e-05
-4.2469,46.818,0.15629,-14.769,0.0026267,0.74816,-2.4556e-05
-3.4165,47.428,0.52698,-14.685,-0.0049205,0.73486,-0.00035738
-3.6325,47.695,0.41448,-14.791,-0.0030149,0.74227,-0.00026756
-3.7711,47.964,0.33239,-14.886,-0.0013389,0.74827,-0.00019355
-3.8434,48.235,0.27516,-14.971,0.00011572,0.75307,-0.00013276
-3.8589,48.51,0.23806,-15.048,0.0013594,0.75685,-8.3004e-05
-2.8748,49.128,0.63918,-14.95,-0.0074585,0.74197,-0.00044042
-3.0703,49.411,0.53007,-15.063,-0.005219,0.74858,-0.00034173
-3.1823,49.694,0.45163,-15.163,-0.0032625,0.7538,-0.00025856
-3.2233,49.978,0.39811,-15.253,-0.0015723,0.75782,-0.00018838
-3.2041,50.263,0.36467,-15.334,-0.00012954,0.76081,-0.00012904
-1.9341,51.013,0.8444,-15.255,-0.0031189,0.74423,-0.0002883
-2.1559,51.296,0.72362,-15.368,-0.001283,0.74995,-0.00020085
-2.2833,51.576,0.63621,-15.467,0.00032754,0.75435,-0.00012648
-2.3309,51.852,0.57595,-15.554,0.001735,0.75761,-6.2736e-05
-2.3113,52.122,0.53771,-15.63,0.0029625,0.75987,-7.5991e-06
-1.1523,52.912,0.95602,-15.624,-0.0039058,0.75282,-0.0002535
-1.3021,53.134,0.86149,-15.701,-0.0021227,0.75537,-0.00017331
-1.3652,53.343,0.79684,-15.763,-0.00057519,0.75693,-0.00010362
-1.3559,53.538,0.7568,-15.811,0.0007738,0.75761,-4.2445e-05
-1.2863,53.715,0.73705,-15.845,0.0019579,0.75752,1.1823e-05
-0.25796,54.245,1.0822,-15.804,-0.0064482,0.74874,-0.00025374
-0.30382,54.357,1.0312,-15.827,-0.0052372,0.7489,-0.00019232
-0.2814,54.438,1.0048,-15.832,-0.0042294,0.7483,-0.0001394
-0.20331,54.485,0.9992,-15.82,-0.0033978,0.74703,-9.3848e-05
-0.080583,54.494,1.0112,-15.792,-0.0027224,0.74516,-5.4872e-05
0.2723,54.827,1.1339,-15.836,-0.0047966,0.75218,-0.00010485
0.43211,54.69,1.1659,-15.753,-0.0054586,0.74745,-0.00010301
0.61567,54.516,1.2113,-15.658,-0.0063082,0.74272,-0.00010754
0.81576,54.3,1.2683,-15.55,-0.0073477,0.738,-0.00011876
1.0259,54.041,1.3355,-15.429,-0.0085847,0.73331,-0.00013711
0.30703,53.77,1.0763,-15.468,-0.0048708,0.74568,-3.6912e-05
0.71319,53.38,1.2146,-15.29,-0.0074437,0.73767,-9.2847e-05
1.0824,52.959,1.3496,-15.109,-0.01012,0.7303,-0.00015343
1.4158,52.505,1.4818,-14.925,-0.012931,0.72354,-0.0002197
1.7141,52.02,1.6114,-14.74,-0.015904,0.71736,-0.00029251
0.10299,51.288,0.94508,-14.877,-0.0032411,0.7417,5.7243e-05
0.6928,50.725,1.1786,-14.646,-0.0071372,0.7315,-4.2238e-05
1.1894,50.155,1.3891,-14.425,-0.011052,0.72259,-0.00014398
1.6031,49.577,1.579,-14.215,-0.01501,0.71484,-0.00024849
1.9432,48.991,1.7503,-14.016,-0.019028,0.70816,-0.000356
-0.18447,47.666,0.78621,-14.154,-0.0016579,0.73431,0.00016269
0.45947,47.141,1.0689,-13.952,-0.0050858,0.72433,6.406e-05
0.98522,46.619,1.3144,-13.767,-0.0085677,0.71602,-3.5539e-05
1.4082,46.099,1.5263,-13.599,-0.012084,0.70913,-0.00013554
1.7421,45.58,1.708,-13.445,-0.015613,0.70348,-0.00023533
-0.070055,44.583,0.7613,-13.766,0.0050826,0.7331,0.00033573
0.51236,44.089,1.0452,-13.588,0.0020592,0.72358,0.0002499
0.97542,43.604,1.2836,-13.43,-0.00095807,0.71575,0.00016484
1.3371,43.124,1.4815,-13.289,-0.0039314,0.70939,8.149e-05
1.613,42.647,1.644,-13.166,-0.0068305,0.70431,6.4769e-07
0.52968,41.711,0.98081,-13.427,0.0084897,0.7236,0.00040577
0.92578,41.28,1.2001,-13.293,0.0062119,0.71645,0.00034238
1.2299,40.851,1.3774,-13.177,0.003975,0.71072,0.00028035
1.4578,40.424,1.5184,-13.076,0.0018135,0.70621,0.00022049
1.623,39.995,1.6283,-12.99,-0.00024855,0.70277,0.00016339
0.7051,39.351,1.0671,-13.273,0.014781,0.72238,0.00054579
0.9937,38.927,1.2345,-13.164,0.012536,0.71618,0.00048518
1.2132,38.507,1.3662,-13.072,0.010404,0.71141,0.00042763
1.3767,38.091,1.4678,-12.996,0.0084012,0.70786,0.00037342
1.4953,37.677,1.5443,-12.934,0.0065336,0.70534,0.0003227
0.86449,37.22,1.1448,-13.226,0.017752,0.72599,0.00060555
1.0716,36.793,1.2637,-13.135,0.015577,0.72054,0.00054701
1.2322,36.377,1.3563,-13.063,0.013544,0.71656,0.0004922
1.356,35.97,1.4274,-13.005,0.01165,0.71379,0.0004409
1.4513,35.571,1.4813,-12.961,0.0098855,0.71201,0.00039283
1.014,35.184,1.2047,-13.208,0.019459,0.72828,0.00063114
1.1809,34.788,1.2937,-13.143,0.017105,0.72451,0.00056814
1.3183,34.406,1.3654,-13.092,0.014895,0.72188,0.00050871
1.433,34.037,1.4234,-13.054,0.012814,0.72018,0.00045241
1.5308,33.681,1.4709,-13.025,0.010846,0.71923,0.00039879
1.225,33.35,1.2732,-13.184,0.021177,0.72112,0.00064043
1.3876,33.019,1.3555,-13.151,0.018164,0.72059,0.00056419
1.5313,32.703,1.4267,-13.126,0.01533,0.72038,0.00049122
1.6604,32.401,1.4893,-13.106,0.012652,0.72038,0.00042113
1.7784,32.115,1.5453,-13.091,0.010112,0.72051,0.00035358
1.6266,31.874,1.443,-13.247,0.013618,0.72965,0.00043335
1.7831,31.603,1.5207,-13.21,0.010666,0.72769,0.00035478
1.9273,31.354,1.5914,-13.178,0.0078731,0.72603,0.00027964
2.0617,31.125,1.6566,-13.15,0.0052256,0.72455,0.00020765
2.1884,30.917,1.7176,-13.124,0.0027107,0.72316,0.0001386
2.1003,30.769,1.6574,-13.229,0.0047525,0.73,0.00018797
2.2563,30.587,1.7354,-13.182,0.001947,0.72659,0.00011046
2.4022,30.43,1.8078,-13.139,-0.00068042,0.7234,3.7449e-05
2.5394,30.296,1.8753,-13.097,-0.0031376,0.72032,-3.1254e-05
2.6691,30.186,1.9386,-13.057,-0.0054302,0.71726,-9.5785e-05
2.7006,30.186,1.9544,-13.125,-0.0059662,0.72444,-0.00010685
2.8334,30.1,2.0188,-13.062,-0.0081598,0.7193,-0.00017075
2.9581,30.04,2.0786,-13.002,-0.010162,0.71436,-0.00022921
3.0753,30.003,2.134,-12.943,-0.011978,0.70952,-0.00028244
3.1854,29.99,2.1854,-12.884,-0.01361,0.70471,-0.00033064
3.2478,30.152,2.2197,-12.912,-0.015728,0.71092,-0.00037933
3.3497,30.148,2.2652,-12.834,-0.016988,0.704,-0.00042008
3.4438,30.169,2.3063,-12.757,-0.018059,0.69733,-0.00045494
3.5304,30.212,2.343,-12.681,-0.018946,0.69082,-0.00048429
3.6094,30.276,2.3752,-12.606,-0.019656,0.68441,-0.00050854
3.692,30.511,2.425,-12.578,-0.022803,0.68734,-0.00058068
3.7496,30.583,2.4429,-12.49,-0.022994,0.67917,-0.00059353
3.8004,30.676,2.457,-12.404,-0.023047,0.6713,-0.00060165
3.844,30.786,2.4673,-12.319,-0.022971,0.66364,-0.0006056
3.8802,30.913,2.4737,-12.235,-0.022774,0.65613,-0.00060595
3.8693,31.209,2.4684,-12.169,-0.024252,0.65741,-0.00064404
3.8931,31.326,2.4667,-12.076,-0.024352,0.64828,-0.00065238
3.9086,31.459,2.461,-11.985,-0.024335,0.63951,-0.00065658
3.9159,31.605,2.451,-11.896,-0.024208,0.631,-0.00065734
3.9148,31.762,2.437,-11.809,-0.023981,0.62268,-0.00065528
3.9958,32.097,2.4963,-11.736,-0.02447,0.62482,-0.00066131
3.956,32.233,2.4586,-11.641,-0.023931,0.61488,-0.00065322
3.9112,32.378,2.4194,-11.549,-0.023368,0.60543,-0.00064345
3.861,32.529,2.3786,-11.46,-0.022783,0.59636,-0.00063265
3.8052,32.685,2.3361,-11.374,-0.022181,0.58759,-0.00062137
3.8327,32.98,2.3666,-11.289,-0.023527,0.58852,-0.00064521
3.7434,33.109,2.305,-11.198,-0.022667,0.57853,-0.0006295
3.6516,33.239,2.2439,-11.111,-0.021862,0.56907,-0.00061438
3.557,33.369,2.1833,-11.027,-0.021109,0.56006,-0.00060033
3.4593,33.495,2.1229,-10.946,-0.020406,0.5514,-0.00058772
3.4253,33.701,2.1242,-10.861,-0.020211,0.55224,-0.00056666
3.3036,33.799,2.051,-10.777,-0.019536,0.54261,-0.00055725
3.1815,33.891,1.98,-10.697,-0.018948,0.53356,-0.0005494
3.059,33.975,1.911,-10.62,-0.018441,0.52497,-0.00054345
2.936,34.05,1.8438,-10.545,-0.018011,0.51678,-0.00053962
2.8557,34.137,1.822,-10.465,-0.017518,0.51692,-0.00050888
2.7186,34.181,1.7483,-10.389,-0.017251,0.508,-0.00051133
2.5834,34.212,1.6778,-10.315,-0.017078,0.49965,-0.00051562
2.4503,34.229,1.6105,-10.244,-0.016991,0.49178,-0.00052196
2.3192,34.23,1.5463,-10.176,-0.016984,0.48431,-0.0005305
2.1695,34.182,1.4817,-10.115,-0.016791,0.48587,-0.00049456
2.0435,34.15,1.4227,-10.042,-0.016947,0.4774,-0.0005101
1.9204,34.101,1.3669,-9.9718,-0.017186,0.46959,-0.00052705
1.8005,34.034,1.3143,-9.9053,-0.017499,0.46234,-0.00054557
1.6841,33.947,1.2649,-9.8415,-0.017884,0.45556,-0.0005658
1.5347,33.795,1.2055,-9.8296,-0.011243,0.46204,-0.00033207
1.4314,33.669,1.1654,-9.755,-0.012647,0.45373,-0.00038322
1.3321,33.524,1.1284,-9.6861,-0.014056,0.44633,-0.00043326
1.2372,33.36,1.0948,-9.6223,-0.01547,0.4397,-0.00048249
1.147,33.176,1.0645,-9.5631,-0.016886,0.43373,-0.00053119
0.92178,32.837,0.93914,-9.5446,-0.01442,0.43575,-0.00041109
0.86758,32.629,0.93293,-9.4841,-0.016305,0.42953,-0.00047676
0.81536,32.4,0.92778,-9.4294,-0.018163,0.42408,-0.00054036
0.76578,32.15,0.92404,-9.3798,-0.019997,0.41931,-0.0006023
0.7194,31.88,0.92199,-9.3352,-0.021813,0.41512,-0.00066291
0.50686,31.458,0.79073,-9.3613,-0.018284,0.42057,-0.00052259
0.50071,31.163,0.81581,-9.3089,-0.020675,0.41521,-0.00060086
0.49415,30.849,0.83974,-9.2643,-0.023015,0.41074,-0.00067648
0.488,30.516,0.86302,-9.2267,-0.025313,0.40704,-0.0007499
0.48287,30.165,0.88605,-9.1957,-0.027576,0.404,-0.00082153
0.30061,29.637,0.76264,-9.2523,-0.022406,0.41115,-0.00062468
0.33486,29.273,0.81282,-9.2167,-0.025261,0.40726,-0.00071778
0.36586,28.892,0.85952,-9.1899,-0.028037,0.40428,-0.00080717
0.3944,28.495,0.90332,-9.1714,-0.030747,0.40207,-0.00089337
0.42111,28.082,0.9447,-9.1605,-0.0334,0.40055,-0.00097682
0.24651,27.502,0.81655,-9.2498,-0.027155,0.40915,-0.00077651
0.30889,27.084,0.88309,-9.2348,-0.030287,0.40692,-0.00087583
0.36473,26.653,0.94367,-9.2293,-0.033317,0.40557,-0.00097078
0.41483,26.209,0.99891,-9.2326,-0.036254,0.40497,-0.0010618
0.45981,25.752,1.0493,-9.2442,-0.039108,0.40502,-0.0011492
0.28798,25.127,0.91674,-9.3517,-0.034007,0.41314,-0.00096732
0.36599,24.675,0.9908,-9.3616,-0.03719,0.41282,-0.0010696
0.43353,24.213,1.056,-9.3808,-0.040238,0.41324,-0.001166
0.49151,23.741,1.113,-9.4085,-0.043154,0.41429,-0.0012567
0.54064,23.26,1.1624,-9.4441,-0.045937,0.41588,-0.0013417
0.35133,22.567,1.0112,-9.5707,-0.04454,0.42321,-0.0012187
0.42478,22.112,1.0778,-9.6093,-0.04723,0.42533,-0.0013084
0.48504,21.647,1.1334,-9.6551,-0.04979,0.42792,-0.0013912
0.53296,21.175,1.1787,-9.7076,-0.052195,0.43093,-0.0014666
0.56925,20.696,1.2143,-9.7661,-0.054418,0.43429,-0.0015339
0.43195,20.021,1.1059,-9.9081,-0.050112,0.43956,-0.0014228
0.47862,19.567,1.1479,-9.9661,-0.05222,0.44291,-0.0014846
0.51061,19.108,1.1778,-10.03,-0.054028,0.44654,-0.0015351
0.52877,18.647,1.1964,-10.098,-0.055494,0.45038,-0.0015735
0.53382,18.183,1.204,-10.17,-0.056577,0.45439,-0.0015986
0.37558,17.508,1.0811,-10.32,-0.051507,0.45873,-0.0014396
0.38414,17.082,1.0898,-10.391,-0.052029,0.46271,-0.0014495
0.37764,16.655,1.0863,-10.464,-0.052015,0.46671,-0.0014421
0.35698,16.23,1.0713,-10.538,-0.051424,0.4707,-0.0014163
0.32298,15.81,1.0453,-10.614,-0.050216,0.47464,-0.0013715
0.13485,15.143,0.89453,-10.738,-0.043629,0.47532,-0.0012277
0.10214,14.779,0.86942,-10.811,-0.041406,0.47942,-0.00115
0.054966,14.421,0.83276,-10.882,-0.038479,0.48323,-0.0010516
-0.0054687,14.071,0.78557,-10.951,-0.034842,0.48673,-0.00093276
-0.077976,13.733,0.72888,-11.016,-0.030503,0.48992,-0.00079373
-0.32568,13.122,0.52697,-11.114,-0.020966,0.48941,-0.00057329
-0.38846,12.861,0.47975,-11.167,-0.015734,0.49213,-0.00040923
-0.46344,12.614,0.42334,-11.215,-0.0099086,0.49443,-0.00022865
-0.54897,12.385,0.35922,-11.256,-0.0035548,0.4963,-3.3484e-05
-0.64343,12.176,0.28887,-11.291,0.0032487,0.49775,0.0001739
-0.81686,11.71,0.14591,-11.346,0.013501,0.49742,0.00044655
-0.92233,11.596,0.070602,-11.362,0.020851,0.4979,0.0006737
-1.0311,11.506,-0.0058024,-11.37,0.028299,0.49799,0.00090198
-1.142,11.442,-0.082051,-11.37,0.035732,0.4977,0.0011284
-1.2536,11.406,-0.15689,-11.361,0.043038,0.49704,0.0013497
-1.4279,11.19,-0.29688,-11.341,0.044433,0.49462,0.0014857
-1.5282,11.253,-0.35545,-11.319,0.051537,0.49401,0.0016911
-1.6274,11.344,-0.41042,-11.288,0.058142,0.49294,0.0018829
-1.7242,11.464,-0.46063,-11.249,0.064175,0.49143,0.0020589
-1.818,11.613,-0.50503,-11.202,0.069572,0.48955,0.0022169
-1.8988,11.67,-0.56127,-11.09,0.072289,0.48227,0.0023027
-1.9882,11.897,-0.59333,-11.04,0.076478,0.48089,0.0024259
-2.0719,12.152,-0.61697,-10.981,0.079907,0.47906,0.0025272
-2.1494,12.435,-0.63173,-10.917,0.08258,0.47685,0.0026065
-2.2206,12.742,-0.63727,-10.847,0.084516,0.47433,0.002664
-2.3104,13.137,-0.67506,-10.697,0.08454,0.46644,0.0027176
-2.3639,13.483,-0.65663,-10.632,0.085118,0.4646,0.0027283
-2.4128,13.851,-0.63034,-10.564,0.085109,0.46242,0.0027223
-2.4569,14.24,-0.59605,-10.492,0.084562,0.45996,0.0027006
-2.4964,14.647,-0.55375,-10.418,0.083532,0.45731,0.0026643
-2.3807,15.288,-0.41226,-10.258,0.084535,0.44972,0.002688
-2.427,15.704,-0.36681,-10.199,0.08249,0.44798,0.0026234
-2.4676,16.134,-0.31316,-10.138,0.080172,0.44601,0.0025495
-2.5027,16.577,-0.25168,-10.076,0.077631,0.44386,0.0024677
-2.5327,17.029,-0.18281,-10.014,0.074918,0.4416,0.0023792
-2.3773,17.784,0.018335,-9.8976,0.073578,0.43857,0.0023441
-2.4131,18.217,0.087764,-9.8491,0.070631,0.43669,0.0022454
-2.4435,18.657,0.16366,-9.8011,0.067647,0.43477,0.0021442
-2.469,19.103,0.24549,-9.7542,0.064661,0.43286,0.0020415
-2.4898,19.552,0.33271,-9.7091,0.0617,0.43099,0.0019382
-2.3272,20.33,0.54631,-9.6369,0.053322,0.4304,0.0017377
-2.3532,20.74,0.63077,-9.6019,0.051067,0.42868,0.0016469
-2.3746,21.152,0.71926,-9.569,0.048848,0.42707,0.0015571
-2.3915,21.566,0.81134,-9.5385,0.046684,0.42561,0.0014686
-2.4042,21.98,0.90656,-9.5106,0.044588,0.4243,0.001382
-3.3677,22.532,0.33862,-9.4826,0.038194,0.42075,0.0014214
-3.2088,22.906,0.56186,-9.463,0.035571,0.4206,0.0012707
-3.0687,23.281,0.76832,-9.4453,0.033226,0.42041,0.0011369
-2.9448,23.654,0.96005,-9.4297,0.031126,0.42024,0.0010177
-2.835,24.026,1.1389,-9.4166,0.029242,0.42011,0.00091147
-3.6656,24.407,0.67589,-9.3701,0.032371,0.4154,0.0011438
-3.4019,24.762,0.96089,-9.3698,0.02976,0.41684,0.00098368
-3.1704,25.114,1.2182,-9.37,0.027507,0.41809,0.00084572
-2.967,25.462,1.4513,-9.3712,0.025559,0.41923,0.0007267
-2.7879,25.807,1.6633,-9.3739,0.023871,0.42033,0.00062383
-2.0915,26.342,2.2153,-9.2894,0.013275,0.41749,0.0002418
-2.0333,26.656,2.3324,-9.3136,0.013129,0.41975,0.00020926
-1.9785,26.965,2.4446,-9.3374,0.012984,0.42193,0.00017943
-1.926,27.269,2.5526,-9.3612,0.012839,0.42407,0.00015198
-1.8751,27.567,2.6568,-9.3853,0.012696,0.4262,0.0001266
-0.75703,28.11,3.4413,-9.2934,0.00079324,0.42395,-0.00030692
-0.90596,28.373,3.402,-9.3441,0.0022983,0.42739,-0.00025322
-1.0252,28.629,3.3815,-9.3921,0.0035751,0.43073,-0.0002109
-1.1183,28.877,3.3771,-9.4379,0.0046578,0.43401,-0.00017799
-1.1882,29.119,3.3863,-9.4819,0.0055748,0.43724,-0.00015287
-0.32019,29.509,3.9635,-9.3729,-0.0030786,0.4295,-0.0004522
-0.54728,29.728,3.8656,-9.4504,-0.0010617,0.43541,-0.00037351
-0.72477,29.938,3.7986,-9.5207,0.00066475,0.44084,-0.00031083
-0.85989,30.14,3.7572,-9.585,0.0021424,0.44586,-0.00026121
-0.95882,30.333,3.7369,-9.6441,0.0034062,0.45054,-0.00022223
0.65125,30.627,4.7505,-9.4854,-0.0086255,0.44181,-0.00068821
0.28197,30.808,4.5484,-9.5831,-0.0060523,0.44881,-0.0005745
-0.013547,30.979,4.3932,-9.6707,-0.0038099,0.45519,-0.00048156
-0.24604,31.139,4.2769,-9.7496,-0.0018579,0.46104,-0.00040578
-0.42474,31.289,4.1931,-9.8208,-0.00016152,0.46645,-0.00034417
-1.4968,31.324,3.5332,-9.8532,0.0072868,0.4619,-4.6749e-05
-1.3902,31.472,3.6312,-9.9178,0.0073902,0.46847,-6.0426e-05
-1.2825,31.61,3.7248,-9.9761,0.0074814,0.4744,-7.2974e-05
-1.1743,31.737,3.814,-10.029,0.0075545,0.47979,-8.4509e-05
-1.066,31.856,3.8989,-10.078,0.0076046,0.48476,-9.5128e-05
-0.95076,31.929,3.9993,-10.051,0.0065028,0.47808,-0.00016461
-0.8518,32.043,4.071,-10.114,0.0066537,0.48494,-0.00016414
-0.75202,32.146,4.1397,-10.17,0.0067798,0.49105,-0.00016432
-0.65197,32.24,4.2053,-10.22,0.006877,0.49654,-0.00016504
-0.55215,32.325,4.2678,-10.267,0.0069418,0.50153,-0.00016619
-0.4157,32.384,4.3494,-10.232,0.0052337,0.49504,-0.00023241
-0.32817,32.464,4.4009,-10.29,0.0054327,0.50147,-0.00022459
-0.24025,32.535,4.4502,-10.342,0.0055983,0.5072,-0.00021826
-0.15252,32.597,4.4971,-10.39,0.0057276,0.51236,-0.00021321
-0.065495,32.652,4.5417,-10.433,0.0058186,0.51705,-0.00020923
0.099012,32.704,4.6295,-10.435,0.0045792,0.5141,-0.00025541
0.16935,32.751,4.6614,-10.483,0.0047303,0.51944,-0.00024567
0.23986,32.792,4.6919,-10.527,0.0048505,0.52423,-0.00023759
0.30996,32.826,4.7208,-10.567,0.0049378,0.52857,-0.0002309
0.37917,32.855,4.7482,-10.603,0.0049912,0.53254,-0.00022539
0.57588,32.894,4.8512,-10.596,0.0030228,0.52971,-0.00028741
0.61818,32.916,4.8608,-10.639,0.0032198,0.53437,-0.00027429
0.66199,32.933,4.8707,-10.678,0.003381,0.53858,-0.00026316
0.70656,32.945,4.8804,-10.714,0.0035059,0.54242,-0.00025372
0.75123,32.953,4.8897,-10.747,0.0035944,0.54594,-0.0002457
0.77888,32.967,4.8896,-10.768,0.0030768,0.54407,-0.00026576
0.82261,32.97,4.8983,-10.803,0.0031692,0.54812,-0.00025592
0.86514,32.969,4.9059,-10.835,0.0032422,0.55175,-0.00024751
0.9061,32.965,4.9122,-10.864,0.0032941,0.55504,-0.00024029
0.9452,32.959,4.9173,-10.892,0.0033238,0.55805,-0.00023407
0.8636,33.233,4.9055,-11.256,0.0041443,0.58618,-0.0002068
0.92799,33.162,4.915,-11.214,0.0040145,0.58291,-0.00020777
0.98446,33.1,4.9216,-11.182,0.0038735,0.5806,-0.00020819
1.0338,33.047,4.9257,-11.159,0.0037262,0.57905,-0.00020815
1.0766,32.999,4.9273,-11.143,0.0035759,0.57813,-0.00020775
1.098,33.007,4.9321,-11.174,0.0034903,0.57617,-0.000216
1.1298,32.965,4.9285,-11.167,0.0033755,0.57645,-0.0002123
1.1568,32.926,4.9231,-11.163,0.0032844,0.57691,-0.00020879
1.1793,32.891,4.9161,-11.163,0.0032141,0.57752,-0.00020543
1.1978,32.857,4.9076,-11.165,0.003162,0.57823,-0.00020219
1.2078,32.792,4.8944,-11.155,0.0028986,0.5758,-0.00021433
1.2197,32.771,4.8845,-11.167,0.0028787,0.57739,-0.00020995
1.2282,32.749,4.8732,-11.179,0.002882,0.57886,-0.0002058
1.2333,32.728,4.8605,-11.191,0.0029044,0.58023,-0.00020182
1.2353,32.707,4.8466,-11.203,0.0029427,0.58152,-0.00019798
1.2562,32.674,4.8476,-11.204,0.0027997,0.58006,-0.00020679
1.2453,32.658,4.8274,-11.222,0.0028961,0.58182,-0.00020084
1.2331,32.641,4.807,-11.239,0.0030071,0.58338,-0.00019528
1.2198,32.623,4.7865,-11.255,0.0031294,0.58476,-0.00019004
1.2051,32.605,4.7657,-11.271,0.0032605,0.58601,-0.00018506
1.3295,32.485,4.8169,-11.196,0.0028803,0.57946,-0.00020783
1.2831,32.489,4.7806,-11.231,0.0030804,0.58229,-0.00019873
1.2402,32.49,4.7466,-11.26,0.0032852,0.58465,-0.00019048
1.2002,32.487,4.7144,-11.287,0.0034915,0.58663,-0.00018292
1.1624,32.482,4.6838,-11.31,0.003697,0.58829,-0.00017592
0.95467,32.487,4.5612,-11.383,0.004627,0.59373,-0.00013072
0.95386,32.472,4.5521,-11.389,0.0047192,0.59386,-0.00013094
0.94879,32.457,4.541,-11.395,0.004818,0.59403,-0.00013052
0.94002,32.443,4.5282,-11.403,0.0049225,0.59423,-0.00012955
0.92802,32.429,4.5139,-11.41,0.0050323,0.59445,-0.00012809
0.97631,32.266,4.5203,-11.181,0.0051307,0.57341,-0.00012668
0.94744,32.287,4.5015,-11.237,0.0052077,0.57831,-0.00012465
0.91839,32.301,4.482,-11.285,0.0053251,0.58227,-0.00012215
0.88916,32.311,4.4621,-11.325,0.0054699,0.58544,-0.0001193
0.85976,32.316,4.442,-11.358,0.0056327,0.58797,-0.00011619
0.83126,32.249,4.4184,-11.365,0.0060404,0.58969,-0.00010111
0.79999,32.259,4.3979,-11.393,0.0062146,0.5914,-9.8347e-05
0.76901,32.266,4.3775,-11.416,0.0063832,0.59274,-9.5477e-05
0.73831,32.271,4.3574,-11.435,0.0065456,0.59379,-9.2518e-05
0.70789,32.273,4.3375,-11.451,0.0067017,0.59458,-8.9485e-05
0.65788,32.242,4.3075,-11.436,0.007066,0.59451,-7.1389e-05
0.63034,32.246,4.2899,-11.452,0.0072395,0.59516,-6.8643e-05
0.60289,32.249,4.2725,-11.465,0.0073933,0.59565,-6.5894e-05
0.57557,32.25,4.2554,-11.476,0.0075298,0.596,-6.3151e-05
0.54843,32.251,4.2386,-11.485,0.0076511,0.59622,-6.0419e-05
0.48854,32.233,4.2022,-11.511,0.0072922,0.59636,-6.6508e-05
0.46771,32.234,4.1898,-11.515,0.0073968,0.59638,-6.422e-05
0.44635,32.236,4.1773,-11.518,0.0075011,0.59631,-6.1808e-05
0.42462,32.236,4.1648,-11.52,0.0076052,0.59616,-5.9305e-05
0.40266,32.237,4.1523,-11.521,0.0077088,0.59595,-5.6739e-05
0.39199,32.281,4.1529,-11.538,0.0073723,0.59947,-6.3449e-05
0.36754,32.271,4.138,-11.532,0.0075541,0.59834,-5.8886e-05
0.34356,32.263,4.1237,-11.527,0.0077124,0.59738,-5.4597e-05
0.32007,32.256,4.1102,-11.522,0.0078517,0.59656,-5.0555e-05
0.29713,32.25,4.0973,-11.518,0.0079755,0.59584,-4.6738e-05
0.2482,32.234,4.0695,-11.523,0.0083613,0.5943,-2.8476e-05
0.23124,32.233,4.0611,-11.519,0.0083995,0.59391,-2.7622e-05
0.21423,32.233,4.0528,-11.516,0.0084439,0.59351,-2.6645e-05
0.19729,32.232,4.0448,-11.514,0.0084938,0.59312,-2.5574e-05
0.18052,32.232,4.0371,-11.511,0.0085489,0.59272,-2.4438e-05
0.036362,32.301,3.9614,-11.617,0.008281,0.60174,-2.8829e-05
0.046487,32.284,3.9685,-11.591,0.0084012,0.59922,-2.8018e-05
0.052704,32.271,3.9736,-11.569,0.008513,0.59713,-2.6938e-05
0.055745,32.262,3.9771,-11.551,0.0086189,0.59538,-2.5663e-05
0.056234,32.255,3.9795,-11.536,0.0087209,0.59393,-2.4257e-05
0.050396,32.247,3.9805,-11.534,0.0089597,0.59349,-9.3963e-06
0.047714,32.244,3.9812,-11.522,0.009041,0.59227,-9.3544e-06
0.043748,32.242,3.9813,-11.511,0.0091241,0.59123,-9.1299e-06
0.038853,32.242,3.9812,-11.503,0.0092098,0.59035,-8.7719e-06
0.033326,32.243,3.9809,-11.496,0.0092983,0.5896,-8.3213e-06
0.048804,32.244,3.9906,-11.492,0.0091974,0.58949,-2.4819e-05
0.039495,32.245,3.9884,-11.487,0.0093154,0.5888,-2.2259e-05
0.030664,32.248,3.9867,-11.482,0.009432,0.58819,-1.9943e-05
0.022407,32.25,3.9853,-11.479,0.0095479,0.58766,-1.7862e-05
0.014804,32.253,3.9845,-11.476,0.0096636,0.58719,-1.6008e-05
0.046693,32.24,4.006,-11.454,0.0094091,0.586,-9.3907e-06
0.032344,32.245,4.0013,-11.455,0.0095587,0.58582,-8.1086e-06
0.020145,32.251,3.998,-11.457,0.0097039,0.58562,-7.0293e-06
0.0099456,32.255,3.996,-11.458,0.0098453,0.58543,-6.1439e-06
0.0016144,32.26,3.9951,-11.46,0.0099834,0.58523,-5.4445e-06
-0.044561,32.257,3.9681,-11.469,0.0098537,0.58648,8.6547e-07
