0,0,0,0,0,0,0
0,0,0,0,0,0,0
-0.53415,0.29395,-0.55852,-0.43963,-0.4564,-0.51611,-0.49969
-0.48374,0.3011,-0.55819,-0.4842,-0.4468,-0.5035,-0.49953
-0.49044,0.30528,-0.56372,-0.50173,-0.44261,-0.50438,-0.49947
-0.48756,0.28697,-0.56102,-0.49684,-0.44469,-0.50541,-0.49953
-0.49194,0.28921,-0.56336,-0.50684,-0.44219,-0.50588,-0.4995
-0.47646,0.27243,-0.5617,-0.50548,-0.44402,-0.50639,-0.49956
-0.47906,0.27316,-0.56165,-0.50955,-0.44286,-0.50654,-0.49954
-0.461,0.26007,-0.5593,-0.50982,-0.44407,-0.50706,-0.49959
-0.46229,0.25953,-0.55734,-0.50927,-0.44396,-0.50697,-0.49959
-0.44675,0.25182,-0.55475,-0.50998,-0.445,-0.50781,-0.49963
-0.4471,0.25018,-0.55119,-0.50587,-0.4457,-0.50752,-0.49965
-0.47402,0.24618,-0.53618,-0.50804,-0.4464,-0.50708,-0.49968
-0.47454,0.24461,-0.53219,-0.50366,-0.44711,-0.50676,-0.4997
-0.49816,0.2469,-0.54047,-0.49909,-0.44704,-0.50716,-0.49971
-0.49964,0.24654,-0.53729,-0.49721,-0.44711,-0.50695,-0.49972
-0.48832,0.25391,-0.55319,-0.49268,-0.44754,-0.50752,-0.49974
-0.48919,0.25347,-0.55003,-0.49004,-0.44785,-0.50728,-0.49975
-0.49012,0.25948,-0.55254,-0.48859,-0.44844,-0.50734,-0.49976
-0.49045,0.25896,-0.54954,-0.48535,-0.44895,-0.50708,-0.49978
-0.50912,0.26307,-0.5476,-0.48401,-0.44943,-0.50707,-0.49979
-0.50961,0.26288,-0.54503,-0.48149,-0.44979,-0.50685,-0.4998
-0.51342,0.26539,-0.54539,-0.48039,-0.45029,-0.50707,-0.49981
-0.51399,0.26509,-0.54272,-0.47788,-0.45064,-0.50685,-0.49982
-0.51203,0.26323,-0.53855,-0.47875,-0.45116,-0.5069,-0.49983
-0.51264,0.26262,-0.53547,-0.47591,-0.45159,-0.50666,-0.49985
-0.51799,0.25714,-0.53069,-0.47689,-0.45198,-0.5066,-0.49985
-0.51887,0.25652,-0.52744,-0.47439,-0.4523,-0.50636,-0.49987
-0.17264,0.28202,-0.55464,-0.49614,-0.45319,-0.46796,-0.49871
-0.18866,0.28066,-0.55743,-0.48604,-0.45408,-0.46853,-0.49874
-0.085517,0.24618,-0.57491,-0.57379,-0.45222,-0.42268,-0.4993
-0.12474,0.23575,-0.55247,-0.56758,-0.4529,-0.42243,-0.49933
-0.43522,0.14193,-0.51303,-0.54968,-0.44729,-0.49093,-0.4986
-0.43278,0.13168,-0.49017,-0.54793,-0.44572,-0.49003,-0.49863
-1.6198,-0.1147,-0.26698,-0.56089,-0.43213,-0.61779,-0.49784
-1.5719,-0.11304,-0.27868,-0.55774,-0.42978,-0.6195,-0.4978
-2.047,-0.1845,-0.13994,-0.19016,-0.44582,-0.86884,-0.4974
-2.0178,-0.16302,-0.16262,-0.21142,-0.44564,-0.86133,-0.49748
-1.7082,-0.11752,-0.16499,0.12921,-0.4415,-1.0164,-0.49951
-1.7357,-0.11537,-0.1305,0.16803,-0.44458,-1.0137,-0.49959
-1.6774,-0.1168,-0.16772,0.04064,-0.44232,-0.93845,-0.49959
-1.6047,-0.12858,-0.14564,0.11766,-0.45545,-0.93739,-0.49972
-0.55916,0.094373,-0.35511,0.068113,-0.47191,-0.80126,-0.50132
-0.58013,0.04381,-0.29799,0.16422,-0.49051,-0.80498,-0.50164
-1.4993,-0.12994,-0.17716,-0.11447,-0.47193,-0.78202,-0.50325
-1.4608,-0.17288,-0.13584,-0.023305,-0.48769,-0.78083,-0.50354
-0.86389,-0.010391,-0.28726,-0.036884,-0.50341,-0.74878,-0.50358
-0.8381,-0.036133,-0.27097,0.043195,-0.52223,-0.74608,-0.50385
-0.15332,0.14352,-0.45944,-0.22911,-0.47155,-0.60627,-0.50184
-0.27768,0.089647,-0.38412,-0.12179,-0.48198,-0.62485,-0.50213
-0.40603,0.01512,-0.53453,-1.1899,-0.46447,-0.23524,-0.50044
-0.40591,-0.018339,-0.45822,-1.0491,-0.47326,-0.26191,-0.5006
0.64143,0.3765,-0.94984,-1.7526,-0.46335,0.072406,-0.50175
0.59854,0.34509,-0.92231,-1.7212,-0.45919,0.067605,-0.50182
-0.67765,0.073125,-0.37201,-0.44926,-0.45521,-0.56569,-0.50072
-0.85696,0.030715,-0.29084,-0.36488,-0.43808,-0.61575,-0.50072
-1.448,-0.13881,0.060415,0.51103,-0.46147,-1.0504,-0.4999
-1.4616,-0.14038,0.097506,0.48312,-0.4447,-1.0625,-0.49981
-0.34344,0.19637,-0.44422,-0.71299,-0.46018,-0.43123,-0.49997
-0.34584,0.18148,-0.41796,-0.6807,-0.46556,-0.43,-0.50008
-0.39235,0.11638,-0.48136,-0.56802,-0.46492,-0.49638,-0.49997
-0.37939,0.099901,-0.44898,-0.54686,-0.46807,-0.49399,-0.50005
-0.35547,0.13404,-0.49127,-0.59326,-0.4694,-0.48737,-0.5
-0.33544,0.1194,-0.45682,-0.57594,-0.47231,-0.4848,-0.50009
-0.40632,0.12027,-0.47506,-0.60498,-0.46843,-0.48748,-0.5
-0.38905,0.10797,-0.43893,-0.5923,-0.47098,-0.48463,-0.5001
-0.45883,0.11805,-0.46823,-0.61407,-0.46815,-0.48829,-0.50001
-0.44873,0.10432,-0.42874,-0.60513,-0.47034,-0.48549,-0.50011
-0.52186,0.11286,-0.45527,-0.63292,-0.46514,-0.4876,-0.50001
-0.51867,0.097967,-0.41398,-0.62694,-0.46704,-0.4847,-0.50011
-0.54447,0.10853,-0.45162,-0.62933,-0.46672,-0.48987,-0.49999
-0.55397,0.092025,-0.40756,-0.62687,-0.46823,-0.48693,-0.5001
-0.53531,0.11366,-0.45331,-0.62979,-0.4695,-0.48873,-0.49999
-0.54501,0.096952,-0.40993,-0.62917,-0.47102,-0.48534,-0.5001
-0.54215,0.11844,-0.46089,-0.63148,-0.47224,-0.48764,-0.50001
-0.54429,0.10296,-0.41866,-0.62998,-0.47386,-0.48394,-0.5001
-0.55127,0.12481,-0.46178,-0.62709,-0.47296,-0.48907,-0.5
-0.56456,0.1033,-0.41492,-0.62691,-0.4743,-0.48551,-0.50011
-0.55898,0.11419,-0.46116,-0.6324,-0.47431,-0.48839,-0.50001
-0.57838,0.092974,-0.41164,-0.63281,-0.47538,-0.48502,-0.50011
-0.56415,0.12001,-0.46257,-0.63157,-0.47287,-0.49082,-0.49998
-0.58164,0.098828,-0.41253,-0.6318,-0.47392,-0.48741,-0.50008
-0.56018,0.11607,-0.46773,-0.63545,-0.47841,-0.4897,-0.50002
-0.57518,0.097978,-0.41742,-0.63577,-0.47946,-0.48619,-0.50011
-0.56329,0.13661,-0.4764,-0.64234,-0.47567,-0.49127,-0.5
-0.58137,0.11018,-0.42045,-0.64399,-0.47666,-0.48783,-0.50009
-0.58352,0.12674,-0.4716,-0.65195,-0.46854,-0.49226,-0.49991
-0.61293,0.099775,-0.4112,-0.65635,-0.46932,-0.48914,-0.50001
0.00061679,0.25284,-0.58523,-0.58336,-0.49131,-0.47926,-0.49875
-0.0044194,0.23207,-0.52194,-0.59258,-0.49163,-0.4757,-0.49886
0.24538,0.32566,-0.70549,-0.49726,-0.49077,-0.4777,-0.49889
0.24319,0.30142,-0.64726,-0.50112,-0.49234,-0.47436,-0.49899
0.72356,0.44088,-0.84646,-0.46063,-0.49848,-0.46383,-0.50017
0.71772,0.41013,-0.79313,-0.46137,-0.50107,-0.46061,-0.50026
0.83537,0.465,-0.87841,-0.47846,-0.50011,-0.46245,-0.49983
0.83479,0.4397,-0.8347,-0.4777,-0.5027,-0.4589,-0.49991
0.7095,0.42525,-0.84513,-0.48185,-0.5011,-0.46714,-0.50028
0.7122,0.40386,-0.8043,-0.48009,-0.50355,-0.46332,-0.50035
0.70456,0.43251,-0.84966,-0.48906,-0.50102,-0.46497,-0.50095
0.70985,0.41602,-0.81149,-0.48642,-0.50326,-0.46101,-0.50101
0.33289,0.34488,-0.76156,-0.55536,-0.49244,-0.4736,-0.50076
0.33648,0.32857,-0.72164,-0.55609,-0.49454,-0.46936,-0.50082
0.4719,0.38209,-0.79538,-0.50919,-0.49816,-0.47151,-0.50076
0.46918,0.36895,-0.75471,-0.51213,-0.49991,-0.46736,-0.50083
1.2328,0.57561,-1.0109,-0.43108,-0.50523,-0.44939,-0.49875
1.2162,0.56026,-0.96897,-0.4351,-0.50632,-0.44576,-0.49883
1.289,0.57153,-1.0332,-0.40008,-0.50573,-0.45586,-0.49822
1.2508,0.54883,-0.98427,-0.4122,-0.50658,-0.45263,-0.49831
2.0831,0.76545,-1.2523,-0.28212,-0.52016,-0.4343,-0.50067
2.0079,0.73834,-1.197,-0.30871,-0.51999,-0.43182,-0.50079
3.2791,1.0557,-1.6054,-0.12818,-0.52743,-0.40107,-0.49913
3.1874,1.0247,-1.5486,-0.17083,-0.52599,-0.39873,-0.49926
2.3632,0.81666,-1.3729,-0.20594,-0.51594,-0.43395,-0.50003
2.3909,0.81231,-1.3427,-0.22804,-0.51758,-0.42825,-0.50011
1.881,0.7041,-1.2379,-0.25407,-0.5116,-0.44631,-0.50031
1.9022,0.70405,-1.2064,-0.2775,-0.51377,-0.44059,-0.50039
0.90431,0.47969,-0.98727,-0.38138,-0.50598,-0.46418,-0.50132
0.90429,0.47683,-0.94921,-0.40676,-0.50898,-0.45898,-0.50141
-0.33412,0.17171,-0.60206,-0.272,-0.50524,-0.51127,-0.49985
-0.3228,0.18843,-0.58177,-0.29722,-0.50872,-0.50431,-0.49992
-0.4171,0.15918,-0.58615,-0.24209,-0.51123,-0.50621,-0.49986
-0.38945,0.18701,-0.57524,-0.2631,-0.51504,-0.49904,-0.49992
-0.33487,0.1739,-0.60397,-0.13914,-0.51375,-0.51211,-0.4998
-0.30875,0.19863,-0.59207,-0.16042,-0.51735,-0.50551,-0.49986
-0.33645,0.15995,-0.60745,-0.021972,-0.51753,-0.51613,-0.4998
-0.30921,0.18619,-0.59782,-0.043946,-0.52121,-0.50945,-0.49986
-0.31436,0.16708,-0.62015,0.11308,-0.52147,-0.52168,-0.49975
-0.28927,0.19012,-0.61033,0.092829,-0.52528,-0.51515,-0.49982
-0.23363,0.17274,-0.63222,0.18773,-0.52387,-0.52781,-0.49973
-0.20491,0.19947,-0.62834,0.16355,-0.52735,-0.52096,-0.4998
-0.21886,0.17815,-0.64478,0.21556,-0.52343,-0.52968,-0.49971
-0.19034,0.20272,-0.64106,0.19198,-0.52686,-0.5232,-0.49978
-0.20496,0.18399,-0.65042,0.22,-0.52268,-0.53291,-0.49971
-0.17915,0.20688,-0.64697,0.19332,-0.52586,-0.52667,-0.49978
-0.1914,0.18467,-0.67607,-0.0096717,-0.51629,-0.51841,-0.49978
-0.16123,0.20942,-0.67584,-0.033135,-0.51954,-0.51248,-0.49984
-0.075558,0.21205,-0.70073,0.113,-0.52009,-0.52632,-0.49972
-0.045872,0.23397,-0.70298,0.085005,-0.52292,-0.52058,-0.49978
-0.21073,0.19195,-0.66443,0.016485,-0.51543,-0.52645,-0.49978
-0.17709,0.21196,-0.66785,-0.010034,-0.51837,-0.52105,-0.49984
-0.24681,0.19005,-0.66144,-0.12401,-0.51362,-0.51981,-0.49987
-0.21283,0.209,-0.66537,-0.14739,-0.51645,-0.51496,-0.49993
-0.21553,0.20166,-0.66476,-0.10072,-0.51281,-0.52341,-0.49983
-0.185,0.21829,-0.66785,-0.12489,-0.51544,-0.51896,-0.49989
-0.092717,0.24117,-0.71525,-0.10835,-0.51068,-0.51911,-0.49976
-0.068468,0.25453,-0.71607,-0.13,-0.51318,-0.51545,-0.49982
-0.098753,0.22333,-0.70099,-0.068738,-0.51258,-0.52244,-0.4998
-0.077054,0.23761,-0.70159,-0.091712,-0.51485,-0.51894,-0.49985
-0.46502,0.1877,-0.51582,-0.43534,-0.49591,-0.55267,-0.49989
-0.4282,0.19503,-0.51625,-0.43745,-0.49947,-0.54885,-0.49992
-0.36709,0.20538,-0.54141,-0.41676,-0.4961,-0.55044,-0.49985
-0.34792,0.20787,-0.53286,-0.42266,-0.49941,-0.54802,-0.49988
-0.38266,0.19245,-0.52486,-0.41797,-0.49635,-0.5538,-0.49987
-0.42563,0.18553,-0.49501,-0.43394,-0.49885,-0.55287,-0.49992
-0.48148,0.16691,-0.48808,-0.46068,-0.49397,-0.55576,-0.49986
-0.51326,0.16015,-0.4578,-0.47449,-0.49616,-0.5553,-0.4999
-0.3987,0.16381,-0.50344,-0.46515,-0.49317,-0.55617,-0.49985
-0.46428,0.15532,-0.46793,-0.49828,-0.4943,-0.55437,-0.49989
-0.46108,0.12562,-0.46394,-0.47079,-0.49483,-0.55983,-0.4999
-0.49194,0.12234,-0.4392,-0.50225,-0.49539,-0.55729,-0.49992
-0.39255,0.12426,-0.4778,-0.47963,-0.494,-0.5599,-0.49987
-0.50704,0.11243,-0.42721,-0.53576,-0.49391,-0.5591,-0.49992
-0.43747,0.078104,-0.42488,-0.54081,-0.49271,-0.5634,-0.49989
-0.51449,0.073461,-0.39035,-0.57297,-0.49279,-0.56245,-0.49993
-0.15924,0.14177,-0.52566,-0.52975,-0.49262,-0.55592,-0.49982
-0.35569,0.11124,-0.44371,-0.57547,-0.49225,-0.55894,-0.49988
-0.21449,0.080619,-0.46478,-0.53339,-0.49244,-0.56193,-0.49986
-0.328,0.064972,-0.41491,-0.57118,-0.4921,-0.56252,-0.49989
-0.21553,0.08195,-0.47201,-0.52635,-0.49158,-0.56272,-0.49983
-0.4496,0.043145,-0.37575,-0.59452,-0.49129,-0.56643,-0.4999
-0.20389,0.091803,-0.47236,-0.53008,-0.4917,-0.56231,-0.49982
-0.28199,0.066647,-0.42761,-0.56343,-0.49129,-0.56321,-0.49985
-0.23925,0.062362,-0.45102,-0.52783,-0.49138,-0.56422,-0.4998
-0.42174,0.01907,-0.36325,-0.57939,-0.49055,-0.56877,-0.49987
-0.24105,0.047212,-0.43405,-0.52382,-0.49207,-0.56426,-0.49983
-0.34041,0.024081,-0.37591,-0.55543,-0.49094,-0.56752,-0.49985
-0.20226,0.053194,-0.45856,-0.52921,-0.4929,-0.55865,-0.49984
-0.44072,-0.0039505,-0.3393,-0.58071,-0.49137,-0.56813,-0.4999
-0.20042,0.10498,-0.5117,-0.66026,-0.49107,-0.54053,-0.50061
-0.24406,0.070086,-0.46124,-0.68934,-0.48901,-0.54382,-0.5006
-0.21389,0.045033,-0.46079,-0.61375,-0.49202,-0.55857,-0.50047
-0.26772,-0.00034426,-0.39315,-0.63842,-0.49037,-0.56307,-0.50046
-0.14488,0.015391,-0.48994,-0.70419,-0.49002,-0.54646,-0.50017
-0.20636,-0.052087,-0.40526,-0.73375,-0.48909,-0.55154,-0.50017
-0.20052,-0.015441,-0.44074,-0.65446,-0.49278,-0.55289,-0.50038
-0.26349,-0.07847,-0.35304,-0.68184,-0.49208,-0.55803,-0.50039
-0.18494,0.0023671,-0.44998,-0.75344,-0.49175,-0.54667,-0.50064
-0.23173,-0.060025,-0.37002,-0.78569,-0.49138,-0.55079,-0.50065
-0.17166,0.012738,-0.43914,-0.70128,-0.49242,-0.55075,-0.5008
-0.22542,-0.050861,-0.35626,-0.73637,-0.49199,-0.55511,-0.50081
-0.1973,0.036147,-0.44632,-0.69534,-0.49096,-0.54535,-0.50004
-0.21914,-0.01569,-0.38588,-0.72969,-0.49058,-0.54771,-0.50004
-0.2275,0.041035,-0.4216,-0.67327,-0.49469,-0.54795,-0.50027
-0.22513,-0.0013256,-0.37649,-0.70086,-0.49435,-0.5495,-0.50026
-0.19841,0.049786,-0.40554,-0.65779,-0.49315,-0.55531,-0.5007
-0.16902,0.013843,-0.37527,-0.68079,-0.49301,-0.55574,-0.50068
-0.28762,0.022479,-0.3496,-0.65597,-0.49578,-0.56093,-0.50074
-0.2518,-0.011222,-0.3236,-0.6738,-0.49615,-0.56119,-0.50072
-0.28177,0.019412,-0.35918,-0.61653,-0.4978,-0.55578,-0.50099
-0.23572,-0.013101,-0.33831,-0.63731,-0.4986,-0.55557,-0.50098
-0.32002,0.0060028,-0.35052,-0.64915,-0.49892,-0.5503,-0.50091
-0.2764,-0.025528,-0.32998,-0.66629,-0.50025,-0.55016,-0.5009
-0.30375,0.011346,-0.37135,-0.60448,-0.49935,-0.54305,-0.50031
-0.2599,-0.017796,-0.35242,-0.62903,-0.50104,-0.54271,-0.50032
-0.35476,-0.0084292,-0.31507,-0.58064,-0.50074,-0.55638,-0.50052
-0.31839,-0.033917,-0.29696,-0.61847,-0.50287,-0.55569,-0.50054
-0.33579,0.01619,-0.35532,-0.5588,-0.49921,-0.54559,-0.49995
-0.28769,-0.0032567,-0.34604,-0.60252,-0.50157,-0.54393,-0.49997
-0.4332,-0.076371,-0.32792,-0.46184,-0.50826,-0.54875,-0.50016
-0.39719,-0.092815,-0.32026,-0.51801,-0.51134,-0.54699,-0.50021
-0.10683,-0.0076347,-0.49484,-0.39937,-0.50405,-0.53628,-0.49963
-0.052798,-0.022619,-0.49866,-0.44387,-0.50749,-0.53387,-0.49968
-0.12643,-0.019809,-0.50514,-0.38916,-0.50359,-0.53414,-0.4992
-0.047546,-0.027831,-0.527,-0.41798,-0.50716,-0.53045,-0.49926
-0.049591,-0.02406,-0.53866,-0.36913,-0.50441,-0.53071,-0.50048
0.040466,-0.030793,-0.56757,-0.39507,-0.50835,-0.52663,-0.50055
-0.19813,-0.13115,-0.39728,-0.35902,-0.50542,-0.54883,-0.4988
-0.11141,-0.1505,-0.42144,-0.37472,-0.50978,-0.54514,-0.49888
-0.018513,-0.1205,-0.50946,-0.33349,-0.50485,-0.53449,-0.50052
0.069074,-0.12737,-0.53969,-0.34896,-0.50933,-0.53092,-0.50061
-0.29738,-0.33108,-0.3099,-0.3477,-0.50886,-0.55236,-0.49897
-0.20111,-0.3453,-0.34366,-0.35726,-0.51332,-0.54832,-0.49905
-0.17888,-0.30852,-0.36277,-0.3117,-0.50792,-0.5486,-0.50013
-0.088848,-0.32434,-0.3957,-0.33247,-0.51251,-0.54496,-0.50022
-0.43361,-0.53527,-0.17238,-0.30651,-0.51365,-0.56658,-0.50048
-0.3443,-0.56821,-0.20417,-0.32898,-0.5184,-0.56292,-0.50058
-0.20092,-0.50685,-0.28202,-0.24263,-0.50909,-0.56196,-0.49929
-0.13743,-0.55191,-0.2984,-0.2772,-0.51408,-0.55996,-0.49939
-0.4362,-0.55129,-0.22143,-0.25163,-0.50987,-0.56746,-0.50007
-0.34847,-0.60988,-0.23928,-0.27932,-0.51493,-0.56598,-0.50018
-0.54419,-0.62071,-0.13569,-0.23127,-0.50897,-0.57631,-0.50023
-0.4186,-0.68322,-0.17389,-0.25471,-0.5133,-0.5738,-0.50033
-0.5437,-0.5297,-0.15995,-0.23866,-0.5064,-0.57862,-0.50009
-0.41729,-0.60676,-0.1955,-0.24446,-0.51048,-0.57698,-0.50019
-0.56187,-0.52297,-0.13133,-0.23477,-0.50505,-0.58386,-0.50106
-0.51533,-0.61136,-0.12487,-0.24753,-0.50974,-0.58568,-0.50117
-0.72636,-0.54564,-0.060723,-0.25659,-0.50403,-0.59131,-0.50063
-0.65614,-0.63006,-0.065928,-0.26278,-0.50777,-0.59324,-0.50072
-0.11662,0.37892,-0.76562,-0.38136,-0.49034,-0.50519,-0.50003
-0.039979,0.29388,-0.78192,-0.40313,-0.49449,-0.50073,-0.50013
-0.20978,0.28768,-0.66645,-0.38044,-0.49101,-0.51185,-0.50008
-0.14765,0.21129,-0.67322,-0.38781,-0.49406,-0.51279,-0.50016
0.013225,0.36566,-0.8423,-0.33217,-0.48386,-0.49806,-0.49998
0.015575,0.2442,-0.7963,-0.32534,-0.48698,-0.50629,-0.50007
-0.012783,0.31607,-0.80768,-0.29462,-0.48302,-0.4979,-0.50004
-0.0030706,0.20662,-0.77397,-0.29209,-0.48523,-0.50406,-0.50012
-0.12252,0.27041,-0.71383,-0.33752,-0.48334,-0.50506,-0.50002
-0.10556,0.16735,-0.68943,-0.32908,-0.48505,-0.5104,-0.50009
-0.0041276,0.30004,-0.80836,-0.30237,-0.4811,-0.49752,-0.50005
0.015679,0.19931,-0.78879,-0.28922,-0.48222,-0.50122,-0.50011
-0.52018,0.034283,-0.35823,-0.32073,-0.48561,-0.53494,-0.50014
-0.49524,-0.047535,-0.34739,-0.30745,-0.48611,-0.53879,-0.50018
-0.19209,0.15253,-0.63728,-0.31572,-0.48066,-0.51182,-0.50006
-0.1833,0.073195,-0.61428,-0.30314,-0.48082,-0.51711,-0.50009
-0.042732,0.12724,-0.74708,-0.30907,-0.47803,-0.50302,-0.5
-0.031456,0.041231,-0.72469,-0.28821,-0.47731,-0.50823,-0.50002
-0.15067,0.072042,-0.65864,-0.33761,-0.47864,-0.50767,-0.50004
-0.1311,0.0054719,-0.6474,-0.32196,-0.47783,-0.51081,-0.50006
-0.09971,0.067965,-0.69017,-0.36314,-0.47699,-0.50984,-0.49994
-0.07455,-0.0034766,-0.68173,-0.33774,-0.47531,-0.51284,-0.49994
-0.36262,-0.066226,-0.47195,-0.36811,-0.47807,-0.52275,-0.50006
-0.3511,-0.12468,-0.45809,-0.35408,-0.47679,-0.52569,-0.50007
-0.096349,0.06324,-0.70376,-0.39326,-0.47556,-0.50564,-0.49999
-0.078641,-0.0092626,-0.69161,-0.36478,-0.47352,-0.50849,-0.49999
-0.53203,-0.12638,-0.3243,-0.42543,-0.48008,-0.5396,-0.5
-0.518,-0.20675,-0.30537,-0.39977,-0.4778,-0.54359,-0.49998
-0.29489,-0.02437,-0.53296,-0.43555,-0.47573,-0.51809,-0.49999
-0.27474,-0.10532,-0.52067,-0.40421,-0.4728,-0.52089,-0.49998
-1.7645,-0.24804,0.40829,-0.54884,-0.50083,-0.58866,-0.50027
-1.7685,-0.32359,0.4364,-0.53952,-0.4989,-0.59311,-0.50026
-0.86635,-0.023555,-0.17698,-0.52933,-0.4868,-0.53855,-0.50004
-0.86439,-0.075133,-0.1567,-0.5232,-0.48469,-0.5418,-0.5
-1.3659,0.1781,0.06708,-0.65342,-0.49783,-0.54586,-0.5001
-1.3672,0.13407,0.089461,-0.64635,-0.49568,-0.549,-0.50006
-1.1512,-0.1104,0.030191,-0.54115,-0.49145,-0.56392,-0.50008
-1.1452,-0.15366,0.046018,-0.5308,-0.48895,-0.56664,-0.50003
-1.4799,-0.0432,0.23251,-0.61552,-0.49846,-0.58188,-0.50014
-1.484,-0.0818,0.25258,-0.60649,-0.49613,-0.58439,-0.5001
-0.69695,-0.01715,-0.23422,-0.50746,-0.48252,-0.5563,-0.49993
-0.65847,-0.063046,-0.2401,-0.48934,-0.47908,-0.55721,-0.49988
-0.2298,0.037285,-0.52534,-0.43821,-0.47384,-0.53424,-0.49984
-0.19928,-0.010663,-0.52783,-0.42406,-0.47067,-0.53519,-0.49979
-0.74888,-0.0025276,-0.2488,-0.52164,-0.4851,-0.54029,-0.49988
-0.70711,-0.043017,-0.25874,-0.51415,-0.48226,-0.54099,-0.49984
-1.0349,-0.11763,0.015404,-0.52229,-0.49149,-0.57423,-0.49999
-1.0268,-0.14735,0.023692,-0.53967,-0.48998,-0.57596,-0.49995
-1.1705,-0.0078283,0.063011,-0.59458,-0.49608,-0.57217,-0.50003
-1.1432,-0.035609,0.058123,-0.59053,-0.49376,-0.57326,-0.49998
-1.0052,0.01424,-0.061393,-0.55629,-0.49321,-0.55339,-0.49996
-0.97659,-0.01014,-0.069199,-0.55359,-0.49103,-0.55406,-0.49992
-0.92254,-0.12796,-0.1078,-0.52629,-0.49138,-0.55961,-0.49999
-0.89628,-0.15176,-0.1168,-0.51686,-0.48922,-0.56012,-0.49996
-0.766,-0.036128,-0.20105,-0.46507,-0.48706,-0.55114,-0.49994
-0.74115,-0.058652,-0.21002,-0.45157,-0.485,-0.55178,-0.49991
-1.7252,0.11152,0.32916,-0.66385,-0.51072,-0.57627,-0.50019
-1.7107,0.092017,0.32397,-0.66847,-0.50975,-0.57676,-0.50017
-1.2783,0.15478,0.097709,-0.5925,-0.50039,-0.57105,-0.50002
-1.2529,0.15577,0.081992,-0.60369,-0.49965,-0.57079,-0.5
-0.62444,-2.8217,0.073458,0.089059,-0.47894,-0.61407,-0.50066
-0.56944,-2.8399,0.036653,0.086056,-0.47725,-0.61197,-0.50061
-0.36308,-0.86507,-0.3664,-0.29463,-0.48012,-0.58231,-0.50009
-0.3328,-0.91434,-0.38244,-0.28503,-0.4787,-0.58305,-0.50007
-0.43849,1.8738,-0.64118,-0.83535,-0.48785,-0.54513,-0.49945
-0.41023,1.799,-0.65466,-0.81661,-0.48663,-0.54608,-0.49945
-0.521,2.4405,-0.64055,-0.93655,-0.49139,-0.54476,-0.49935
-0.48963,2.3862,-0.66335,-0.92859,-0.49065,-0.5454,-0.49936
-0.40534,2.6484,-0.75979,-0.93308,-0.48872,-0.53028,-0.49923
-0.39465,2.5919,-0.77103,-0.93199,-0.48845,-0.53213,-0.49925
-0.49464,-0.011991,-0.36519,-0.37702,-0.47966,-0.57716,-0.50004
-0.4693,-0.040422,-0.39639,-0.38061,-0.47867,-0.57807,-0.50006
-0.27667,0.70792,-0.62166,-0.55531,-0.48382,-0.5623,-0.49986
-0.23762,0.66334,-0.66036,-0.5474,-0.48155,-0.56306,-0.49987
-0.3628,-0.84569,-0.35404,-0.20676,-0.47265,-0.60296,-0.50035
-0.30969,-0.88544,-0.40458,-0.20051,-0.46897,-0.60396,-0.50034
-0.53413,-1.7652,-0.12636,-0.10725,-0.4791,-0.6176,-0.50072
-0.48047,-1.8169,-0.17623,-0.092439,-0.47449,-0.61959,-0.50072
-0.15309,-2.6003,-0.3426,0.15608,-0.45911,-0.59698,-0.50078
-0.10249,-2.6554,-0.38955,0.16536,-0.45435,-0.6005,-0.5008
-0.2285,0.57081,-0.63511,-0.54834,-0.48558,-0.55349,-0.50002
-0.16571,0.48841,-0.68455,-0.53417,-0.48109,-0.55596,-0.50004
-0.39712,-8.5166,0.55242,1.371,-0.41454,-0.77027,-0.50235
-0.32973,-8.589,0.48466,1.3882,-0.40693,-0.77378,-0.50237
-0.62176,-1.1536,-0.1067,-0.23805,-0.48307,-0.63298,-0.50046
-0.55761,-1.26,-0.1534,-0.21353,-0.4762,-0.63735,-0.50047
-0.29946,-9.0919,0.48793,1.4863,-0.39858,-0.77288,-0.50278
-0.21662,-9.2407,0.41516,1.5252,-0.38868,-0.77845,-0.50281
-0.45491,-5.5106,0.20144,0.7044,-0.43701,-0.71095,-0.5018
-0.38852,-5.6448,0.14973,0.73395,-0.4277,-0.71787,-0.50181
-0.17489,-0.072262,-0.55213,-0.39156,-0.46589,-0.5828,-0.4984
-0.11097,-0.1801,-0.59887,-0.36678,-0.45894,-0.58658,-0.4984
-0.41375,-0.010089,-0.38625,-0.43561,-0.47356,-0.59097,-0.49967
-0.36358,-0.09885,-0.42481,-0.41026,-0.46765,-0.59479,-0.49967
-0.076201,0.051936,-0.64416,-0.40063,-0.46095,-0.56891,-0.49856
-0.049569,-0.014246,-0.67114,-0.38644,-0.45763,-0.57017,-0.49857
-0.095869,0.072186,-0.64471,-0.43607,-0.46556,-0.55741,-0.49888
-0.093862,0.016492,-0.65393,-0.42395,-0.46377,-0.5592,-0.4989
-0.0074115,0.11395,-0.73173,-0.42648,-0.46692,-0.53262,-0.50092
-0.024652,0.056906,-0.72579,-0.4146,-0.46615,-0.53507,-0.50094
-0.15892,-0.070925,-0.58759,-0.35943,-0.46787,-0.55832,-0.50023
-0.21143,-0.13047,-0.55481,-0.34976,-0.46879,-0.56192,-0.50027
-0.077166,-0.03808,-0.65037,-0.36273,-0.46582,-0.55077,-0.49936
-0.10982,-0.051703,-0.64573,-0.35923,-0.46765,-0.54438,-0.4994
-0.25174,0.047803,-0.51365,-0.40008,-0.46997,-0.56315,-0.49935
-0.28454,-0.012355,-0.4997,-0.39402,-0.47021,-0.56549,-0.49938
-0.392,-0.19532,-0.36836,-0.35234,-0.4651,-0.5958,-0.49985
-0.42712,-0.24567,-0.3533,-0.34035,-0.4659,-0.59703,-0.49989
-0.22715,-0.018751,-0.53668,-0.39446,-0.46989,-0.55081,-0.50134
-0.25009,-0.087256,-0.52765,-0.37765,-0.4692,-0.55394,-0.50138
-0.35453,-0.16633,-0.41051,-0.37654,-0.46991,-0.57722,-0.49945
-0.39587,-0.22334,-0.39066,-0.36423,-0.47091,-0.57942,-0.49949
-0.41807,-0.011374,-0.3831,-0.36701,-0.46991,-0.56973,-0.49994
-0.44287,-0.10033,-0.37312,-0.34785,-0.46902,-0.57483,-0.49998
-0.384,-0.12623,-0.40139,-0.36125,-0.46795,-0.56858,-0.49835
-0.43019,-0.22645,-0.37457,-0.33828,-0.46765,-0.57566,-0.49839
-0.24548,-0.12648,-0.5169,-0.34042,-0.46607,-0.56165,-0.49985
-0.27018,-0.20238,-0.51202,-0.32468,-0.46616,-0.5646,-0.49989
-0.26932,-0.0097277,-0.51132,-0.38075,-0.46936,-0.54783,-0.49829
-0.31374,-0.118,-0.49072,-0.35854,-0.46905,-0.55379,-0.49833
-0.45467,-0.040045,-0.35908,-0.39136,-0.47217,-0.556,-0.50015
-0.49524,-0.11885,-0.34864,-0.3677,-0.47243,-0.55823,-0.5002
-0.40349,0.070978,-0.41723,-0.39033,-0.47265,-0.53042,-0.49999
-0.42684,-0.0093189,-0.42341,-0.37542,-0.47256,-0.53199,-0.50004
-0.42285,0.041552,-0.39129,-0.39449,-0.47294,-0.54026,-0.50012
-0.43815,-0.058931,-0.40951,-0.3653,-0.47129,-0.54163,-0.50017
-0.51358,-0.017096,-0.2917,-0.41177,-0.47378,-0.56712,-0.5
-0.52288,-0.11354,-0.31823,-0.3883,-0.47205,-0.56865,-0.50004
-0.4342,-0.02731,-0.35614,-0.39479,-0.47045,-0.55328,-0.50007
-0.42387,-0.14028,-0.40171,-0.36427,-0.46739,-0.55439,-0.50012
-0.52672,0.0097659,-0.25793,-0.42325,-0.47476,-0.56089,-0.50001
-0.52614,-0.098887,-0.30303,-0.39629,-0.47176,-0.56228,-0.50006
-0.30185,-0.015948,-0.40225,-0.42059,-0.46932,-0.55405,-0.50004
-0.29535,-0.12987,-0.45784,-0.38909,-0.46547,-0.55519,-0.50009
-0.43163,-0.019716,-0.2855,-0.42264,-0.471,-0.56563,-0.5
-0.43806,-0.12829,-0.33564,-0.39358,-0.46724,-0.5672,-0.50005
-0.26568,0.090271,-0.40473,-0.44366,-0.4709,-0.52787,-0.50002
-0.27196,-0.025874,-0.45809,-0.41162,-0.46669,-0.53036,-0.50007
-0.26096,0.086168,-0.38706,-0.43966,-0.46912,-0.52942,-0.49993
-0.27481,-0.019135,-0.4387,-0.4134,-0.46603,-0.53164,-0.49999
-0.59586,0.052788,-0.096435,-0.44956,-0.47392,-0.57499,-0.49998
-0.62859,-0.049837,-0.13579,-0.41892,-0.47044,-0.57791,-0.50004
-0.3948,0.26505,-0.24584,-0.49031,-0.47548,-0.5113,-0.49995
-0.42264,0.16566,-0.28459,-0.46714,-0.47251,-0.51585,-0.5
-0.58273,0.076452,-0.087409,-0.43272,-0.4717,-0.57411,-0.50001
-0.62895,-0.011969,-0.11252,-0.41455,-0.46957,-0.57812,-0.50006
-0.6684,0.12427,0.0038302,-0.44151,-0.47308,-0.57671,-0.5
-0.69416,0.044971,-0.034627,-0.43229,-0.47077,-0.58018,-0.50003
-0.39598,0.16418,-0.19916,-0.44806,-0.47117,-0.55711,-0.49997
-0.46604,0.091369,-0.19999,-0.44063,-0.46895,-0.56361,-0.5
-0.14473,0.10477,-0.37971,-0.42949,-0.46703,-0.54091,-0.49994
-0.088907,0.023162,-0.44083,-0.42504,-0.46299,-0.54373,-0.49995
-0.27076,0.015893,-0.33556,-0.39782,-0.46773,-0.54389,-0.50003
-0.27807,0.0061135,-0.34311,-0.40599,-0.46743,-0.54688,-0.50005
-0.37496,0.058931,-0.25106,-0.40415,-0.47003,-0.54707,-0.50003
-0.4434,0.052178,-0.2259,-0.40559,-0.47183,-0.55071,-0.50007
-0.38715,0.10358,-0.23504,-0.40995,-0.47194,-0.54302,-0.49996
-0.47847,0.10563,-0.19754,-0.41151,-0.47483,-0.5475,-0.50001
-0.41962,0.16435,-0.21878,-0.42202,-0.47352,-0.53598,-0.49999
-0.51407,0.16445,-0.18029,-0.42086,-0.47641,-0.5405,-0.50004
-0.35622,0.15004,-0.25398,-0.41236,-0.47224,-0.53558,-0.50005
-0.43145,0.1541,-0.22718,-0.41554,-0.4754,-0.53897,-0.50009
-0.38359,0.13517,-0.23887,-0.40658,-0.47215,-0.53919,-0.50003
-0.48906,0.14573,-0.19507,-0.40807,-0.4754,-0.54329,-0.50008
-0.36791,0.18484,-0.23492,-0.41722,-0.47263,-0.53429,-0.50011
-0.41411,0.184,-0.22771,-0.41858,-0.47524,-0.53621,-0.50016
-0.39798,0.15993,-0.2179,-0.40649,-0.47071,-0.53857,-0.49999
-0.43753,0.16633,-0.2122,-0.41106,-0.47372,-0.54023,-0.50003
-0.33513,0.20996,-0.24445,-0.42451,-0.47141,-0.52797,-0.50005
-0.3676,0.20834,-0.24515,-0.42766,-0.47441,-0.52968,-0.5001
-0.33343,0.18239,-0.24426,-0.41068,-0.46999,-0.531,-0.50001
-0.36036,0.18657,-0.24512,-0.41505,-0.47287,-0.53264,-0.50005
-0.35976,0.21001,-0.2305,-0.4085,-0.47029,-0.52554,-0.50004
-0.3785,0.21069,-0.23658,-0.4118,-0.47262,-0.52678,-0.50008
-0.38405,0.19602,-0.21153,-0.41173,-0.46999,-0.53231,-0.50005
-0.39189,0.19831,-0.22298,-0.41538,-0.47249,-0.53311,-0.50009
-0.4491,0.21904,-0.17617,-0.40585,-0.46953,-0.53183,-0.50011
-0.44993,0.21952,-0.19126,-0.40949,-0.47167,-0.53228,-0.50015
-0.40252,0.20873,-0.20223,-0.41311,-0.46917,-0.53259,-0.50009
-0.42059,0.21923,-0.2034,-0.41711,-0.47174,-0.53355,-0.50013
-0.22007,0.30235,-0.25795,-0.47153,-0.47122,-0.52212,-0.49983
-0.28982,0.32045,-0.22829,-0.46954,-0.47357,-0.52635,-0.49987
-0.51311,0.36038,-0.11708,-0.43925,-0.47042,-0.52702,-0.49839
-0.56033,0.38157,-0.09805,-0.4462,-0.47272,-0.52957,-0.49841
-0.50977,0.16031,-0.2204,-0.37488,-0.46979,-0.52378,-0.50241
-0.52277,0.20368,-0.20923,-0.40216,-0.47379,-0.5261,-0.50243
-0.24767,0.18761,-0.3334,-0.41508,-0.46697,-0.51539,-0.4961
-0.29047,0.22707,-0.31158,-0.43766,-0.47027,-0.51786,-0.49611
-0.50707,0.15877,-0.24563,-0.37585,-0.46918,-0.51682,-0.49754
-0.53557,0.21743,-0.22428,-0.40882,-0.47359,-0.51882,-0.49755
-0.26239,0.11156,-0.36317,-0.36425,-0.468,-0.51226,-0.5021
-0.27205,0.17304,-0.34835,-0.40877,-0.47248,-0.51443,-0.5021
-0.70798,0.17599,-0.15024,-0.32978,-0.46809,-0.52404,-0.49934
-0.75168,0.25719,-0.11002,-0.36754,-0.47251,-0.52719,-0.49933
-0.37196,0.17122,-0.3022,-0.41015,-0.47269,-0.51352,-0.49901
-0.40714,0.23609,-0.26969,-0.44181,-0.47602,-0.51655,-0.49901
-0.52105,0.033188,-0.29589,-0.35586,-0.46784,-0.51551,-0.49772
-0.53973,0.10056,-0.2689,-0.38799,-0.47154,-0.51792,-0.49771
-0.40521,0.1626,-0.30319,-0.41942,-0.46951,-0.51374,-0.49704
-0.42828,0.23016,-0.27286,-0.45243,-0.47325,-0.51655,-0.49704
-0.57281,0.02403,-0.31313,-0.34183,-0.46937,-0.51266,-0.49933
-0.58966,0.090036,-0.28476,-0.37514,-0.47315,-0.51509,-0.49933
-0.11668,-0.018982,-0.5093,-0.42052,-0.47085,-0.4996,-0.4989
-0.13167,0.056448,-0.47559,-0.45961,-0.47464,-0.50232,-0.49889
-0.55843,0.12962,-0.24754,-0.37823,-0.46813,-0.51514,-0.49684
-0.57263,0.18703,-0.22534,-0.40879,-0.47151,-0.51718,-0.49684
-0.33271,0.19053,-0.31574,-0.44549,-0.47282,-0.50813,-0.49551
-0.32911,0.23421,-0.30642,-0.47638,-0.47605,-0.50983,-0.49551
-0.28359,0.081097,-0.39339,-0.42647,-0.47313,-0.50445,-0.49625
-0.29514,0.1302,-0.37582,-0.45732,-0.47644,-0.50659,-0.49625
-0.35607,0.26718,-0.30805,-0.45814,-0.47759,-0.49729,-0.49931
-0.35433,0.29844,-0.29982,-0.48348,-0.48012,-0.49892,-0.4993
-0.29544,0.24722,-0.34252,-0.4808,-0.47657,-0.49615,-0.49866
-0.31834,0.26977,-0.32793,-0.4901,-0.47697,-0.49843,-0.49866
-0.25673,0.27606,-0.35906,-0.50005,-0.47865,-0.48978,-0.49848
-0.29307,0.29018,-0.34244,-0.49768,-0.4772,-0.49252,-0.49847
-0.36857,0.24312,-0.33029,-0.44684,-0.47218,-0.48949,-0.49851
-0.39611,0.26226,-0.31575,-0.43892,-0.46927,-0.48973,-0.49849
-0.26733,0.15401,-0.39229,-0.45643,-0.47669,-0.49806,-0.4988
-0.32248,0.16074,-0.37213,-0.44428,-0.4732,-0.50168,-0.49878
-0.41067,0.28114,-0.2872,-0.42275,-0.47018,-0.49831,-0.49658
-0.45414,0.28073,-0.27521,-0.41339,-0.46633,-0.50136,-0.49656
-0.24234,0.12368,-0.41995,-0.40903,-0.47086,-0.48558,-0.49558
-0.28243,0.11406,-0.41235,-0.39491,-0.4658,-0.48874,-0.49557
-0.40334,0.18108,-0.32082,-0.39457,-0.46942,-0.50045,-0.50043
-0.44589,0.19325,-0.30355,-0.39248,-0.46494,-0.50419,-0.50039
-0.25175,0.1249,-0.41279,-0.44141,-0.47645,-0.49748,-0.50119
-0.27755,0.11592,-0.4116,-0.43302,-0.47098,-0.50011,-0.50117
-0.36649,0.092603,-0.36817,-0.38041,-0.46686,-0.49463,-0.49599
-0.39374,0.089103,-0.36557,-0.3767,-0.46182,-0.49778,-0.49596
-0.45471,0.26689,-0.27124,-0.43487,-0.4713,-0.50863,-0.4966
-0.46409,0.23695,-0.28391,-0.42634,-0.46548,-0.51094,-0.49656
-0.33116,0.24286,-0.34314,-0.44292,-0.47376,-0.49891,-0.49943
-0.3361,0.21257,-0.357,-0.43667,-0.46773,-0.50122,-0.49938
-0.32161,0.093082,-0.40003,-0.39151,-0.47002,-0.49585,-0.50001
-0.32898,0.062675,-0.41417,-0.38232,-0.46383,-0.49784,-0.49996
-0.37491,0.231,-0.32777,-0.43474,-0.47156,-0.50501,-0.49667
-0.39987,0.19701,-0.3355,-0.42063,-0.46447,-0.50771,-0.49662
-0.40054,0.23389,-0.32184,-0.40073,-0.47027,-0.49795,-0.50053
-0.40464,0.19913,-0.33854,-0.39285,-0.4637,-0.49989,-0.50047
-0.37018,0.19142,-0.34559,-0.42099,-0.47019,-0.50777,-0.49715
-0.33648,0.15788,-0.37104,-0.42645,-0.46483,-0.50904,-0.49709
-0.44076,0.16306,-0.33688,-0.38423,-0.47127,-0.51055,-0.49958
-0.41889,0.15366,-0.34899,-0.39595,-0.46865,-0.51173,-0.49954
-0.41197,0.25522,-0.3248,-0.43082,-0.47605,-0.50525,-0.49388
-0.41292,0.2575,-0.32392,-0.43472,-0.47485,-0.50619,-0.49387
-0.36573,0.20386,-0.36816,-0.42684,-0.47993,-0.50448,-0.50231
-0.37205,0.22242,-0.36059,-0.43728,-0.48098,-0.50506,-0.50231
-0.59598,0.27792,-0.28864,-0.41868,-0.48178,-0.50697,-0.49817
-0.62668,0.30662,-0.27171,-0.42711,-0.48316,-0.50792,-0.49815
-0.46782,0.22899,-0.3377,-0.43888,-0.4801,-0.50022,-0.49983
-0.47265,0.23975,-0.33162,-0.44544,-0.4803,-0.50177,-0.49983
-0.43507,0.20162,-0.36312,-0.45533,-0.48541,-0.50497,-0.49786
-0.45198,0.22248,-0.35153,-0.4672,-0.48683,-0.50676,-0.49784
-0.46145,0.19291,-0.34698,-0.43366,-0.48397,-0.50938,-0.49865
-0.46183,0.20347,-0.34231,-0.43975,-0.48421,-0.51003,-0.49864
-0.47628,0.2143,-0.33618,-0.44094,-0.48126,-0.5061,-0.49896
-0.46826,0.23967,-0.32984,-0.46195,-0.483,-0.50713,-0.49894
-0.54894,0.2601,-0.2921,-0.43972,-0.483,-0.51142,-0.49849
-0.53084,0.28073,-0.29015,-0.46177,-0.48461,-0.51226,-0.49846
-0.44054,0.24109,-0.3308,-0.46624,-0.48604,-0.50632,-0.49984
