-1.1929,0.55945,1.6165,2.7474,16.317,60.707,1200.6
-2.5424,0.58019,0.23318,2.9506,14.33,53.211,1079.8
0.11717,-0.45824,-0.68376,-1.1428,-9.7892,-24.768,-238.63
0.65536,-0.99785,0.39304,-1.2838,-11.982,-20.692,-214.29
0.83175,-0.83596,0.55628,-1.1727,-10.467,-18.315,-192.6
1.09,-1.2513,0.50438,-1.0605,-9.3917,-16.29,-173.38
1.0919,-1.0037,0.59218,-0.96142,-8.1923,-14.203,-155.85
1.292,-1.1689,0.62324,-0.93703,-7.4967,-12.844,-140.31
1.1916,-0.9393,0.63853,-0.84104,-6.5455,-11.007,-126.16
1.3314,-0.94884,0.70065,-0.85583,-6.0043,-10.045,-113.59
1.1818,-0.77592,0.65982,-0.7624,-5.2368,-8.4612,-102.17
1.2801,-0.69176,0.74276,-0.80224,-4.8371,-7.9634,-91.992
-2.6743,-0.62315,-1.4305,1.1063,-2.3505,6.236,-82.935
-1.9494,-0.59185,-0.79367,0.72174,-3.0736,4.5081,-74.572
-2.9095,-0.31893,-2.057,1.3627,1.2718,8.2007,-67.12
1.4895,0.2179,0.2805,-0.73375,0.65524,-6.6496,-60.222
-1.2498,0.49046,-1.6304,0.7043,4.3928,2.7821,-54.272
1.6468,0.99103,0.38768,-0.78199,2.1946,-7.1122,-48.793
-1.6935,1.0562,-1.6917,0.9173,5.1429,4.3633,-44.039
0.56376,1.0712,0.35404,-0.36853,0.91461,-3.1047,-39.582
-2.3705,0.96937,-1.5686,1.1475,3.5983,7.0204,-35.756
1.2054,0.58754,1.0706,-0.79243,-1.4686,-4.7911,-32.049
-1.5924,0.49998,-0.89046,0.68175,1.5792,4.756,-28.97
1.7891,-0.0077689,1.4837,-1.1545,-3.0701,-6.4377,-25.968
-1.3746,-0.0063748,-0.69657,0.51184,0.38701,4.2401,-23.505
1.3029,-0.46359,1.2066,-0.96925,-3.4472,-4.6223,-21.065
-1.8196,-0.36069,-0.95679,0.69324,0.24167,5.8443,-19.084
1.2741,-0.63211,1.0255,-0.96677,-2.8275,-4.5837,-17.047
-1.6913,-0.44189,-1.0482,0.63239,0.95082,5.2763,-15.457
1.7739,-1.0287,1.4838,-1.2529,-4.6102,-1.6578,-11.251
0.74014,-0.44056,1.0819,-0.79631,-3.7272,0.29127,-10.245
0.29867,-0.99012,0.50818,-0.6257,-3.0814,6.102,-10.701
1.135,-0.39479,0.9977,-1.045,-2.2116,1.058,-9.557
-1.5295,-0.82906,-0.28598,0.047616,-2.0902,0.87798,-6.7836
-1.3418,-0.43381,-0.12713,-0.022378,-1.3365,0.49857,-6.0373
-1.5449,-0.23444,0.43781,-0.48378,-1.682,-14.126,-2.5485
-4.3659,-0.70868,-1.2352,1.0283,-1.0592,-0.95471,-2.4185
-0.49711,1.0457,1.3194,-0.79067,-2.0436,-39.333,-0.83389
-3.0722,-0.76361,-0.87237,0.57558,-1.4582,-20.791,-1.1069
-1.2694,1.0237,0.42605,-0.036414,-1.1188,-37.271,-6.5263
-0.013384,-0.41898,0.18216,-0.58369,-0.66577,-31.742,-5.87
1.2046,-1.6366,0.31835,-1.4542,-1.8153,-20.168,-5.2244
1.4466,-0.70182,0.59685,-1.5433,-1.3735,-16.898,-4.9785
2.7281,-1.0969,0.34009,-1.8058,-0.69521,-1.6167,-9.07
2.2863,-0.65129,0.50612,-1.5558,-0.94803,-1.0044,-8.733
4.2244,-0.72014,0.81185,-3.1558,3.1932,-7.7825,-10.609
1.6465,-1.0551,-0.2756,-1.6091,2.734,1.0096,-10.181
5.4184,0.37149,1.7302,-3.7691,1.2955,-9.7828,-9.5654
2.1691,-0.65349,0.20892,-1.9156,0.35062,0.94207,-9.1712
3.3369,0.86589,1.4481,-2.8676,0.89837,10.18,-4.6064
3.3848,0.25194,1.2883,-2.7108,1.3008,3.8504,-4.5195
0.34634,1.937,1.4421,-2.1479,0.0051995,50.816,0.78248
0.31479,-0.012184,1.0763,-1.4272,-0.48777,38.754,0.506
-0.19352,0.080031,0.50918,-0.92178,0.33939,68.515,-3.205
-2.1459,-0.16078,0.026198,0.39325,0.38712,60.04,-3.168
-3.9627,-0.70815,-0.75243,1.2965,0.30309,-16.463,-0.27803
-3.6688,-0.11709,-0.42062,1.0005,1.0588,-19.971,-0.39134
-7.3703,-1.6236,-2.2602,3.4002,-0.49497,-48.68,1.5696
-5.3541,-0.14476,-1.1628,1.9672,0.49049,-44.775,1.4214
1.3761,0.16434,1.5615,-2.2651,-1.9813,11.433,1.6755
0.51651,-0.81917,0.85379,-1.5628,-1.4029,10.719,1.3529
-0.078165,-0.13076,0.52852,-1.3962,-1.3096,0.6198,0.83984
-0.48538,-0.77803,0.17187,-1.0256,-0.77371,1.0313,0.64929
-0.90773,-0.089436,0.28626,-1.0085,-1.2905,0.94719,0.64341
-1.1614,-0.79225,-0.014397,-0.71489,-0.77991,1.2225,0.47515
-1.6471,-0.04069,0.10624,-0.67728,-1.0549,0.45454,0.52295
-1.7641,-0.78606,-0.15462,-0.45572,-0.59703,0.75464,0.37154
-2.2083,0.028614,-0.049768,-0.42754,-0.91531,0.04752,0.43286
-2.2275,-0.76436,-0.2771,-0.25984,-0.50673,0.36158,0.29875
-2.6424,0.1055,-0.15479,-0.24407,-0.72293,-0.024796,0.36354
-2.5915,-0.73728,-0.36638,-0.10924,-0.36856,0.29131,0.23971
-2.9241,0.16887,-0.26376,-0.0825,-0.74194,-0.45865,0.35744
-2.832,-0.69325,-0.44944,0.017715,-0.42225,-0.086388,0.24033
-3.0944,0.23298,-0.34062,0.034833,-0.81768,-0.46256,0.32756
-2.9758,-0.64379,-0.50993,0.11489,-0.53676,-0.06504,0.21882
-3.2637,0.28463,-0.44586,0.14115,-0.88422,-0.4466,0.27134
-3.1103,-0.5833,-0.58614,0.20526,-0.64851,-0.0561,0.17833
-3.4021,0.33897,-0.53147,0.24123,-0.85718,-0.69295,0.22083
-3.2366,-0.52232,-0.64705,0.2912,-0.67521,-0.27549,0.13836
-3.5064,0.3699,-0.6272,0.32384,-0.873,-0.66604,0.19336
-3.3387,-0.4467,-0.71011,0.36622,-0.74562,-0.27005,0.11972
-3.588,0.41334,-0.73658,0.41114,-0.76966,-1.0117,0.16055
-3.4031,-0.36478,-0.79143,0.44309,-0.71844,-0.58651,0.10258
-3.6464,0.44562,-0.85037,0.49499,-1.0269,-0.88906,0.16889
-3.4579,-0.27195,-0.86673,0.51896,-1.0229,-0.47722,0.11491
-3.7075,0.50744,-0.97664,0.58184,-0.87254,-1.1109,0.10698
-3.508,-0.18119,-0.95713,0.59878,-0.96271,-0.66856,0.072887
-3.7662,0.53916,-1.101,0.69563,-0.54071,-1.1108,0.12255
-3.5772,-0.070854,-1.0459,0.70549,-0.75152,-0.67021,0.093492
-3.0051,0.21503,-3.3919,2.321,12.995,-0.8092,2.8665
-3.0225,0.1573,-3.1285,2.3786,13.263,-0.22339,2.5581
-2.7852,-0.53832,-2.7375,1.8153,6.8411,-1.4958,1.2334
-2.9328,0.09564,-2.4176,1.8548,7.1117,-0.90212,1.068
-2.4681,-0.64405,-1.6765,1.0098,-1.4507,-0.96065,-2.8196
-2.7121,0.054689,-1.5344,1.1658,-0.27335,-0.41139,-2.5444
-2.7364,-0.60238,-1.4098,0.77279,-4.0206,-1.1417,-1.6234
-2.9204,0.023201,-1.1915,0.85168,-3.8131,-0.52549,-1.47
-3.1905,-0.478,-1.5784,0.95057,-3.4501,-1.3131,-2.2038
-3.255,0.047579,-1.3833,1.0245,-3.3187,-0.63267,-1.9799
-3.319,-0.41361,-1.771,1.1289,-2.8102,-0.87715,-3.3916
-3.3284,0.078616,-1.574,1.1988,-2.757,-0.22429,-3.0448
-3.8412,-0.38322,-1.9669,1.2605,-2.1978,-0.93422,-1.92
-3.7151,0.1092,-1.7577,1.3313,-2.2336,-0.20568,-1.7055
-3.4522,-0.25111,-2.1057,1.4886,-2.0185,-0.74637,-1.6191
-3.333,0.1525,-1.8879,1.5206,-2.0875,-0.031188,-1.4372
-2.2208,-0.19349,-2.2586,1.5808,-1.6193,-0.29489,2.5813
-2.2866,0.19395,-2.005,1.5846,-1.7159,0.29551,2.3131
-2.2523,-0.25326,-2.4297,1.6748,-1.1655,-1.3563,3.2547
-2.2757,0.23164,-2.1308,1.6405,-1.3398,-0.65247,2.9332
-1.1269,-0.091127,-2.403,1.7108,-1.1764,-0.92992,-4.0483
-1.3334,0.26624,-2.1041,1.6306,-1.3481,-0.33437,-3.6607
0.38547,-0.062876,-2.3775,1.5943,-0.98369,-1.0753,-1.1573
-0.071294,0.3271,-2.1904,1.6196,0.2787,-0.54481,-1.0694
-1.4483,-0.13615,-2.5386,1.6558,0.24827,-2.7831,-2.1644
-1.3464,0.38646,-2.364,1.7775,2.0746,-1.8056,-1.9026
-2.1106,0.2082,-2.6338,2.0167,3.3791,-1.9372,-1.738
-1.7901,0.41566,-2.4342,2.0729,4.6117,-0.93574,-1.4868
-3.0742,0.42882,-2.6144,2.1985,4.7897,-0.53166,-2.5169
-2.4975,0.43846,-2.3806,2.2113,5.5226,0.42737,-2.1561
-3.8592,0.67725,-2.2996,2.6022,4.155,-0.72004,2.8758
-2.9364,0.38557,-1.9785,2.2728,2.3616,0.34154,2.7298
-2.5843,1.0091,-1.9148,2.476,3.2652,1.3743,2.6487
-1.7571,0.4011,-1.6829,2.1738,1.9042,2.2705,2.5364
-1.2344,1.1032,-1.567,2.3038,2.6401,1.1385,2.1314
-0.53692,0.39918,-1.3752,1.9944,1.6002,2.0711,2.0418
-0.21853,1.2055,-1.2108,2.1353,2.1891,1.5324,1.6671
0.39225,0.37843,-1.0599,1.813,1.3546,2.4902,1.6265
0.70354,1.3135,-0.83354,1.9184,1.8554,1.5995,1.3466
1.2301,0.33278,-0.73765,1.5878,1.1769,2.6083,1.3209
1.6493,1.3867,-0.40754,1.4861,1.5612,1.0411,1.0438
2.0752,0.2749,-0.39844,1.1729,1.05,2.1572,1.0408
2.36,1.4364,-0.032651,1.0201,1.3589,1.0868,0.82983
2.7085,0.20012,-0.091159,0.74307,0.9598,2.207,0.83911
3.0063,1.4413,0.33043,0.53779,1.1972,0.81123,0.64988
3.2796,0.11539,0.2013,0.29347,0.90339,1.9665,0.66914
3.6363,1.391,0.70672,-0.28052,1.0565,1.7011,0.5077
3.8154,0.019321,0.51671,-0.39749,0.86776,2.7627,0.53899
4.2098,1.3229,1.0005,-0.35861,0.86646,0.82522,0.4573
4.3336,-0.079575,0.74437,-0.52886,0.79656,1.9181,0.47617
4.4656,1.202,1.2667,-0.81923,0.84392,0.95798,0.30836
4.5809,-0.17451,0.97816,-0.9459,0.78984,2.008,0.34581
4.8718,1.0314,1.5085,-1.2941,0.84659,1.4066,0.24992
4.9426,-0.28081,1.2054,-1.3658,0.80867,2.3657,0.29012
5.2774,0.84121,1.6881,-1.45,0.79406,0.93567,0.22775
5.315,-0.38089,1.3825,-1.5431,0.77712,1.9076,0.27053
5.7475,0.62386,1.8191,-1.7137,0.73637,1.0149,0.20963
5.7271,-0.48495,1.5315,-1.7944,0.74457,1.9169,0.23502
5.9719,0.36231,1.9238,-1.846,0.65139,0.87901,0.12271
5.9546,-0.57414,1.6796,-1.9422,0.70615,1.7933,0.17028
5.2176,0.27038,2.8536,-2.1511,-2.445,3.9845,-0.029941
6.0625,0.8684,2.8779,-2.5848,-2.0561,0.98225,0.099949
5.6899,-1.1122,2.2447,-2.4165,-4.1269,3.5887,0.0017855
6.4816,0.01347,2.527,-2.8041,-3.341,0.72635,0.13105
6.0516,-0.79784,2.463,-2.4938,-4.41,3.8617,-0.011494
6.6985,-0.23339,2.4216,-2.9303,-3.507,0.4694,0.085916
6.2022,-0.97877,2.3902,-2.5438,-3.2821,4.3641,-0.0033572
7.0573,0.38326,2.7401,-3.0054,-2.426,0.53335,0.083509
6.5426,-1.287,2.2297,-2.5413,-1.2695,4.3563,-0.052118
7.1732,-0.54414,2.2418,-3.007,-0.49144,0.66309,0.0044965
6.8316,-0.70152,2.4959,-2.4541,0.91631,4.282,-0.054231
7.4244,-0.14796,2.4399,-2.8911,1.4533,0.84889,-0.016011
6.9175,-1.3076,2.0827,-2.404,2.6823,4.1248,-0.078026
7.3822,-0.057466,2.3091,-2.7881,2.9867,0.94063,-0.047968
6.8189,-1.5396,1.8593,-2.4057,3.6805,3.9633,-0.049179
7.2306,-1.2579,1.6374,-2.7864,3.8711,0.6237,-0.036892
7.2513,-1.6825,1.7677,-2.4353,3.7693,4.0036,-0.038592
7.8657,0.22529,2.4281,-2.7801,3.7119,0.50584,-0.017609
6.9581,-2.829,1.1935,-2.3794,2.9102,3.7076,-0.094053
7.8195,-0.28686,2.1601,-2.7095,2.847,0.24815,-0.064638
6.8488,-3.1156,0.85733,-2.3075,1.5058,3.3123,-0.059508
7.7117,0.07795,2.2228,-2.5785,1.5838,0.23614,-0.041602
6.9458,-2.668,0.98978,-2.2035,-0.1347,3.2869,-0.037498
7.6776,-0.61152,1.6942,-2.433,0.20704,-0.040337,-0.038584
6.8458,-2.3926,0.96357,-1.9932,-1.3551,3.1203,-0.003745
7.1954,-1.2721,1.1249,-2.1873,-0.77248,-0.30557,-0.026661
6.5762,-2.9057,0.47065,-1.7314,-1.9972,3.0113,-0.023845
7.3729,-0.28663,1.4672,-1.8524,-1.3056,-0.18672,-0.034047
6.2361,-3.3268,-0.089804,-1.4019,-2.325,3.283,-0.034288
6.8158,-0.91951,0.72501,-1.5174,-1.4759,-0.66648,-0.054907
6.5407,-4.6105,-2.5013,-2.1856,-2.1664,-6.8464,-1.8232
6.6151,-3.2761,-1.7314,-1.8052,-1.0126,-6.2366,-1.6568
5.6948,-5.4464,-3.1695,-1.4073,-2.1129,-7.8251,-1.1225
5.847,-3.769,-2.2572,-1.0555,-0.94943,-7.1459,-1.0192
5.298,-4.7431,-3.041,-0.8456,-1.8078,-5.3441,-0.2036
5.4389,-2.8932,-2.0579,-0.46603,-0.73845,-4.9324,-0.18198
4.8559,-3.0541,-2.5661,0.036571,-1.5834,-4.7768,-0.59414
4.9951,-1.1645,-1.6005,0.38078,-0.57521,-4.3595,-0.52364
4.539,-1.1391,-2.0791,0.58573,-1.3597,-3.6162,-1.0709
4.6381,0.66065,-1.1963,0.94343,-0.44229,-3.3055,-0.9464
3.9828,0.41846,-1.8931,1.4375,-1.1335,-3.4812,-1.3253
4.0072,2.0917,-1.099,1.7488,-0.27904,-3.1895,-1.1688
3.031,1.3279,-2.1362,2.1869,-0.86475,-2.1567,0.68445
3.0192,2.8829,-1.4264,2.4677,-0.12165,-1.9745,0.64448
1.7998,1.5697,-2.6963,2.8806,-1.0924,-1.9568,0.1738
1.7659,3.0535,-2.0412,3.133,-0.28782,-1.8257,0.19428
0.44383,1.3571,-3.4967,3.4534,-1.0261,-2.659,-1.0501
0.40485,2.8148,-2.8561,3.6723,-0.2624,-2.4505,-0.89582
-1.2472,1.0039,-4.3827,3.9894,-0.98937,-2.5307,-0.77796
-1.2648,2.4494,-3.711,4.1704,-0.26041,-2.3335,-0.64419
-2.8527,0.70367,-5.1907,4.5096,-0.92779,-1.3598,-1.2104
-2.8526,2.1377,-4.4582,4.6311,-0.24631,-1.3083,-1.0227
-4.4336,0.62796,-5.7572,4.8096,-0.83719,-0.4659,-0.68617
-4.394,2.0179,-4.9672,4.8876,-0.21136,-0.5342,-0.53419
-5.7884,0.78656,-6.0641,5.1142,-0.72174,0.34625,0.8936
-5.6951,2.0924,-5.219,5.079,-0.17429,0.10189,0.9128
-6.9333,1.1044,-6.101,5.1943,-0.59768,-1.4923,0.30834
-6.7706,2.2903,-5.2372,5.1163,-0.095783,-1.4104,0.36706
-7.8432,1.5078,-5.9647,5.2674,-0.32621,-0.13699,1.515
-7.6021,2.5286,-5.0547,5.1234,0.061933,-0.14754,1.459
-9.3262,0.58149,-6.6464,5.4515,4.1588,-0.48255,1.1728
-9.2069,1.1765,-5.9336,5.0857,-0.0025036,-0.40516,1.1447
-9.4993,0.64094,-6.3733,5.1746,5.1967,-0.46606,1.9141
-9.3353,1.2359,-5.6071,4.7834,0.063542,-0.40776,1.8168
-9.6345,1.5182,-5.4287,4.7378,1.3753,-0.59724,2.571
-9.3118,1.9346,-4.6861,4.3942,-0.27089,-0.46912,2.4124
-9.0885,2.4173,-4.0493,4.2616,1.516,-0.68006,-1.0166
-8.6848,2.619,-3.3478,3.8839,-0.3702,-0.5296,-0.83035
-8.5775,2.8733,-2.6204,3.745,5.9511,-2.0685,3.4091
-8.0796,2.8828,-1.9984,3.2875,-0.104,-1.7048,3.1568
-7.7577,2.8655,-1.6819,3.0349,-1.5808,-0.96056,-1.4935
-7.2967,2.779,-1.1471,2.6639,-0.52672,-0.80208,-1.254
-7.5641,2.3495,-0.96795,2.3924,-1.428,-1.9181,2.9102
-7.0196,2.1947,-0.54507,1.9936,-0.45721,-1.6107,2.6995
-6.8712,1.8826,-0.48688,1.7379,-0.43811,-1.611,-0.50336
-6.3657,1.716,-0.11095,1.3139,-0.23378,-1.4111,-0.37188
-6.5563,1.2381,-0.064688,1.0533,0.97799,-2.4723,-0.89332
-5.7841,1.1527,0.53109,0.58413,-0.10663,-1.8392,-0.71832
-5.2916,1.0462,0.7849,0.35325,1.4372,-1.7942,2.0425
-4.8691,0.91943,1.068,-0.075501,-0.027664,-1.5416,1.9104
-5.2106,0.85222,0.73021,-0.22413,0.63002,-2.2113,-0.16197
-4.7293,0.66084,1.0135,-0.64749,-0.17232,-1.9829,-0.067759
-4.7991,0.52518,1.0302,-0.79852,0.20055,-2.1888,-0.4979
-4.2868,0.3276,1.2623,-1.2184,-0.27706,-1.9726,-0.38202
-4.2545,0.43408,1.2609,-1.383,0.13883,-2.324,-0.13332
-3.78,0.1941,1.4636,-1.7489,-0.31153,-2.1651,-0.066252
-3.6127,0.30203,1.7239,-1.9249,0.25611,-2.2405,-2.4658
-3.2836,0.045474,1.8459,-2.2546,-0.27823,-2.223,-2.1706
-3.335,0.069829,1.802,-2.5005,3.7162,-2.4883,-0.95125
-2.9876,-0.17385,1.9047,-2.7288,-0.086137,-2.5308,-0.80276
-3.9085,-1.1882,2.8269,-3.2106,13.425,20.142,-0.10877
-2.6065,0.065036,1.4786,-3.6395,11.876,2.5285,-0.060524
-2.8543,-0.7438,2.6301,-3.7656,10.942,8.835,-0.099572
-2.3301,-0.39954,1.9063,-4.0253,9.6136,0.52706,-0.029952
-2.493,-1.2041,2.7925,-3.3551,-11.001,9.8436,-0.064532
-1.8772,-0.56903,2.0207,-3.5079,-10.032,-0.88038,-0.067621
-2.1918,-1.4907,3.3547,-3.6374,-7.5108,10.338,-0.19014
-1.5594,-0.72182,2.6098,-4.5343,11.696,-0.80782,-0.14418
-1.9544,-1.6092,3.7197,-4.6184,7.5323,8.7526,-0.067501
-1.3195,-0.86325,3.0693,-4.6573,6.5808,-0.76601,-0.044078
-1.6632,-1.5942,3.5852,-3.9448,-10.791,7.7477,-0.11103
-1.1025,-0.90322,3.0652,-3.9435,-9.763,-0.57667,-0.15381
-1.6358,-1.6656,4.3172,-4.5532,1.3799,5.6332,-0.15714
-1.1053,-1.0793,3.9483,-4.9844,11.052,-0.62228,-0.14456
-1.4225,-1.5796,3.6732,-4.4504,-1.403,5.539,-0.080663
-1.0143,-1.0164,3.2995,-4.4252,0.25692,-0.83317,-0.09675
-1.5047,-1.6543,3.2247,-4.0442,-7.7627,5.1397,0.013387
-1.0205,-1.0345,3.1149,-4.3491,1.9247,-0.83544,0.0073263
-1.6805,-1.5954,3.2937,-4.6192,6.9025,4.5746,-0.029218
-1.1246,-0.94703,3.2506,-4.3716,6.2267,-0.61554,0.0083449
-1.7045,-1.4308,2.95,-3.464,-10.666,3.0039,0.18873
-1.2168,-0.92298,3.0583,-3.2733,-9.5244,-0.5679,0.11519
-1.9828,-1.3581,3.1804,-4.3367,11.346,2.9288,-0.096975
-1.4099,-0.79158,3.3313,-4.067,10.231,-0.52468,-0.10202
-2.0175,-1.1014,2.4042,-2.7965,-10.786,2.5823,-0.028065
-1.507,-0.59291,2.6451,-2.6159,-8.4513,-0.52045,-0.083373
-2.2647,-0.97383,2.9264,-3.5087,8.264,1.1145,0.095397
-1.7244,-0.55191,3.2675,-3.3546,10.296,-0.47548,0.084434
-2.3236,-0.68145,2.1958,-1.9149,-10.607,2.3447,-0.117
-1.7557,-0.16751,2.503,-1.7925,-6.609,-0.42995,-0.17301
-5.002,-1.9736,2.165,-1.6719,-9.4251,10.29,18.845
-4.598,-1.6681,2.1833,-1.5037,-6.763,9.1356,-1.2807
-3.882,-0.40432,0.22015,-1.2314,-2.5789,0.89644,18.29
-3.8586,-0.64286,0.77461,-1.2605,0.64824,4.2626,1.0448
-3.9512,0.2738,0.5125,-1.1562,4.5398,0.35303,16.417
-3.8555,0.048484,0.96078,-1.0854,6.5629,3.1913,13.398
-3.0831,0.49475,0.73914,-0.68438,6.7907,-3.3145,13.423
-3.208,0.036437,1.3243,-0.59614,7.2824,2.4126,12.073
-3.1097,0.88959,0.81883,-0.02741,3.662,-3.5227,6.1409
-3.2352,0.37143,1.3864,0.11889,3.3677,2.6807,-1.6378
-1.9477,1.2187,0.80565,0.96042,-2.3867,-2.7739,10.333
-2.1387,0.70386,1.3398,1.0297,-2.0863,2.8308,0.34456
-0.99641,1.6821,1.1381,1.8148,-7.6894,-2.1072,1.5951
-1.2577,1.1575,1.5759,1.7446,-5.7538,2.8064,-1.5464
-1.3075,1.9178,1.1954,2.1272,-7.7199,-1.525,0.58918
-1.4463,1.4303,1.5323,1.9729,-4.2859,2.6977,-2.9566
-1.2442,1.9811,1.2801,2.1068,-1.9554,-4.1645,2.8422
-1.4976,1.2863,1.7171,1.8497,1.5764,2.4523,-3.8044
-1.3741,2.0432,0.82921,1.8959,5.4207,-2.4371,9.6104
-1.497,1.4444,1.1648,1.766,7.4577,2.8212,-3.1843
-0.9168,2.1128,0.49895,2.0887,7.8344,-0.84556,9.0233
-0.97517,1.6149,0.70809,2.0391,7.9933,2.7887,7.979
-0.3779,2.0429,0.089008,2.5711,2.8042,-3.1373,7.2796
-0.58325,1.3548,0.40765,2.5113,2.2318,2.3754,6.5377
0.23507,2.0735,0.12998,3.3117,-5.2526,-1.8037,5.8992
0.05405,1.4458,0.32114,3.1513,-4.6285,2.5388,5.2832
-0.41373,2.1346,-0.21046,3.4362,-9.2968,-2.117,3.4568
-0.47647,1.4528,-0.034015,3.1747,-7.0506,2.4828,-1.668
0.53098,1.9225,-0.52945,3.3529,-6.5021,-2.7569,3.4096
0.36231,1.2056,-0.28618,2.8762,-2.6765,2.317,-2.1049
1.9339,-0.31694,-1.5811,2.1288,13.026,-11.36,-15.624
1.8943,-0.041362,-1.775,2.0342,11.783,-10.052,-14.014
2.4161,2.1704,-1.7438,1.9257,10.438,-11.1,-12.63
2.1952,1.9097,-2.0277,1.8436,9.4282,-9.9771,-11.328
2.5829,4.5182,-1.5643,3.1934,-11.404,-9.4166,-10.352
2.2363,3.6844,-2.0245,3.0351,-10.163,-8.4281,-9.2389
2.6852,3.9345,-1.3637,1.6969,7.792,-8.4474,-8.338
2.314,3.1352,-1.9423,1.7324,5.3278,-7.6327,-7.5315
2.7929,2.9924,-1.7072,2.8747,-10.396,-6.0168,-6.7408
2.3815,2.2558,-2.2705,2.6532,-9.093,-5.5595,-6.1636
2.8312,-0.37764,-1.49,1.316,8.2211,-4.0672,-5.6626
2.5136,-0.47365,-2.0443,0.85573,10.719,-3.8646,-5.1232
2.9078,0.29668,-2.2292,2.2326,-10.365,-4.3532,-4.5762
2.5727,0.039936,-2.738,2.034,-9.1897,-4.1474,-4.2438
3.026,-1.1808,-1.9274,0.92111,4.2369,-4.2974,-3.9732
2.7306,-1.126,-2.4304,0.11156,11.252,-4.2112,-3.6044
3.1855,-1.6145,-1.6172,1.6045,-9.8829,-1.3977,-3.1541
2.9364,-1.481,-2.1338,1.1014,-5.0767,-1.666,-2.9582
3.342,-1.8895,-1.9825,-0.039706,7.8537,1.8601,-2.3592
3.0844,-1.7289,-2.3895,-0.49545,9.9694,1.0169,-2.224
3.3958,1.4414,-1.9932,1.077,-10.285,-0.04498,-1.9374
3.0642,0.90692,-2.497,0.90728,-9.0273,-0.54902,-1.9341
3.6112,-6.8138,-1.3524,-0.40983,6.061,-3.5605,-1.499
3.5278,-5.4761,-1.735,-1.1266,11.579,-3.7539,-1.4123
3.3658,1.9799,-1.6568,0.70031,-10.284,-1.7736,-0.82664
3.1056,1.4735,-2.1313,0.12246,-4.4709,-2.1889,-0.94771
3.6617,-5.2619,-1.6365,-0.66824,4.5887,0.086748,-1.5752
3.553,-4.2585,-1.9578,-1.2754,9.1157,-0.62388,-1.482
3.3696,-0.21481,-1.8845,0.3875,-8.4875,0.37187,-0.74865
3.2027,-0.198,-2.1959,-0.20182,-3.0555,-0.4579,-0.84702
2.4779,1.8169,-0.79785,-2.893,10.861,19.697,3.609
2.4075,1.0497,-1.2222,-2.8632,10.006,17.007,3.1131
2.3604,0.72295,-0.97278,-1.8936,1.2026,15.986,-0.091277
2.3782,0.23404,-1.3828,-0.42342,-10.445,13.741,-0.32351
2.6532,0.092705,-1.5096,-0.66159,-6.9093,13.829,2.1832
2.5288,-0.23382,-1.7271,-1.0081,-3.2534,12.05,1.8732
2.6324,-0.33073,-1.2992,-2.7299,10.962,12.522,1.1969
2.5155,-0.52889,-1.4865,-2.4761,9.4368,10.901,1.028
2.7033,-0.56961,-1.368,-0.14396,-8.8131,12.909,-4.0209
2.5604,-0.70093,-1.4905,0.064638,-9.5611,11.258,-3.6772
2.5365,-0.7138,-1.1673,-1.4977,4.6961,7.7794,-1.2547
2.653,0.041845,-1.6175,-0.78708,2.5905,1.6658,-1.1281
3.4222,2.1821,-2.4972,0.049397,4.2531,-11.732,1.087
3.154,1.8393,-2.5658,1.12,-4.7583,-9.4585,0.89375
2.5458,-0.9574,-0.49517,-0.39816,-3.0036,8.2457,0.73647
2.3851,-0.88178,-0.71278,-0.1989,-3.4533,7.1821,0.62748
2.6337,1.0055,-1.7802,-0.88885,10.878,-9.0077,-0.49403
2.2946,0.46317,-1.683,-0.63482,7.4333,-4.7361,-0.46255
1.9483,-0.77427,-1.0104,0.4219,-6.2779,9.9833,-4.1113
1.821,-0.6671,-1.1527,1.0543,-10.018,8.6175,-3.7653
2.5695,2.1164,-2.2988,0.38815,6.9055,-12.677,1.4774
2.2541,1.6429,-2.2083,1.132,-0.15574,-9.2179,1.2713
1.6,-0.46093,-0.60134,0.10307,0.47015,8.4577,-0.12633
1.4891,-0.34492,-0.80264,1.0429,-5.9432,7.1392,-0.19569
1.624,0.93106,-1.526,-0.11022,8.8934,-0.87613,3.8607
1.6908,1.371,-1.8228,1.4793,-1.4615,-4.4825,3.3963
1.6985,1.1384,-1.5585,1.6054,-3.0956,-0.87456,-0.59132
1.3938,0.86822,-1.5058,2.18,-8.1272,0.90778,-0.60655
0.97866,0.54389,-0.94661,-0.31599,10.579,6.5699,3.3793
1.1683,1.3147,-1.3786,1.0376,3.4877,0.19821,3.0014
1.9562,2.9338,-1.6346,3.534,-9.9028,-10.06,18.16
1.6641,2.6963,-1.6597,3.4068,-8.8825,-8.8407,16.311
1.8737,2.7825,-1.0164,1.3364,8.6735,-5.5531,15.23
1.5309,2.5438,-1.1275,1.3199,8.4459,-4.9727,13.688
1.6508,2.5205,-0.88617,3.2052,-6.8429,-5.5931,11.077
1.3089,2.3293,-1.069,3.2272,-6.8759,-5.0073,10.725
1.3406,2.4215,-0.64297,1.6537,5.8898,-7.7298,-10.049
1.0337,2.2892,-0.8808,1.6897,5.6035,-6.9999,-1.0892
1.1625,2.3467,-0.64891,3.0557,-4.8195,-4.6737,-5.3257
0.86356,2.2047,-0.87705,3.0575,-4.697,-4.2862,7.1245
1.0306,2.357,-0.1501,1.9195,4.4042,-4.3072,-4.3877
0.75704,2.2121,-0.41085,1.9579,3.9153,-3.976,6.1144
1.1314,2.2865,-0.081109,2.9329,-3.5356,-3.4641,-9.4766
0.97772,2.1363,-0.17135,2.9365,-3.5104,-3.2211,5.6915
1.3833,2.2368,0.83197,2.1134,3.1586,-3.5983,-3.6867
1.1965,2.075,0.64789,2.1119,2.8548,-3.3307,7.0684
1.9227,2.097,1.6671,2.8033,-2.5171,1.3959,-9.3597
1.6269,1.8678,1.4117,2.7579,-2.5653,0.99922,5.102
2.3187,1.8415,2.5696,2.1116,2.3475,0.94546,-3.5134
1.9615,1.6199,2.2123,2.0706,1.9241,0.63586,7.4651
2.6578,1.5451,3.5677,2.5387,-1.9668,-3.1544,-9.1986
2.2878,1.3612,3.0788,2.4783,-1.9265,-2.9683,5.2929
2.9367,1.3363,4.0654,1.8921,2.1405,4.7206,-5.261
2.4666,1.0619,3.5658,1.84,1.4568,3.7922,7.5542
2.8499,0.94076,4.1163,2.2071,-1.0426,-3.3289,-8.3465
2.4564,0.77805,3.6257,2.223,-1.8679,-3.1612,6.7159
2.6335,0.81074,4.111,1.7885,1.2837,-2.4193,-5.8175
2.2739,0.63722,3.6276,1.7291,0.75117,-2.3883,7.2352
2.2544,0.71856,3.3464,1.7921,0.45762,-0.86701,-7.3086
1.969,0.51701,3.1076,1.8848,-1.1865,-1.1207,6.5922
0.28621,-2.1382,3.8785,-0.69395,2.5547,19.825,11.136
0.15614,-2.0081,3.4327,-0.34908,0.020891,17.247,9.8311
-0.45835,-1.7957,2.8838,-0.53674,1.1228,16.595,-11.236
-0.51259,-1.6325,2.6376,-0.37819,-0.12422,14.484,-8.7446
-0.56275,-0.77426,2.0245,-0.091126,1.2486,9.3026,9.5586
-0.33221,-0.26972,1.7326,0.41482,-0.09548,4.7506,8.4677
-0.31118,0.032011,1.5,0.41777,0.89728,3.4011,-10.029
-0.2392,0.24328,1.324,0.68086,-0.22405,0.78246,-5.0868
-0.33628,0.10579,1.3634,0.34931,0.85203,2.6756,8.2097
-0.20847,0.35917,1.1832,0.65816,-0.1696,-0.43312,5.9362
-0.22141,0.048538,1.3363,0.30442,0.59529,1.2206,-9.7699
-0.16092,0.20879,1.1802,0.49903,-0.24082,-0.97485,-4.302
-0.2031,-0.15231,1.4502,0.092018,0.56024,0.74081,8.957
-0.18766,-0.026043,1.3078,0.24216,-0.1867,-1.009,5.8075
-0.13453,-0.32307,1.617,-0.083008,0.34843,1.3521,-10.839
-0.06431,-0.13434,1.4022,0.11435,-0.22391,-0.92098,-4.7282
-0.042344,-0.47911,1.7504,-0.22473,0.39062,0.3995,10.826
-0.046484,-0.37523,1.5543,-0.11724,-0.19375,-0.98115,6.3677
-0.019288,-0.66102,1.8656,-0.42324,0.1985,1.7727,-11.103
0.068553,-0.41916,1.5983,-0.18819,-0.2444,-0.92969,-7.5511
0.026874,-0.75707,1.8911,-0.51228,0.23705,0.56606,11.089
0.031437,-0.61551,1.6611,-0.38802,-0.17468,-1.1093,8.3916
-0.11526,-0.90448,1.8774,-0.70457,0.098798,1.5992,-11.141
-0.017597,-0.6596,1.6064,-0.47595,-0.21279,-0.98126,-7.7811
-0.19956,-0.94039,1.7383,-0.84019,0.18599,0.18612,10.575
-0.19752,-0.82389,1.5177,-0.73701,-0.17467,-1.0617,7.2958
-0.45619,-1.0193,1.5689,-1.0374,0.17857,0.98935,-11.215
-0.37218,-0.83871,1.3376,-0.84761,-0.21819,-0.81648,-5.9323
-0.58651,-0.98844,1.2707,-1.154,0.30307,0.38907,10.163
-0.54092,-0.86857,1.1129,-1.0102,-0.19052,-0.81161,6.7416
-1.5407,0.40184,-1.3437,0.47734,-6.3912,-4.1515,-10.734
-1.7542,-0.0047094,-1.0914,-0.032741,-5.958,-1.8062,-9.536
-3.8861,-0.25869,-2.575,-0.77646,-8.207,6.1559,-5.0231
-3.361,-0.07244,-2.3792,-0.6211,-7.3864,3.2113,-4.5209
-3.0591,1.4992,-4.2821,0.77087,-6.3456,-6.994,-13.55
-2.9684,1.0739,-3.718,0.24215,-5.8379,-4.7602,-12.195
-4.4604,-0.052988,-3.8067,-1.5139,-5.6546,7.5047,4.1157
-3.9562,0.041796,-3.4116,-1.4534,-5.12,5.33,3.7001
-2.4782,1.281,-3.5195,0.22175,-4.1824,-5.8858,0.037985
-2.2321,1.0945,-3.071,-0.00087351,-3.8518,-5.5093,0.037253
-2.6678,-0.52681,-1.6315,-1.6149,-3.8855,5.7064,-10.972
-2.3788,-0.46485,-1.3729,-1.651,-3.5861,4.3161,-9.8774
-0.55467,-0.033262,-0.06679,-0.3286,-2.8615,-4.3565,-2.091
-0.54856,-0.098841,0.025631,-0.51252,-2.6534,-4.1374,-1.8743
-0.38603,-1.6106,1.7543,-1.8491,-2.8375,4.5793,-0.99791
-0.39566,-1.4339,1.6049,-1.8002,-2.5783,3.1343,-0.90543
1.0951,-1.299,2.526,-0.72193,-1.8615,-3.336,2.3601
0.87161,-1.2104,2.2716,-0.82217,-1.7017,-3.418,2.123
0.5757,-2.1763,3.2801,-1.8998,-1.7161,3.236,3.3901
0.39099,-1.9826,2.9506,-1.8935,-1.5829,2.346,3.0434
0.96499,-1.6711,2.8523,-1.0577,-1.16,-1.7516,-2.5777
0.81228,-1.4887,2.5535,-1.0417,-1.0686,-2.4574,-2.3195
0.3646,-1.7125,2.2281,-1.5701,-1.0582,1.3052,-1.2675
0.16506,-1.6054,2.0696,-1.6679,-0.99912,1.1119,-1.1484
-0.15704,-1.2368,1.7336,-1.3857,-0.82534,-0.28228,3.9717
-0.1703,-1.1122,1.5643,-1.3421,-0.77954,-0.9524,3.5709
-0.55991,-0.91709,0.90914,-1.4619,-0.86626,0.49553,6.3338
-0.56906,-0.86285,0.83546,-1.4713,-0.81868,0.061621,5.6925
-1.0192,-0.60178,-0.019454,-1.4403,-0.70745,0.51442,3.3551
-0.89589,-0.5222,0.015767,-1.3484,-0.67288,-0.43344,3.0182
0.2851,0.48175,-0.50281,-2.3587,18.933,-8.3185,-4.4586
0.36882,0.19991,-0.16112,-2.2943,17.023,-7.5541,-4.0214
0.2842,0.12223,-0.27248,-2.165,15.661,-6.8857,-2.2187
0.3446,-0.090919,0.035799,-2.0938,14.139,-6.3699,-2.0132
0.22969,-0.094459,-0.074226,-1.9718,12.654,-4.9738,-1.3921
0.27735,-0.27224,0.21006,-1.9106,11.481,-4.7104,-1.272
0.091539,-0.26062,0.13781,-1.274,6.9798,-3.7384,-1.2731
0.068255,-0.39983,0.4861,0.19891,-3.8217,-2.981,-1.2641
0.0081334,-0.34444,0.24634,1.0701,-9.818,-4.4529,-1.7993
0.083549,-0.45612,0.47739,0.91572,-8.6405,-4.3011,-1.635
0.1428,-0.2936,0.24109,-1.8539,11.428,-3.9558,4.0552
0.20927,-0.42731,0.45618,-1.7853,10.46,-3.816,3.639
-0.11893,-0.42944,0.30883,0.97513,-9.8136,-1.0984,5.5199
-0.048147,-0.53888,0.50801,0.80568,-8.5735,-1.3084,4.9166
-0.011592,-0.35982,0.21617,-1.338,6.6582,-3.1471,-7.0579
0.086717,-0.46523,0.42332,-1.4777,7.4035,-3.1694,-6.3422
-0.1743,-0.40508,0.17704,0.27359,-5.9799,-1.7349,-7.6397
-0.08553,-0.49088,0.36936,0.27796,-5.5792,-1.7975,-6.9448
-0.096912,-0.32971,0.13779,-1.0114,4.2447,-1.3053,6.4181
-0.005792,-0.43058,0.31565,-1.1383,4.9456,-1.5225,5.7482
-0.24104,-0.28351,0.24275,-0.019004,-3.6832,-1.7505,3.6217
-0.12619,-0.3868,0.39955,0.034127,-3.5555,-1.8015,3.2336
-0.080954,-0.21927,0.051497,-0.75795,2.379,-1.0357,-3.7989
0.013697,-0.33542,0.2199,-0.85167,3.0847,-1.2302,-3.4204
-0.16153,-0.27522,0.031745,-0.12111,-1.7774,-0.23561,-4.4769
-0.079302,-0.37488,0.20616,-0.058752,-2.0165,-0.42659,-4.0242
-0.128,-0.192,0.057028,-0.51417,0.7132,-1.1995,4.3988
-0.02455,-0.30203,0.22516,-0.59362,1.5502,-1.3556,3.9428
-0.10051,-0.21248,0.15832,-0.32497,-0.09078,0.14558,-5.694
-0.027239,-0.32705,0.30901,-0.23261,-0.60953,-0.066236,-5.1028
-1.8259,-3.126,3.118,-3.4992,-8.7003,17.227,3.4597
-1.9423,-2.5688,2.1674,-3.2341,-7.4443,15.178,3.1169
-1.8047,-2.6017,2.4055,-3.0352,-7.91,14.8,-2.9155
-1.8348,-2.1643,1.7332,-2.8093,-6.9489,13.096,-2.597
-1.5292,-2.0594,1.9078,-2.563,-6.7194,12.543,11.349
-1.5435,-1.7277,1.4266,-2.3728,-5.9688,11.141,10.209
-1.0616,-1.5009,1.3672,-1.7637,-5.4136,8.3556,-11.052
-0.079908,-0.65375,0.86583,-0.10085,-4.5598,1.1662,-9.9635
1.6202,0.40237,0.62703,2.6129,-4.079,-9.6708,1.0272
0.9542,-0.033886,0.79412,1.4756,-3.8569,-5.3721,0.97288
-1.1035,-1.3865,1.2513,-1.8861,-4.1705,8.6747,-3.2482
-0.63332,-0.89442,0.8782,-1.0346,-3.5795,4.6364,-2.9505
0.85339,0.23112,0.16589,1.4109,-2.5508,-6.0926,2.1238
0.59152,-0.057087,0.43085,0.82749,-2.381,-4.0448,1.947
-0.63423,-0.77532,0.69059,-0.99931,-2.8035,3.4072,-0.12828
-0.52148,-0.67949,0.63046,-0.96337,-1.8617,2.6539,-0.095895
0.063391,-0.074943,0.1574,0.12387,-1.0797,-1.3868,-0.94322
0.1287,-0.17648,0.33264,-0.083003,-0.26392,-1.3384,-0.82685
-0.18106,-0.27388,0.31062,-0.55334,0.23496,-0.067939,0.4208
-0.20469,-0.38649,0.42332,-0.84245,0.90042,0.46325,0.41311
-0.20509,-0.25667,0.15616,-0.78665,1.3061,0.64943,-2.9563
