0,0,0,0,0,0,0
-0.011929,0.0055945,0.016165,0.027474,0.16317,0.60707,12.006
-0.037353,0.011396,0.018497,0.05698,0.30647,1.1392,22.804
-0.036182,0.006814,0.011659,0.045552,0.20857,0.89149,20.418
-0.029628,-0.0031645,0.01559,0.032714,0.088753,0.68457,18.275
-0.021311,-0.011524,0.021152,0.020987,-0.015913,0.50142,16.349
-0.010411,-0.024037,0.026196,0.010382,-0.10983,0.33852,14.615
0.00050822,-0.034074,0.032118,0.00076773,-0.19175,0.19649,13.056
0.013428,-0.045764,0.03835,-0.0086025,-0.26672,0.068048,11.653
0.025345,-0.055157,0.044736,-0.017013,-0.33217,-0.042023,10.392
0.038659,-0.064645,0.051742,-0.025571,-0.39222,-0.14248,9.2558
0.050477,-0.072404,0.05834,-0.033195,-0.44458,-0.22709,8.2341
0.063278,-0.079322,0.065768,-0.041218,-0.49296,-0.30672,7.3141
0.036536,-0.085553,0.051463,-0.030155,-0.51646,-0.24436,6.4848
0.017042,-0.091472,0.043526,-0.022938,-0.5472,-0.19928,5.7391
-0.012053,-0.094661,0.022956,-0.0093109,-0.53448,-0.11727,5.0679
0.0028413,-0.092482,0.025761,-0.016648,-0.52793,-0.18377,4.4656
-0.0096568,-0.087578,0.0094576,-0.0096055,-0.484,-0.15595,3.9229
0.0068108,-0.077667,0.013334,-0.017425,-0.46205,-0.22707,3.435
-0.010124,-0.067105,-0.0035823,-0.0082524,-0.41062,-0.18344,2.9946
-0.0044868,-0.056393,-4.1942e-05,-0.011938,-0.40148,-0.21449,2.5988
-0.028192,-0.0467,-0.015728,-0.0004628,-0.36549,-0.14428,2.2412
-0.016137,-0.040824,-0.0050222,-0.0083871,-0.38018,-0.19219,1.9207
-0.032061,-0.035825,-0.013927,-0.0015696,-0.36439,-0.14463,1.631
-0.01417,-0.035902,0.00091007,-0.013115,-0.39509,-0.20901,1.3714
-0.027916,-0.035966,-0.0060557,-0.0079962,-0.39122,-0.16661,1.1363
-0.014887,-0.040602,0.0060108,-0.017689,-0.42569,-0.21283,0.92566
-0.033083,-0.044209,-0.0035571,-0.010756,-0.42327,-0.15439,0.73482
-0.020342,-0.05053,0.0066984,-0.020424,-0.45155,-0.20023,0.56435
-0.037255,-0.054949,-0.0037838,-0.0141,-0.44204,-0.14746,0.40977
-0.019517,-0.065236,0.011054,-0.026629,-0.48814,-0.16404,0.29726
-0.012115,-0.069642,0.021873,-0.034592,-0.52541,-0.16113,0.19481
-0.0091284,-0.079543,0.026955,-0.040849,-0.55623,-0.10011,0.087804
0.0022216,-0.083491,0.036932,-0.051299,-0.57834,-0.089527,-0.0077665
-0.013073,-0.091781,0.034072,-0.050823,-0.59925,-0.080747,-0.075602
-0.026491,-0.096119,0.032801,-0.051047,-0.61261,-0.075762,-0.13597
-0.04194,-0.098464,0.037179,-0.055885,-0.62943,-0.21702,-0.16146
-0.085599,-0.10555,0.024827,-0.045602,-0.64002,-0.22657,-0.18565
-0.09057,-0.095093,0.03802,-0.053508,-0.66046,-0.61989,-0.19398
-0.12129,-0.10273,0.029296,-0.047753,-0.67504,-0.8278,-0.20505
-0.13399,-0.092493,0.033557,-0.048117,-0.68623,-1.2005,-0.27032
-0.13412,-0.096682,0.035378,-0.053954,-0.69289,-1.5179,-0.32902
-0.12207,-0.11305,0.038562,-0.068495,-0.71104,-1.7196,-0.38126
-0.10761,-0.12007,0.04453,-0.083928,-0.72478,-1.8886,-0.43105
-0.080327,-0.13104,0.047931,-0.10199,-0.73173,-1.9048,-0.52174
-0.057464,-0.13755,0.052993,-0.11755,-0.74121,-1.9148,-0.60907
-0.01522,-0.14475,0.061111,-0.1491,-0.70928,-1.9926,-0.71517
0.0012451,-0.1553,0.058355,-0.16519,-0.68194,-1.9825,-0.81698
0.055429,-0.15159,0.075657,-0.20288,-0.66898,-2.0804,-0.91263
0.07712,-0.15812,0.077746,-0.22204,-0.66547,-2.0709,-1.0043
0.11049,-0.14946,0.092228,-0.25072,-0.65649,-1.9691,-1.0504
0.14434,-0.14694,0.10511,-0.27782,-0.64348,-1.9306,-1.0956
0.1478,-0.12757,0.11953,-0.2993,-0.64343,-1.4225,-1.0878
0.15095,-0.1277,0.13029,-0.31358,-0.64831,-1.0349,-1.0827
0.14901,-0.12689,0.13539,-0.32279,-0.64491,-0.34978,-1.1148
0.12755,-0.1285,0.13565,-0.31886,-0.64104,0.25062,-1.1464
0.087927,-0.13558,0.12812,-0.3059,-0.63801,0.085985,-1.1492
0.051239,-0.13676,0.12392,-0.29589,-0.62742,-0.11372,-1.1531
-0.022463,-0.15299,0.10132,-0.26189,-0.63237,-0.60053,-1.1374
-0.076004,-0.15444,0.089688,-0.24222,-0.62747,-1.0483,-1.1232
-0.062243,-0.1528,0.1053,-0.26487,-0.64728,-0.93394,-1.1065
-0.057078,-0.16099,0.11384,-0.2805,-0.66131,-0.82675,-1.0929
-0.057859,-0.16229,0.11913,-0.29446,-0.67441,-0.82056,-1.0845
-0.062713,-0.17007,0.12084,-0.30471,-0.68214,-0.81024,-1.0781
-0.071791,-0.17097,0.12371,-0.3148,-0.69505,-0.80077,-1.0716
-0.083404,-0.17889,0.12356,-0.32195,-0.70285,-0.78855,-1.0669
-0.099876,-0.1793,0.12463,-0.32872,-0.7134,-0.784,-1.0616
-0.11752,-0.18716,0.12308,-0.33328,-0.71937,-0.77645,-1.0579
-0.1396,-0.18687,0.12258,-0.33755,-0.72852,-0.77598,-1.0536
-0.16187,-0.19452,0.11981,-0.34015,-0.73359,-0.77236,-1.0506
-0.1883,-0.19346,0.11826,-0.34259,-0.74082,-0.77261,-1.047
-0.21421,-0.20083,0.1146,-0.34368,-0.7445,-0.7697,-1.0446
-0.24345,-0.19915,0.11196,-0.34451,-0.75192,-0.77428,-1.041
-0.27178,-0.20608,0.10747,-0.34433,-0.75614,-0.77515,-1.0386
-0.30272,-0.20375,0.10406,-0.34398,-0.76432,-0.77977,-1.0353
-0.33248,-0.21019,0.098961,-0.34283,-0.76969,-0.78042,-1.0331
-0.36511,-0.20734,0.094503,-0.34142,-0.77853,-0.78489,-1.0304
-0.39622,-0.21317,0.088641,-0.33937,-0.78501,-0.78545,-1.0286
-0.43024,-0.20978,0.083327,-0.33696,-0.79359,-0.79238,-1.0264
-0.4626,-0.21501,0.076856,-0.33405,-0.80034,-0.79514,-1.025
-0.49767,-0.21131,0.070584,-0.33081,-0.80907,-0.8018,-1.0231
-0.53106,-0.21577,0.063483,-0.32715,-0.81653,-0.8045,-1.0219
-0.56694,-0.21164,0.056117,-0.32303,-0.82422,-0.81461,-1.0203
-0.60097,-0.21529,0.048203,-0.3186,-0.83141,-0.82048,-1.0193
-0.63743,-0.21083,0.039699,-0.31365,-0.84167,-0.82937,-1.0176
-0.67201,-0.21355,0.031032,-0.30846,-0.8519,-0.83414,-1.0164
-0.70909,-0.20848,0.021265,-0.30264,-0.86063,-0.84525,-1.0154
-0.74417,-0.21029,0.011694,-0.29666,-0.87026,-0.85193,-1.0146
-0.78183,-0.2049,0.00068414,-0.2897,-0.87566,-0.86304,-1.0134
-0.8176,-0.20561,-0.0097752,-0.28265,-0.88318,-0.86975,-1.0125
-0.84765,-0.20346,-0.043695,-0.25944,-0.75323,-0.87784,-0.98382
-0.87788,-0.20188,-0.074979,-0.23565,-0.62059,-0.88007,-0.95824
-0.90573,-0.20727,-0.10235,-0.2175,-0.55218,-0.89503,-0.94591
-0.93505,-0.20631,-0.12653,-0.19895,-0.48107,-0.90405,-0.93523
-0.95974,-0.21275,-0.1433,-0.18885,-0.49557,-0.91366,-0.96343
-0.98686,-0.2122,-0.15864,-0.17719,-0.49831,-0.91777,-0.98887
-1.0142,-0.21823,-0.17274,-0.16946,-0.53851,-0.92919,-1.0051
-1.0434,-0.218,-0.18465,-0.16095,-0.57664,-0.93444,-1.0198
-1.0753,-0.22278,-0.20044,-0.15144,-0.61115,-0.94757,-1.0418
-1.1079,-0.2223,-0.21427,-0.1412,-0.64433,-0.9539,-1.0616
-1.1411,-0.22644,-0.23198,-0.12991,-0.67243,-0.96267,-1.0956
-1.1744,-0.22565,-0.24772,-0.11792,-0.7,-0.96491,-1.126
-1.2128,-0.22948,-0.26739,-0.10532,-0.72198,-0.97426,-1.1452
-1.2499,-0.22839,-0.28496,-0.092002,-0.74432,-0.97631,-1.1623
-1.2844,-0.2309,-0.30602,-0.077116,-0.7645,-0.98378,-1.1784
-1.3178,-0.22938,-0.3249,-0.06191,-0.78538,-0.98409,-1.1928
-1.34,-0.23131,-0.34749,-0.046101,-0.80157,-0.98704,-1.167
-1.3628,-0.22937,-0.36754,-0.030256,-0.81873,-0.98408,-1.1439
-1.3854,-0.2319,-0.39183,-0.013507,-0.83039,-0.99765,-1.1113
-1.4081,-0.22959,-0.41314,0.002898,-0.84378,-1.0042,-1.082
-1.4194,-0.2305,-0.43717,0.020006,-0.85555,-1.0135,-1.1225
-1.4327,-0.22784,-0.45821,0.036312,-0.86903,-1.0168,-1.1591
-1.4289,-0.22847,-0.48199,0.052255,-0.87887,-1.0276,-1.1707
-1.4296,-0.22519,-0.50389,0.068451,-0.87608,-1.033,-1.1814
-1.4441,-0.22656,-0.52928,0.085009,-0.8736,-1.0608,-1.203
-1.4575,-0.22269,-0.55292,0.10278,-0.85285,-1.0789,-1.222
-1.4786,-0.22061,-0.57926,0.12295,-0.81906,-1.0983,-1.2394
-1.4965,-0.21645,-0.6036,0.14368,-0.77294,-1.1076,-1.2543
-1.5273,-0.21216,-0.62974,0.16566,-0.72504,-1.1129,-1.2794
-1.5523,-0.20778,-0.65355,0.18778,-0.66982,-1.1087,-1.301
-1.5908,-0.20101,-0.67654,0.2138,-0.62827,-1.1159,-1.2722
-1.6202,-0.19715,-0.69633,0.23653,-0.60465,-1.1125,-1.2449
-1.6461,-0.18706,-0.71548,0.26129,-0.572,-1.0987,-1.2185
-1.6636,-0.18305,-0.73231,0.28303,-0.55296,-1.076,-1.1931
-1.676,-0.17202,-0.74798,0.30606,-0.52656,-1.0646,-1.1718
-1.6813,-0.16803,-0.76173,0.32601,-0.51055,-1.0439,-1.1514
-1.6835,-0.15597,-0.77384,0.34736,-0.48866,-1.0286,-1.1347
-1.6796,-0.15219,-0.78444,0.36549,-0.47512,-1.0037,-1.1184
-1.6726,-0.13905,-0.79277,0.38467,-0.45656,-0.98769,-1.105
-1.6603,-0.13572,-0.80015,0.40055,-0.4448,-0.96161,-1.0918
-1.6438,-0.12186,-0.80422,0.41541,-0.42918,-0.9512,-1.0813
-1.623,-0.11911,-0.80821,0.42714,-0.41868,-0.92963,-1.0709
-1.5994,-0.10474,-0.80853,0.43734,-0.4051,-0.91876,-1.0626
-1.5723,-0.10274,-0.80944,0.44478,-0.3955,-0.89669,-1.0542
-1.5423,-0.088329,-0.80614,0.45015,-0.38352,-0.88858,-1.0477
-1.5095,-0.087175,-0.80413,0.45309,-0.37449,-0.86891,-1.041
-1.4731,-0.073265,-0.79706,0.45028,-0.36393,-0.8519,-1.0359
-1.435,-0.073072,-0.79189,0.44631,-0.35525,-0.82428,-1.0306
-1.3929,-0.059843,-0.78189,0.44272,-0.34658,-0.81602,-1.026
-1.3495,-0.060639,-0.77444,0.43743,-0.33862,-0.79684,-1.0212
-1.3049,-0.048619,-0.76178,0.42924,-0.33018,-0.78726,-1.0181
-1.2591,-0.050364,-0.752,0.41978,-0.32228,-0.76718,-1.0147
-1.2103,-0.04005,-0.73691,0.40684,-0.31381,-0.75312,-1.0122
-1.1609,-0.042858,-0.72486,0.39318,-0.30573,-0.72946,-1.0093
-1.1081,-0.034446,-0.70798,0.37868,-0.29779,-0.7201,-1.007
-1.055,-0.038255,-0.69415,0.36325,-0.29002,-0.70103,-1.0043
-0.99752,-0.032016,-0.67596,0.34611,-0.28265,-0.69088,-1.0022
-0.94025,-0.036866,-0.66065,0.32817,-0.27521,-0.67171,-0.99985
-0.88053,-0.033243,-0.64141,0.30971,-0.26869,-0.66292,-0.99863
-0.82098,-0.038984,-0.62461,0.29029,-0.26163,-0.64498,-0.99692
-0.7688,-0.03628,-0.59608,0.26878,-0.28608,-0.60514,-0.99722
-0.70818,-0.027596,-0.5673,0.24293,-0.30664,-0.59532,-0.99622
-0.65128,-0.038719,-0.54485,0.21876,-0.34791,-0.55943,-0.99621
-0.58646,-0.038584,-0.51958,0.19072,-0.38132,-0.55217,-0.99489
-0.52595,-0.046562,-0.49495,0.16579,-0.42542,-0.51355,-0.99501
-0.45896,-0.048896,-0.47073,0.13648,-0.46049,-0.50886,-0.99415
-0.39694,-0.058684,-0.44683,0.11105,-0.49331,-0.46521,-0.99418
-0.32637,-0.054851,-0.41943,0.080992,-0.51757,-0.45988,-0.99335
-0.26094,-0.067721,-0.39713,0.055579,-0.53027,-0.41632,-0.99387
-0.18921,-0.073163,-0.37472,0.025509,-0.53518,-0.40969,-0.99383
-0.12089,-0.080178,-0.34976,0.00096887,-0.52602,-0.36687,-0.99437
-0.04665,-0.081657,-0.32536,-0.027942,-0.51149,-0.35838,-0.99453
0.022525,-0.094733,-0.30453,-0.051982,-0.48466,-0.31713,-0.99531
0.096347,-0.095308,-0.28144,-0.079863,-0.4548,-0.30772,-0.99579
0.16454,-0.1107,-0.26285,-0.10392,-0.41799,-0.26809,-0.99628
0.23684,-0.12328,-0.24647,-0.13178,-0.37928,-0.26185,-0.99665
0.30935,-0.14011,-0.2288,-0.15614,-0.34159,-0.22182,-0.99703
0.38801,-0.13785,-0.20451,-0.18394,-0.30447,-0.21676,-0.99721
0.45759,-0.16614,-0.19258,-0.20773,-0.27537,-0.17968,-0.99815
0.53579,-0.16901,-0.17098,-0.23483,-0.2469,-0.1772,-0.9988
0.60428,-0.20017,-0.16241,-0.2579,-0.23184,-0.14408,-0.99939
0.68139,-0.19939,-0.14018,-0.28369,-0.216,-0.14172,-0.99981
0.75085,-0.22607,-0.13028,-0.30572,-0.21735,-0.10885,-1.0002
0.82763,-0.23219,-0.11334,-0.33005,-0.21528,-0.10925,-1.0006
0.89609,-0.25611,-0.1037,-0.34998,-0.22883,-0.078048,-1.0006
0.96804,-0.26883,-0.092453,-0.37186,-0.23655,-0.081104,-1.0009
1.0338,-0.29789,-0.087746,-0.38917,-0.25653,-0.050991,-1.0011
1.1075,-0.30076,-0.073074,-0.4077,-0.26958,-0.052858,-1.0015
1.1699,-0.33402,-0.073973,-0.42171,-0.29283,-0.020028,-1.0018
1.2381,-0.34322,-0.066722,-0.43689,-0.30759,-0.026693,-1.0023
1.3035,-0.38932,-0.091735,-0.45874,-0.32926,-0.095157,-1.0206
1.3696,-0.42208,-0.10905,-0.4768,-0.33938,-0.15752,-1.0371
1.4266,-0.47655,-0.14074,-0.49087,-0.36051,-0.23577,-1.0484
1.485,-0.51424,-0.16332,-0.50142,-0.37001,-0.30723,-1.0586
1.538,-0.56167,-0.19373,-0.50988,-0.38808,-0.36067,-1.0606
1.5924,-0.5906,-0.21431,-0.51454,-0.39547,-0.41,-1.0624
1.641,-0.62114,-0.23997,-0.51418,-0.4113,-0.45776,-1.0684
1.6909,-0.63279,-0.25597,-0.51037,-0.41705,-0.50136,-1.0736
1.7363,-0.64418,-0.27676,-0.50451,-0.43065,-0.53752,-1.0843
1.7827,-0.63757,-0.28873,-0.49508,-0.43507,-0.57058,-1.0938
1.8225,-0.63339,-0.30766,-0.4807,-0.44641,-0.60539,-1.107
1.8626,-0.61247,-0.31865,-0.46321,-0.4492,-0.63728,-1.1187
1.8929,-0.59919,-0.34001,-0.44134,-0.45785,-0.65885,-1.1119
1.9231,-0.57036,-0.35427,-0.41667,-0.45906,-0.6786,-1.1054
1.9411,-0.55467,-0.38124,-0.38786,-0.46999,-0.69816,-1.1037
1.9587,-0.52413,-0.40165,-0.35653,-0.47287,-0.71642,-1.1017
1.9632,-0.51056,-0.43661,-0.322,-0.48313,-0.74301,-1.1122
1.9672,-0.48241,-0.46518,-0.28527,-0.48575,-0.76752,-1.1212
1.9548,-0.47238,-0.509,-0.24538,-0.49564,-0.79282,-1.129
1.9421,-0.44788,-0.54611,-0.20368,-0.49825,-0.81616,-1.1354
1.9136,-0.44084,-0.59802,-0.15858,-0.50753,-0.82976,-1.1475
1.885,-0.41947,-0.6426,-0.11227,-0.50999,-0.84284,-1.1577
1.8407,-0.41319,-0.70017,-0.064174,-0.51836,-0.8475,-1.1646
1.7968,-0.39301,-0.74985,-0.015298,-0.52047,-0.85284,-1.17
1.7389,-0.38514,-0.81049,0.035845,-0.52769,-0.84938,-1.161
1.6819,-0.36422,-0.86268,0.086634,-0.52943,-0.84836,-1.1519
1.6126,-0.35318,-0.92369,0.13858,-0.53541,-0.86328,-1.1488
1.5449,-0.33027,-0.97606,0.18974,-0.53637,-0.87738,-1.1451
1.4665,-0.3152,-1.0357,0.24241,-0.53963,-0.87875,-1.13
1.3904,-0.28991,-1.0863,0.29365,-0.53901,-0.88023,-1.1154
1.2972,-0.28409,-1.1527,0.34816,-0.49742,-0.88506,-1.1037
1.2051,-0.27233,-1.2121,0.39902,-0.49745,-0.88911,-1.0922
1.1101,-0.26592,-1.2758,0.45077,-0.44548,-0.89377,-1.0731
1.0168,-0.25356,-1.3319,0.4986,-0.44485,-0.89784,-1.0549
0.92042,-0.23838,-1.3861,0.54598,-0.43109,-0.90382,-1.0292
0.82731,-0.21903,-1.433,0.58992,-0.4338,-0.90851,-1.0051
0.73642,-0.19486,-1.4735,0.63254,-0.41864,-0.91531,-1.0152
0.64957,-0.16867,-1.507,0.67138,-0.42234,-0.92061,-1.0235
0.5638,-0.13994,-1.5332,0.70883,-0.36283,-0.94129,-0.98946
0.483,-0.11111,-1.5532,0.7417,-0.36387,-0.95834,-0.95789
0.40542,-0.082455,-1.57,0.77205,-0.37968,-0.96794,-0.97282
0.33246,-0.054665,-1.5815,0.79869,-0.38495,-0.97596,-0.98536
0.25682,-0.03117,-1.5911,0.82261,-0.39923,-0.99515,-0.95626
0.18662,-0.0092232,-1.5966,0.84255,-0.4038,-1.0113,-0.92927
0.11791,0.0096033,-1.6015,0.85993,-0.40818,-1.0274,-0.9343
0.05425,0.026763,-1.6026,0.87307,-0.41052,-1.0415,-0.93802
-0.011313,0.039145,-1.6032,0.8836,-0.40074,-1.0662,-0.94695
-0.069154,0.050672,-1.5979,0.88944,-0.40181,-1.0846,-0.95414
-0.12207,0.061133,-1.59,0.89297,-0.38743,-1.1025,-0.93371
-0.17076,0.070328,-1.5794,0.89222,-0.38771,-1.1179,-0.91461
-0.22287,0.07885,-1.5721,0.88998,-0.38141,-1.1401,-0.91623
-0.27016,0.085458,-1.5619,0.8835,-0.38313,-1.1599,-0.9169
-0.31815,0.09071,-1.5516,0.87552,-0.38113,-1.1818,-0.92188
-0.36102,0.093986,-1.539,0.86333,-0.3839,-1.2015,-0.9257
-0.40356,0.098327,-1.5264,0.8495,-0.38251,-1.2247,-0.92704
-0.44136,0.10027,-1.5118,0.83201,-0.38563,-1.2464,-0.9277
-0.47749,0.10329,-1.4945,0.81276,-0.38306,-1.2688,-0.95236
-0.51033,0.10374,-1.4761,0.79022,-0.38585,-1.291,-0.97406
-0.54368,0.10444,-1.458,0.76521,-0.34868,-1.3159,-0.98358
-0.57355,0.1027,-1.439,0.73793,-0.34955,-1.3412,-0.9916
-0.61264,0.090821,-1.4107,0.70582,-0.2153,-1.1398,-0.99269
-0.6387,0.091471,-1.3959,0.66943,-0.096534,-1.1145,-0.9933
-0.66725,0.084033,-1.3696,0.63177,0.012883,-1.0262,-0.99429
-0.69055,0.080038,-1.3506,0.59152,0.10902,-1.0209,-0.99459
-0.71548,0.067997,-1.3227,0.55797,-0.00098593,-0.92246,-0.99524
-0.73425,0.062307,-1.3024,0.52289,-0.1013,-0.93126,-0.99591
-0.75617,0.0474,-1.2689,0.48651,-0.17641,-0.82788,-0.99782
-0.77176,0.040182,-1.2428,0.44117,-0.059449,-0.83596,-0.99926
-0.79131,0.02409,-1.2056,0.39499,0.015874,-0.74843,-0.99993
-0.8045,0.015457,-1.1749,0.34841,0.081682,-0.75609,-1.0004
-0.82113,-0.00048493,-1.1391,0.30897,-0.026226,-0.67861,-1.0015
-0.83216,-0.0095171,-1.1084,0.26953,-0.12386,-0.68438,-1.003
-0.84852,-0.026173,-1.0652,0.224,-0.11006,-0.62805,-1.0046
-0.85957,-0.036966,-1.0258,0.17415,0.00046079,-0.63427,-1.006
-0.87379,-0.052763,-0.98902,0.12965,-0.013569,-0.57888,-1.0068
-0.88394,-0.062927,-0.95602,0.085399,-0.011,-0.58721,-1.0078
-0.89898,-0.07947,-0.92378,0.044957,-0.088627,-0.53581,-1.0077
-0.90919,-0.089815,-0.89263,0.0014661,-0.06938,-0.54417,-1.0076
-0.92599,-0.10577,-0.85969,-0.044725,-0.00035485,-0.49842,-1.0079
-0.93724,-0.11524,-0.82718,-0.088441,0.061912,-0.50458,-1.0078
-0.95429,-0.12955,-0.79768,-0.12308,-0.044744,-0.47454,-1.0059
-0.96645,-0.13878,-0.7671,-0.15581,-0.13999,-0.48022,-1.0048
-0.98628,-0.15236,-0.7353,-0.19918,-0.026527,-0.45093,-1.0057
-1.0004,-0.16027,-0.70198,-0.23985,0.075785,-0.45618,-1.0068
-1.0206,-0.17129,-0.67794,-0.26782,-0.032076,-0.43035,-1.007
-1.0356,-0.17722,-0.65149,-0.29398,-0.11659,-0.43556,-1.0079
-1.0583,-0.18696,-0.62223,-0.32906,-0.033949,-0.42441,-1.0069
-1.0755,-0.19247,-0.58955,-0.36261,0.06901,-0.42917,-1.0061
-1.0988,-0.19929,-0.5676,-0.38176,-0.037059,-0.40572,-1.0073
-1.1163,-0.20096,-0.54257,-0.39968,-0.10315,-0.41002,-1.009
-1.1663,-0.2207,-0.52091,-0.4164,-0.1974,-0.30712,-0.82053
-1.2123,-0.23738,-0.49908,-0.43144,-0.26503,-0.21577,-0.83334
-1.2511,-0.24142,-0.49688,-0.44375,-0.29082,-0.2068,-0.65044
-1.2897,-0.24785,-0.48913,-0.45636,-0.28434,-0.16418,-0.63999
-1.3292,-0.24511,-0.48401,-0.46792,-0.23894,-0.16065,-0.47583
-1.3678,-0.24463,-0.4744,-0.47877,-0.17331,-0.12873,-0.34184
-1.3986,-0.23968,-0.46701,-0.48562,-0.1054,-0.16188,-0.20762
-1.4307,-0.23932,-0.45377,-0.49158,-0.032579,-0.13775,-0.086886
-1.4618,-0.23042,-0.44558,-0.49185,0.0040406,-0.17298,-0.025478
-1.4941,-0.22671,-0.43171,-0.49066,0.037717,-0.14617,-0.041856
-1.5136,-0.21452,-0.42366,-0.48106,0.01385,-0.17391,0.061476
-1.535,-0.20748,-0.41026,-0.47076,-0.0070124,-0.14561,0.064922
-1.545,-0.19066,-0.39888,-0.45261,-0.083907,-0.16668,0.080873
-1.5575,-0.17909,-0.38312,-0.43517,-0.14145,-0.13861,0.065408
-1.5706,-0.15991,-0.37117,-0.4139,-0.21864,-0.15386,0.0713
-1.5851,-0.1456,-0.35584,-0.39417,-0.2615,-0.12689,0.041734
-1.5975,-0.12579,-0.34304,-0.3731,-0.28106,-0.16853,0.070156
-1.6125,-0.11293,-0.32587,-0.3546,-0.26529,-0.14401,0.032112
-1.6262,-0.0925,-0.31758,-0.33564,-0.21109,-0.16838,0.12822
-1.6412,-0.078055,-0.30593,-0.31798,-0.13651,-0.14017,0.096374
-1.6504,-0.056927,-0.30094,-0.2971,-0.058165,-0.14862,0.18661
-1.6601,-0.040778,-0.29386,-0.27671,0.021769,-0.12074,0.2664
-1.6639,-0.020349,-0.29297,-0.251,0.049811,-0.15211,0.33919
-1.6697,-0.0068004,-0.28889,-0.22588,0.072129,-0.12835,0.40457
-1.6674,0.013934,-0.28759,-0.19277,0.019603,-0.14639,0.46356
-1.6669,0.028392,-0.28438,-0.16125,-0.026682,-0.121,0.51639
-1.671,0.049738,-0.28649,-0.12689,-0.11965,-0.14217,0.55096
-1.6758,0.064266,-0.28683,-0.095143,-0.19016,-0.11735,0.53428
-1.6704,0.083491,-0.29212,-0.061613,-0.25518,-0.14491,0.56838
-1.6668,0.095547,-0.29498,-0.032852,-0.28194,-0.12174,0.54733
-1.6475,0.092378,-0.31079,-0.011564,-0.15169,-0.23535,0.39109
-1.6285,0.091964,-0.32854,0.0087782,-0.033859,-0.33587,0.25095
-1.6044,0.11367,-0.34598,0.028035,0.070517,-0.44687,0.12465
-1.5824,0.13277,-0.36626,0.046471,0.1648,-0.54664,0.011371
-1.5566,0.17795,-0.3819,0.078406,0.050754,-0.64081,-0.092152
-1.5342,0.21479,-0.40215,0.10876,-0.050876,-0.72509,-0.18454
-1.5074,0.25414,-0.41578,0.12573,0.027045,-0.80956,-0.26792
-1.4842,0.28549,-0.43521,0.14305,0.080323,-0.88589,-0.34324
-1.4563,0.31541,-0.45228,0.1718,-0.023632,-0.94606,-0.41064
-1.4325,0.33797,-0.47498,0.19833,-0.11456,-1.0017,-0.47228
-1.4042,0.33419,-0.48988,0.21149,-0.032351,-1.0423,-0.52891
-1.3791,0.32946,-0.51033,0.22005,0.074834,-1.081,-0.58014
-1.35,0.33242,-0.53262,0.24237,-0.028819,-1.1245,-0.6259
-1.3243,0.33282,-0.56,0.26271,-0.12072,-1.166,-0.66834
-1.294,0.32102,-0.57927,0.27192,-0.078346,-1.2089,-0.70807
-1.2667,0.30976,-0.60358,0.27304,0.034176,-1.2511,-0.74411
-1.2348,0.29361,-0.61975,0.28908,-0.064652,-1.265,-0.77566
-1.2055,0.2788,-0.64109,0.3001,-0.11542,-1.2817,-0.80524
-1.172,0.25991,-0.66091,0.2997,-0.036883,-1.2631,-0.82883
-1.1412,0.24262,-0.68481,0.29475,0.062811,-1.2529,-0.85107
-1.1072,0.25703,-0.70474,0.30552,-0.040035,-1.2534,-0.87044
-1.0766,0.2661,-0.72971,0.31459,-0.13031,-1.2589,-0.88978
-1.0405,0.19796,-0.74323,0.31049,-0.069698,-1.2945,-0.90477
-1.0052,0.1432,-0.76058,0.29923,0.046087,-1.332,-0.9189
-0.97155,0.163,-0.77715,0.30623,-0.056749,-1.3497,-0.92716
-0.9405,0.17774,-0.79846,0.30745,-0.10146,-1.3716,-0.93664
-0.90388,0.12512,-0.81483,0.30077,-0.055571,-1.3708,-0.95239
-0.86835,0.082532,-0.83441,0.28802,0.035586,-1.377,-0.96721
-0.83465,0.080384,-0.85325,0.29189,-0.049289,-1.3733,-0.9747
-0.80263,0.078404,-0.87521,0.28987,-0.079844,-1.3779,-0.98317
-0.77785,0.096573,-0.88319,0.26094,0.02877,-1.1809,-0.94708
-0.75377,0.10707,-0.89541,0.23231,0.12883,-1.0108,-0.91595
-0.73017,0.1143,-0.90514,0.21337,0.14085,-0.85098,-0.91686
-0.70639,0.11664,-0.91897,0.20914,0.036405,-0.71356,-0.9201
-0.67985,0.11757,-0.93406,0.20252,-0.032689,-0.57527,-0.89826
-0.65457,0.11523,-0.95134,0.19244,-0.065222,-0.45477,-0.87953
-0.62824,0.11192,-0.96433,0.16514,0.044396,-0.32956,-0.86756
-0.60309,0.10663,-0.97919,0.14038,0.13876,-0.22054,-0.85728
-0.57606,0.10094,-0.99287,0.13894,0.050633,-0.091448,-0.89749
-0.55045,0.093927,-1.0078,0.13959,-0.044978,0.021131,-0.93426
-0.52509,0.086789,-1.0195,0.12461,0.0019834,0.098925,-0.94681
-0.49856,0.087207,-1.0356,0.11674,0.027889,0.11558,-0.95809
-0.46434,0.10903,-1.0606,0.11724,0.07042,-0.0017362,-0.94722
-0.4328,0.12742,-1.0863,0.12844,0.022837,-0.096321,-0.93829
-0.40734,0.11785,-1.0912,0.12445,-0.0071994,-0.013865,-0.93092
-0.38349,0.10903,-1.0983,0.12247,-0.041732,0.057957,-0.92465
-0.35715,0.11908,-1.1161,0.11358,0.067051,-0.03212,-0.92959
-0.3342,0.12372,-1.133,0.10723,0.14138,-0.079481,-0.93421
-0.31472,0.11597,-1.1431,0.11145,0.078604,0.020352,-0.97532
-0.29651,0.1093,-1.1546,0.12199,-0.021572,0.10653,-1.013
-0.27082,0.13046,-1.1776,0.12587,0.047483,-0.020242,-0.9982
-0.24828,0.14689,-1.1997,0.13719,0.045926,-0.11242,-0.98549
-0.23228,0.14228,-1.2057,0.13822,0.050627,-0.027844,-0.98675
-0.21739,0.13884,-1.2137,0.14865,-0.0088049,0.043548,-0.98871
-0.20115,0.14815,-1.229,0.14755,0.080129,0.034786,-0.9501
-0.18424,0.16186,-1.2472,0.16234,0.065514,-0.010039,-0.91614
-0.16725,0.17324,-1.2628,0.1784,0.034558,-0.018785,-0.92205
-0.15332,0.18192,-1.2778,0.2002,-0.046715,-0.0097068,-0.92812
-0.14353,0.18736,-1.2873,0.19704,0.059077,0.055992,-0.89433
-0.13185,0.20051,-1.3011,0.20741,0.093954,0.057975,-0.86431
-0.11228,0.22985,-1.3174,0.24275,-0.0050739,-0.042627,-0.68272
-0.095643,0.25681,-1.334,0.27682,-0.093898,-0.13103,-0.51961
-0.076906,0.28463,-1.3442,0.29019,-0.0071635,-0.18657,-0.36731
-0.061596,0.31007,-1.3555,0.30339,0.077295,-0.23629,-0.23043
-0.045088,0.33528,-1.3643,0.33544,0.0088666,-0.29222,-0.11967
-0.031999,0.35857,-1.375,0.36771,-0.059893,-0.3423,-0.012421
-0.018592,0.38278,-1.3815,0.38425,-0.00099413,-0.4196,-0.11291
-0.0082549,0.40568,-1.3903,0.40114,0.055041,-0.4896,-0.1238
0.0033703,0.42914,-1.3968,0.4317,0.0068463,-0.53633,-0.17706
0.012006,0.45119,-1.4055,0.46228,-0.040124,-0.57919,-0.10582
0.022312,0.47476,-1.407,0.48147,0.0039175,-0.62227,-0.14969
0.029882,0.49688,-1.4111,0.50105,0.04307,-0.66203,-0.08855
0.041196,0.51975,-1.4119,0.53038,0.0077145,-0.69667,-0.18332
0.050974,0.54111,-1.4137,0.55975,-0.02739,-0.72888,-0.1264
0.064806,0.56348,-1.4053,0.58088,0.0041966,-0.76486,-0.16327
0.076772,0.58423,-1.3989,0.602,0.032744,-0.79817,-0.092584
0.095998,0.6052,-1.3822,0.63003,0.007573,-0.78421,-0.18618
0.11227,0.62387,-1.3681,0.65761,-0.01808,-0.77422,-0.13516
0.13545,0.64229,-1.3424,0.67873,0.0053942,-0.76476,-0.17029
0.15507,0.65849,-1.3203,0.69943,0.024635,-0.7584,-0.095644
0.18165,0.67394,-1.2846,0.72482,0.0049672,-0.78995,-0.18763
0.20453,0.68755,-1.2538,0.7496,-0.014297,-0.81963,-0.1347
0.23389,0.70091,-1.2131,0.76852,0.0071075,-0.77242,-0.18731
0.25856,0.71153,-1.1775,0.78692,0.021675,-0.7345,-0.11177
0.28706,0.72094,-1.1363,0.80899,0.011249,-0.76779,-0.19523
0.31162,0.72872,-1.1001,0.83122,-0.0074296,-0.7994,-0.12808
0.33796,0.73683,-1.0589,0.84911,0.0054071,-0.8236,-0.18625
0.3607,0.7432,-1.0227,0.8664,0.012919,-0.84748,-0.1139
0.38324,0.75039,-0.98921,0.88432,0.017495,-0.85615,-0.18698
0.40293,0.75556,-0.95813,0.90317,0.0056304,-0.86736,-0.12106
0.40579,0.73417,-0.91935,0.89623,0.031177,-0.6691,-0.0097039
0.40735,0.71409,-0.88502,0.89274,0.031386,-0.49664,0.088607
0.40277,0.69614,-0.85618,0.88737,0.042614,-0.33069,-0.023748
0.39764,0.67981,-0.8298,0.88359,0.041371,-0.18585,-0.11119
0.39202,0.67207,-0.80956,0.88268,0.053858,-0.092826,-0.015609
0.38869,0.66937,-0.79223,0.88683,0.052903,-0.04532,0.069068
0.38558,0.66969,-0.77723,0.89101,0.061876,-0.011308,-0.031227
0.38319,0.67212,-0.76399,0.89781,0.059635,-0.0034839,-0.082095
0.37983,0.67318,-0.75036,0.90131,0.068156,0.023272,2.1879e-06
0.37774,0.67677,-0.73853,0.90789,0.066459,0.018941,0.059365
0.37553,0.67726,-0.72516,0.91093,0.072412,0.031147,-0.038334
0.37392,0.67935,-0.71336,0.91592,0.070004,0.021399,-0.081354
0.37189,0.67782,-0.69886,0.91684,0.075607,0.028807,0.008216
0.37001,0.67756,-0.68578,0.91926,0.07374,0.018717,0.066291
0.36867,0.67433,-0.66961,0.91843,0.077224,0.032237,-0.042099
0.36802,0.67299,-0.65559,0.91958,0.074985,0.023028,-0.089381
0.3676,0.6682,-0.63809,0.91733,0.078891,0.027023,0.018879
0.36713,0.66445,-0.62254,0.91616,0.076954,0.017211,0.082556
0.36694,0.65783,-0.60389,0.91193,0.078939,0.034938,-0.028472
0.36763,0.65364,-0.5879,0.91004,0.076495,0.025641,-0.10398
0.3679,0.64607,-0.56899,0.90492,0.078865,0.031301,0.0069061
0.36821,0.63992,-0.55238,0.90104,0.077118,0.020208,0.090822
0.36706,0.63087,-0.53361,0.894,0.078106,0.0362,-0.020591
0.36688,0.62428,-0.51754,0.88924,0.075978,0.026387,-0.098403
0.36489,0.61487,-0.50016,0.88083,0.077838,0.028248,0.0073499
0.36291,0.60663,-0.48498,0.87346,0.076092,0.017632,0.080308
0.35835,0.59644,-0.46929,0.86309,0.077877,0.027525,-0.031845
0.35463,0.58805,-0.45592,0.85461,0.075695,0.01936,-0.091168
0.34876,0.57817,-0.44321,0.84307,0.078726,0.023251,0.010466
0.34335,0.56948,-0.43208,0.83297,0.076821,0.015135,0.077882
0.32795,0.5735,-0.44552,0.83775,0.012909,-0.02638,-0.029453
0.3104,0.57346,-0.45643,0.83742,-0.046671,-0.044442,-0.12481
0.27154,0.57087,-0.48218,0.82965,-0.12874,0.017117,-0.17504
0.23793,0.57014,-0.50597,0.82344,-0.2026,0.04923,-0.22025
0.20734,0.58514,-0.54879,0.83115,-0.26606,-0.02071,-0.35575
0.17766,0.59587,-0.58597,0.83357,-0.32444,-0.068312,-0.47771
0.13305,0.59534,-0.62404,0.81843,-0.38099,0.0067348,-0.43655
0.093491,0.59576,-0.65816,0.8039,-0.43219,0.060035,-0.39955
0.068709,0.60857,-0.69335,0.80612,-0.47401,0.0011763,-0.39917
0.046388,0.61952,-0.72406,0.80611,-0.51253,-0.053917,-0.3988
0.019711,0.61425,-0.74038,0.78996,-0.55138,0.0031472,-0.50852
-0.0040775,0.6096,-0.75411,0.77345,-0.58724,0.046308,-0.60729
-0.0096242,0.60927,-0.75477,0.77016,-0.61586,0.0027431,-0.6282
-0.01511,0.60828,-0.75452,0.76504,-0.64239,-0.038631,-0.64695
-0.01897,0.59217,-0.73697,0.74655,-0.67077,0.0071616,-0.65693
-0.022927,0.57784,-0.72093,0.72855,-0.69655,0.038505,-0.66598
-0.011975,0.56485,-0.69567,0.72133,-0.71517,0.0051454,-0.64238
-0.0032593,0.55274,-0.67295,0.7131,-0.73218,-0.029035,-0.62115
0.0024977,0.53098,-0.64015,0.69411,-0.74934,0.0033253,-0.58725
0.0064076,0.51115,-0.61064,0.67517,-0.76517,0.026786,-0.55681
0.016058,0.49444,-0.58212,0.66459,-0.77677,0.0092696,-0.58259
0.02418,0.47956,-0.55658,0.65418,-0.78746,-0.015304,-0.60579
0.027826,0.46243,-0.5343,0.63848,-0.79804,-0.0022519,-0.61846
0.029477,0.44638,-0.51361,0.6218,-0.80803,0.0088668,-0.62994
0.027907,0.43401,-0.49627,0.60794,-0.81629,0.006044,-0.59023
0.026204,0.42289,-0.48063,0.59452,-0.82408,-0.0034799,-0.55452
0.020605,0.41372,-0.47154,0.5799,-0.83274,0.0014754,-0.49118
0.014914,0.40509,-0.46318,0.56519,-0.84093,0.0020916,-0.43426
0.0047217,0.39907,-0.46338,0.55078,-0.848,0.0072358,-0.40071
-0.0042372,0.39385,-0.46322,0.5373,-0.85473,0.0029013,-0.37052
-0.0013862,0.39866,-0.46825,0.51371,-0.6654,-0.080283,-0.41511
0.0023019,0.40066,-0.46986,0.49077,-0.49518,-0.15582,-0.45532
0.0051439,0.40189,-0.47258,0.46912,-0.33857,-0.22468,-0.47751
0.00859,0.40098,-0.47223,0.44818,-0.19718,-0.28838,-0.49764
0.010887,0.40003,-0.47297,0.42846,-0.07064,-0.33812,-0.51156
0.01366,0.39731,-0.47087,0.40936,0.044166,-0.38522,-0.52428
0.014576,0.3947,-0.46949,0.39662,0.11396,-0.42261,-0.53701
0.015258,0.39071,-0.46463,0.39861,0.075747,-0.45242,-0.54966
0.01534,0.38726,-0.46216,0.40931,-0.022433,-0.49695,-0.56765
0.016175,0.3827,-0.45739,0.41847,-0.10884,-0.53996,-0.584
0.017603,0.37976,-0.45498,0.39993,0.0054435,-0.57952,-0.54345
0.019696,0.37549,-0.45042,0.38207,0.11004,-0.61768,-0.50706
0.018506,0.3712,-0.44733,0.39182,0.011907,-0.62866,-0.45186
0.018025,0.36581,-0.44225,0.39988,-0.073828,-0.64174,-0.40269
0.017909,0.36221,-0.44009,0.3865,-0.0072453,-0.67321,-0.47327
0.018776,0.35756,-0.43585,0.37172,0.06679,-0.70491,-0.53669
0.017033,0.35351,-0.43408,0.37446,0.0069912,-0.72226,-0.61309
0.016178,0.3486,-0.43039,0.37724,-0.0488,-0.74023,-0.68254
0.015209,0.3453,-0.42901,0.36713,-0.0063534,-0.75329,-0.61836
0.015151,0.34099,-0.42586,0.35574,0.043103,-0.76851,-0.56087
0.012741,0.33816,-0.42343,0.35555,0.006271,-0.78602,-0.52466
0.011479,0.33429,-0.41943,0.35589,-0.029284,-0.80403,-0.49232
0.010669,0.3321,-0.41892,0.34831,-0.005494,-0.81439,-0.53031
0.010806,0.32874,-0.41672,0.3398,0.025353,-0.82669,-0.56451
0.0091908,0.32599,-0.4164,0.33859,0.0075785,-0.82905,-0.60928
0.0083978,0.32224,-0.41434,0.338,-0.012587,-0.83331,-0.64952
0.0071177,0.32032,-0.41377,0.33286,-0.0054547,-0.84531,-0.60554
0.0068722,0.3173,-0.41152,0.32692,0.010047,-0.85886,-0.56611
0.0058671,0.31518,-0.40994,0.32367,0.0091392,-0.85741,-0.62305
0.0055947,0.31191,-0.40685,0.32135,0.0030439,-0.85807,-0.67408
-0.012664,0.28065,-0.37566,0.28635,-0.083959,-0.6858,-0.63948
-0.032088,0.25496,-0.35399,0.25401,-0.1584,-0.53402,-0.60831
-0.050135,0.22894,-0.32994,0.22366,-0.2375,-0.38602,-0.63747
-0.068483,0.2073,-0.3126,0.19557,-0.30699,-0.25506,-0.66344
-0.083775,0.18671,-0.29353,0.16994,-0.37418,-0.12963,-0.54995
-0.09921,0.16943,-0.27926,0.14621,-0.43387,-0.018218,-0.44786
-0.10983,0.15442,-0.26559,0.12857,-0.48801,0.065338,-0.55838
-0.11063,0.14788,-0.25693,0.12756,-0.53361,0.077,-0.65801
-0.094424,0.15191,-0.25066,0.15369,-0.5744,-0.019708,-0.64774
-0.084882,0.15157,-0.24272,0.16845,-0.61297,-0.07343,-0.63801
-0.095917,0.1377,-0.23021,0.14959,-0.65467,0.013317,-0.67049
-0.10225,0.12876,-0.22142,0.13924,-0.69047,0.059681,-0.7
-0.093716,0.13107,-0.21977,0.15335,-0.71597,-0.0012454,-0.67876
-0.087801,0.1305,-0.21546,0.16163,-0.73979,-0.041694,-0.65929
-0.094143,0.12275,-0.20855,0.15163,-0.76782,-0.0076221,-0.66057
-0.099358,0.11595,-0.20225,0.142,-0.78644,0.018917,-0.66153
-0.098724,0.1152,-0.20067,0.14324,-0.79723,0.0050492,-0.67096
-0.097437,0.11344,-0.19735,0.14241,-0.79987,-0.0083344,-0.67923
-0.099248,0.1107,-0.19424,0.13687,-0.79752,-0.0090138,-0.67502
-0.10129,0.10683,-0.19001,0.12845,-0.78852,-0.0043813,-0.67089
-0.10335,0.10427,-0.18845,0.12058,-0.77546,0.002113,-0.70046
