-0.4,-0.4,-0.46,-0.46,-0.4995,-0.4995,-0.49995
-0.41818,-0.3914,-0.45023,-0.44395,-0.49897,-0.49888,-0.49966
-0.45231,-0.38261,-0.44888,-0.43135,-0.49894,-0.49877,-0.49944
-0.45095,-0.38954,-0.45289,-0.43553,-0.49896,-0.49882,-0.49949
-0.44292,-0.40487,-0.45056,-0.44129,-0.49905,-0.49886,-0.49953
-0.43177,-0.41758,-0.44738,-0.44747,-0.49962,-0.4989,-0.49957
-0.41591,-0.43553,-0.44463,-0.45365,-0.49999,-0.49893,-0.49961
-0.39922,-0.44844,-0.44158,-0.45953,-0.50004,-0.49896,-0.49964
-0.37959,-0.4614,-0.43862,-0.46527,-0.50005,-0.4991,-0.49967
-0.3627,-0.47011,-0.43586,-0.47026,-0.50007,-0.49979,-0.49969
-0.3462,-0.47744,-0.43315,-0.47504,-0.50008,-0.50001,-0.49971
-0.33404,-0.48244,-0.43091,-0.47895,-0.50009,-0.50004,-0.49974
-0.32353,-0.48623,-0.42871,-0.48266,-0.5001,-0.50006,-0.49975
-0.34863,-0.48916,-0.43325,-0.47743,-0.5001,-0.50005,-0.49977
-0.3743,-0.49158,-0.43636,-0.47361,-0.50011,-0.50004,-0.49979
-0.41837,-0.49274,-0.44638,-0.4657,-0.50011,-0.49999,-0.4998
-0.39563,-0.49196,-0.44486,-0.47005,-0.50011,-0.50003,-0.49981
-0.41477,-0.49002,-0.45421,-0.46588,-0.5001,-0.50002,-0.49982
-0.38955,-0.48537,-0.45189,-0.4705,-0.50009,-0.50004,-0.49983
-0.41548,-0.47912,-0.4622,-0.46506,-0.50008,-0.50003,-0.49984
-0.4069,-0.47115,-0.46003,-0.46728,-0.50008,-0.50004,-0.49985
-0.44106,-0.46234,-0.46952,-0.46029,-0.50007,-0.50002,-0.49986
-0.42439,-0.45621,-0.46309,-0.46514,-0.50008,-0.50004,-0.49986
-0.44598,-0.45053,-0.46846,-0.46097,-0.50007,-0.50002,-0.49987
-0.42151,-0.45062,-0.45944,-0.46798,-0.50008,-0.50004,-0.49987
-0.4407,-0.4507,-0.46372,-0.4649,-0.50008,-0.50003,-0.49988
-0.42256,-0.45597,-0.45631,-0.47065,-0.50009,-0.50004,-0.49988
-0.44724,-0.45981,-0.46219,-0.46657,-0.50008,-0.50002,-0.49989
-0.43041,-0.46601,-0.45589,-0.47221,-0.50009,-0.50004,-0.49989
-0.4522,-0.46993,-0.46233,-0.46856,-0.50009,-0.50002,-0.49989
-0.42925,-0.47785,-0.45325,-0.4756,-0.5001,-0.50003,-0.49989
-0.41846,-0.48076,-0.44698,-0.47963,-0.50011,-0.50002,-0.4999
-0.41397,-0.48634,-0.44422,-0.4825,-0.50011,-0.49997,-0.4999
-0.39658,-0.48823,-0.43927,-0.48669,-0.50012,-0.49995,-0.49996
-0.41989,-0.49169,-0.44062,-0.48651,-0.50012,-0.49993,-0.49999
-0.43883,-0.49325,-0.44124,-0.48659,-0.50012,-0.49992,-0.5
-0.45742,-0.49403,-0.43916,-0.48829,-0.50013,-0.50004,-0.5
-0.48918,-0.49613,-0.44536,-0.48449,-0.50013,-0.50004,-0.5
-0.49123,-0.4929,-0.43877,-0.48748,-0.50013,-0.50012,-0.5
-0.49973,-0.49534,-0.443,-0.48535,-0.50014,-0.50017,-0.5
-0.50183,-0.49196,-0.44087,-0.48549,-0.50014,-0.50024,-0.50001
-0.50185,-0.49344,-0.44,-0.48763,-0.50014,-0.5003,-0.50001
-0.49988,-0.49801,-0.43852,-0.49201,-0.50014,-0.50034,-0.50001
-0.49668,-0.49949,-0.43594,-0.49537,-0.50014,-0.50038,-0.50001
-0.48673,-0.50139,-0.43458,-0.49805,-0.50015,-0.50038,-0.50001
-0.47202,-0.50233,-0.43271,-0.49959,-0.50015,-0.50038,-0.50001
-0.42305,-0.50322,-0.43005,-0.50148,-0.50014,-0.5004,-0.50001
-0.39808,-0.50433,-0.4309,-0.50208,-0.50014,-0.5004,-0.50002
-0.32966,-0.50397,-0.42628,-0.50306,-0.50013,-0.50042,-0.50002
-0.31492,-0.5046,-0.42583,-0.50345,-0.50013,-0.50041,-0.50002
-0.30259,-0.50375,-0.42326,-0.50397,-0.50013,-0.50039,-0.50002
-0.29683,-0.50347,-0.4216,-0.50443,-0.50013,-0.50039,-0.50002
-0.29643,-0.50084,-0.42024,-0.50478,-0.50013,-0.50028,-0.50002
-0.2961,-0.50086,-0.41949,-0.50501,-0.50013,-0.50021,-0.50002
-0.2963,-0.50073,-0.41919,-0.50516,-0.50013,-0.50007,-0.50002
-0.29916,-0.50099,-0.41917,-0.5051,-0.50013,-0.49895,-0.50002
-0.30983,-0.50206,-0.41963,-0.50489,-0.50013,-0.49905,-0.50002
-0.33334,-0.50222,-0.41991,-0.50472,-0.50013,-0.49999,-0.50002
-0.43337,-0.50411,-0.42203,-0.50416,-0.50013,-0.50012,-0.50002
-0.48448,-0.50425,-0.42365,-0.50382,-0.50013,-0.50021,-0.50002
-0.47572,-0.50409,-0.42157,-0.50421,-0.50013,-0.50019,-0.50002
-0.47171,-0.50485,-0.42072,-0.50447,-0.50013,-0.50017,-0.50002
-0.47234,-0.50497,-0.42028,-0.5047,-0.50013,-0.50016,-0.50002
-0.47606,-0.50559,-0.42014,-0.50487,-0.50014,-0.50016,-0.50002
-0.48207,-0.50566,-0.41993,-0.50503,-0.50014,-0.50016,-0.50002
-0.48819,-0.50623,-0.41994,-0.50515,-0.50014,-0.50016,-0.50002
-0.49448,-0.50625,-0.41986,-0.50526,-0.50014,-0.50016,-0.50002
-0.49898,-0.50676,-0.41998,-0.50533,-0.50014,-0.50016,-0.50002
-0.50259,-0.50674,-0.42001,-0.5054,-0.50015,-0.50016,-0.50002
-0.50493,-0.5072,-0.42022,-0.50544,-0.50015,-0.50015,-0.50002
-0.50683,-0.50714,-0.42035,-0.50548,-0.50015,-0.50015,-0.50002
-0.50825,-0.50755,-0.42066,-0.5055,-0.50015,-0.50015,-0.50002
-0.5096,-0.50746,-0.4209,-0.50551,-0.50015,-0.50015,-0.50002
-0.51081,-0.50783,-0.42134,-0.50551,-0.50015,-0.50016,-0.50002
-0.51209,-0.50771,-0.42171,-0.5055,-0.50015,-0.50016,-0.50002
-0.51329,-0.50804,-0.42232,-0.50548,-0.50015,-0.50016,-0.50002
-0.5146,-0.5079,-0.42292,-0.50546,-0.50016,-0.50016,-0.50002
-0.51585,-0.50819,-0.42382,-0.50543,-0.50016,-0.50016,-0.50002
-0.51721,-0.50802,-0.42474,-0.50539,-0.50016,-0.50016,-0.50002
-0.5185,-0.50828,-0.42602,-0.50534,-0.50016,-0.50016,-0.50002
-0.51991,-0.5081,-0.42746,-0.50529,-0.50016,-0.50016,-0.50002
-0.52124,-0.50832,-0.42935,-0.50523,-0.50016,-0.50016,-0.50002
-0.52268,-0.50812,-0.43163,-0.50516,-0.50016,-0.50016,-0.50002
-0.52404,-0.5083,-0.43448,-0.50509,-0.50017,-0.50016,-0.50002
-0.5255,-0.50808,-0.43801,-0.50501,-0.50017,-0.50017,-0.50002
-0.52688,-0.50821,-0.44212,-0.50493,-0.50017,-0.50017,-0.50002
-0.52836,-0.50796,-0.44732,-0.50483,-0.50017,-0.50017,-0.50002
-0.52977,-0.50805,-0.45287,-0.50474,-0.50017,-0.50017,-0.50002
-0.53127,-0.50777,-0.45958,-0.50462,-0.50018,-0.50017,-0.50002
-0.5327,-0.50781,-0.46598,-0.50451,-0.50018,-0.50017,-0.50002
-0.53391,-0.50769,-0.48371,-0.50412,-0.50015,-0.50018,-0.50002
-0.53512,-0.50761,-0.49357,-0.5037,-0.50012,-0.50018,-0.50002
-0.53623,-0.50789,-0.49809,-0.50336,-0.50011,-0.50018,-0.50002
-0.5374,-0.50784,-0.50027,-0.50298,-0.5001,-0.50018,-0.50002
-0.53839,-0.50817,-0.50122,-0.50275,-0.5001,-0.50018,-0.50002
-0.53947,-0.50814,-0.50186,-0.50244,-0.5001,-0.50018,-0.50002
-0.54057,-0.50844,-0.50232,-0.50222,-0.50011,-0.50019,-0.50002
-0.54174,-0.50843,-0.50264,-0.50194,-0.50012,-0.50019,-0.50002
-0.54301,-0.50866,-0.50301,-0.50158,-0.50012,-0.50019,-0.50002
-0.54432,-0.50864,-0.5033,-0.50112,-0.50013,-0.50019,-0.50002
-0.54564,-0.50883,-0.50364,-0.50049,-0.50013,-0.50019,-0.50002
-0.54697,-0.5088,-0.50392,-0.49963,-0.50014,-0.50019,-0.50002
-0.54851,-0.50897,-0.50425,-0.49843,-0.50014,-0.50019,-0.50002
-0.55,-0.50892,-0.50454,-0.49671,-0.50015,-0.5002,-0.50002
-0.55138,-0.50904,-0.50489,-0.49403,-0.50015,-0.5002,-0.50002
-0.55271,-0.50897,-0.50519,-0.49019,-0.50016,-0.5002,-0.50002
-0.5536,-0.50906,-0.50556,-0.4847,-0.50016,-0.5002,-0.50002
-0.55451,-0.50897,-0.50588,-0.47749,-0.50016,-0.5002,-0.50002
-0.55541,-0.50909,-0.50627,-0.46821,-0.50017,-0.5002,-0.50002
-0.55632,-0.50898,-0.50661,-0.45822,-0.50017,-0.5002,-0.50002
-0.55678,-0.50902,-0.50699,-0.44802,-0.50017,-0.5002,-0.50002
-0.55731,-0.5089,-0.50733,-0.43956,-0.50017,-0.5002,-0.50002
-0.55715,-0.50893,-0.50771,-0.43297,-0.50018,-0.50021,-0.50002
-0.55718,-0.50878,-0.50806,-0.428,-0.50018,-0.50021,-0.50002
-0.55776,-0.50884,-0.50847,-0.42443,-0.50017,-0.50021,-0.50002
-0.5583,-0.50866,-0.50885,-0.42186,-0.50017,-0.50022,-0.50002
-0.55915,-0.50856,-0.50927,-0.41998,-0.50016,-0.50022,-0.50002
-0.55986,-0.50836,-0.50966,-0.41876,-0.50015,-0.50022,-0.50003
-0.56109,-0.50814,-0.51008,-0.4179,-0.50015,-0.50022,-0.50003
-0.56209,-0.50792,-0.51046,-0.41728,-0.50013,-0.50022,-0.50003
-0.56363,-0.50756,-0.51082,-0.41671,-0.50013,-0.50022,-0.50003
-0.56481,-0.50735,-0.51114,-0.41628,-0.50012,-0.50022,-0.50002
-0.56584,-0.50675,-0.51145,-0.41585,-0.50011,-0.50022,-0.50002
-0.56654,-0.5065,-0.51172,-0.41549,-0.50011,-0.50022,-0.50002
-0.56704,-0.50574,-0.51197,-0.41511,-0.50011,-0.50021,-0.50002
-0.56725,-0.50544,-0.51219,-0.41479,-0.5001,-0.50021,-0.50002
-0.56734,-0.5044,-0.51238,-0.41444,-0.5001,-0.50021,-0.50002
-0.56718,-0.50403,-0.51255,-0.41415,-0.5001,-0.5002,-0.50002
-0.5669,-0.50252,-0.51268,-0.41385,-0.50009,-0.5002,-0.50002
-0.56641,-0.50208,-0.5128,-0.41359,-0.50009,-0.50019,-0.50002
-0.56575,-0.49984,-0.51287,-0.41335,-0.50009,-0.50019,-0.50002
-0.56492,-0.4993,-0.51293,-0.41317,-0.50008,-0.50019,-0.50002
-0.56398,-0.49591,-0.51294,-0.413,-0.50008,-0.50018,-0.50002
-0.56289,-0.49534,-0.51295,-0.41288,-0.50008,-0.50018,-0.50002
-0.56169,-0.49033,-0.5129,-0.4128,-0.50008,-0.50018,-0.50002
-0.56038,-0.48985,-0.51287,-0.41275,-0.50007,-0.50017,-0.50002
-0.55892,-0.48294,-0.51275,-0.4128,-0.50007,-0.50017,-0.50002
-0.5574,-0.48283,-0.51267,-0.41286,-0.50007,-0.50016,-0.50002
-0.55571,-0.47391,-0.51251,-0.41292,-0.50007,-0.50016,-0.50002
-0.55398,-0.47452,-0.51239,-0.413,-0.50007,-0.50016,-0.50002
-0.55219,-0.46421,-0.51219,-0.41313,-0.50007,-0.50016,-0.50002
-0.55036,-0.46585,-0.51203,-0.41328,-0.50006,-0.50015,-0.50002
-0.54841,-0.45536,-0.51179,-0.41349,-0.50006,-0.50015,-0.50002
-0.54644,-0.4584,-0.5116,-0.41371,-0.50006,-0.50015,-0.50002
-0.54433,-0.44889,-0.51133,-0.41394,-0.50006,-0.50014,-0.50002
-0.5422,-0.45335,-0.51111,-0.41419,-0.50006,-0.50014,-0.50002
-0.5399,-0.44592,-0.51082,-0.41446,-0.50006,-0.50014,-0.50002
-0.53761,-0.45175,-0.51057,-0.41475,-0.50005,-0.50013,-0.50002
-0.53522,-0.44743,-0.51026,-0.41505,-0.50005,-0.50013,-0.50002
-0.53284,-0.45417,-0.50999,-0.41537,-0.50005,-0.50013,-0.50002
-0.53075,-0.45107,-0.50954,-0.41572,-0.50006,-0.50012,-0.50002
-0.52833,-0.44029,-0.50908,-0.41617,-0.50006,-0.50012,-0.50002
-0.52605,-0.45387,-0.50872,-0.41661,-0.50007,-0.50011,-0.50002
-0.52346,-0.45372,-0.50831,-0.41721,-0.50008,-0.50011,-0.50002
-0.52104,-0.4622,-0.50792,-0.4179,-0.50009,-0.5001,-0.50002
-0.51836,-0.46447,-0.50753,-0.41913,-0.50009,-0.5001,-0.50002
-0.51588,-0.473,-0.50715,-0.42098,-0.5001,-0.50009,-0.50002
-0.51304,-0.46985,-0.50671,-0.42518,-0.5001,-0.50009,-0.50002
-0.51036,-0.47952,-0.50635,-0.43181,-0.50011,-0.50008,-0.50002
-0.50689,-0.48288,-0.50599,-0.44499,-0.50011,-0.50008,-0.50002
-0.49965,-0.48665,-0.50559,-0.4594,-0.50011,-0.50007,-0.50002
-0.46229,-0.48737,-0.5052,-0.47629,-0.5001,-0.50007,-0.50002
-0.36654,-0.49277,-0.50486,-0.48693,-0.5001,-0.50006,-0.50002
-0.30667,-0.49297,-0.50449,-0.4946,-0.50009,-0.50006,-0.50002
-0.29484,-0.49746,-0.50418,-0.49827,-0.50008,-0.50005,-0.50002
-0.29069,-0.5001,-0.50389,-0.5006,-0.50008,-0.50005,-0.50002
-0.28764,-0.50266,-0.50358,-0.50177,-0.50007,-0.50004,-0.50002
-0.28448,-0.50237,-0.5031,-0.50262,-0.50006,-0.50004,-0.50002
-0.2817,-0.50529,-0.50283,-0.50317,-0.50005,-0.50003,-0.50002
-0.27857,-0.50551,-0.50226,-0.50369,-0.50005,-0.50003,-0.50002
-0.27583,-0.50751,-0.50199,-0.50409,-0.50005,-0.50002,-0.50002
-0.27274,-0.50747,-0.50107,-0.50452,-0.50004,-0.50001,-0.50002
-0.26997,-0.50882,-0.50051,-0.50488,-0.50004,-0.49998,-0.50002
-0.26689,-0.5091,-0.49923,-0.50528,-0.50004,-0.49999,-0.50002
-0.26416,-0.51015,-0.49825,-0.5056,-0.50004,-0.49993,-0.50002
-0.26128,-0.51069,-0.49678,-0.50595,-0.50005,-0.49994,-0.50002
-0.25865,-0.51189,-0.49604,-0.50623,-0.50005,-0.49983,-0.50002
-0.2557,-0.51201,-0.49313,-0.50652,-0.50005,-0.49984,-0.50002
-0.2532,-0.51335,-0.49334,-0.50675,-0.50006,-0.49965,-0.50002
-0.25048,-0.51372,-0.49155,-0.50699,-0.50006,-0.4997,-0.50002
-0.24786,-0.51557,-0.49667,-0.50734,-0.50007,-0.49996,-0.50002
-0.24522,-0.51688,-0.49882,-0.50763,-0.50007,-0.50002,-0.50002
-0.24294,-0.51906,-0.5011,-0.50785,-0.50007,-0.50005,-0.50002
-0.2406,-0.52057,-0.50202,-0.50802,-0.50007,-0.50006,-0.50002
-0.23848,-0.52247,-0.50286,-0.50816,-0.50008,-0.50007,-0.50002
-0.2363,-0.52362,-0.5033,-0.50823,-0.50008,-0.50008,-0.50002
-0.23436,-0.52485,-0.50378,-0.50823,-0.50008,-0.50009,-0.50002
-0.23236,-0.52531,-0.50406,-0.50817,-0.50008,-0.5001,-0.50002
-0.23055,-0.52577,-0.50441,-0.50807,-0.50009,-0.50011,-0.50002
-0.22869,-0.5255,-0.50461,-0.50792,-0.50009,-0.50011,-0.50002
-0.2271,-0.52534,-0.50491,-0.50769,-0.50009,-0.50012,-0.50002
-0.2255,-0.5245,-0.50509,-0.50741,-0.50009,-0.50013,-0.50002
-0.22428,-0.52397,-0.50544,-0.50706,-0.50009,-0.50013,-0.50002
-0.22308,-0.52281,-0.50567,-0.50667,-0.50009,-0.50014,-0.50002
-0.22236,-0.52219,-0.5061,-0.50621,-0.50009,-0.50014,-0.50002
-0.22165,-0.52097,-0.50643,-0.5057,-0.50009,-0.50014,-0.50002
-0.22147,-0.52042,-0.50699,-0.50515,-0.5001,-0.50015,-0.50002
-0.22131,-0.5193,-0.50744,-0.50455,-0.5001,-0.50015,-0.50002
-0.22181,-0.51889,-0.50814,-0.50388,-0.5001,-0.50016,-0.50002
-0.22232,-0.51791,-0.50874,-0.50308,-0.5001,-0.50016,-0.50002
-0.22346,-0.51763,-0.50957,-0.50186,-0.5001,-0.50017,-0.50002
-0.2246,-0.51678,-0.51028,-0.49913,-0.5001,-0.50017,-0.50002
-0.22637,-0.51653,-0.5112,-0.49084,-0.5001,-0.50017,-0.50002
-0.22813,-0.51572,-0.512,-0.46927,-0.5001,-0.50017,-0.50002
-0.23044,-0.5154,-0.51297,-0.43978,-0.50011,-0.50017,-0.50002
-0.23272,-0.51457,-0.5138,-0.42415,-0.50011,-0.50017,-0.50002
-0.2355,-0.51412,-0.51478,-0.41902,-0.50011,-0.50017,-0.50002
-0.2382,-0.5132,-0.51562,-0.41723,-0.50011,-0.50018,-0.50002
-0.24134,-0.51259,-0.51657,-0.41618,-0.50011,-0.50018,-0.50002
-0.24438,-0.51156,-0.51738,-0.41531,-0.50011,-0.50018,-0.50002
-0.24811,-0.51132,-0.51844,-0.41443,-0.5001,-0.50018,-0.50002
-0.2518,-0.51084,-0.51939,-0.41362,-0.5001,-0.50018,-0.50002
-0.2556,-0.51057,-0.52041,-0.41279,-0.50009,-0.50018,-0.50002
-0.25933,-0.51004,-0.52131,-0.41202,-0.50009,-0.50018,-0.50002
-0.26318,-0.50938,-0.52218,-0.41126,-0.50009,-0.50018,-0.50002
-0.26691,-0.50848,-0.52293,-0.41056,-0.50009,-0.50018,-0.50002
-0.27054,-0.50722,-0.52358,-0.40988,-0.50008,-0.50018,-0.50002
-0.27402,-0.50549,-0.52411,-0.40926,-0.50008,-0.50018,-0.50002
-0.27745,-0.50264,-0.52453,-0.40866,-0.50007,-0.50019,-0.50002
-0.28068,-0.49756,-0.52485,-0.40813,-0.50007,-0.50019,-0.50002
-0.28378,-0.48775,-0.52512,-0.40765,-0.50008,-0.50019,-0.50002
-0.28671,-0.46969,-0.5253,-0.40722,-0.50008,-0.5002,-0.50002
-0.28982,-0.44487,-0.52546,-0.40684,-0.50008,-0.5002,-0.50002
-0.29327,-0.41412,-0.52555,-0.40652,-0.50008,-0.5002,-0.50002
-0.30094,-0.38531,-0.52562,-0.40624,-0.50008,-0.50021,-0.50002
-0.33066,-0.36081,-0.52564,-0.40603,-0.50008,-0.50021,-0.50002
-0.41726,-0.34565,-0.52565,-0.40586,-0.50008,-0.50021,-0.50002
-0.48045,-0.33386,-0.52557,-0.40577,-0.50008,-0.50022,-0.50002
-0.49988,-0.32511,-0.52544,-0.40571,-0.50008,-0.50022,-0.50002
-0.50565,-0.31882,-0.52527,-0.40572,-0.50008,-0.50022,-0.50002
-0.50867,-0.31401,-0.52515,-0.40576,-0.50008,-0.50023,-0.50002
-0.51075,-0.31088,-0.52499,-0.40586,-0.50008,-0.50023,-0.50002
-0.51271,-0.30872,-0.52483,-0.40599,-0.50008,-0.50024,-0.50002
-0.51444,-0.3075,-0.52462,-0.40619,-0.50008,-0.50024,-0.50002
-0.51614,-0.30602,-0.52442,-0.40641,-0.50008,-0.50024,-0.50002
-0.51765,-0.3054,-0.52419,-0.40669,-0.50008,-0.50025,-0.50002
-0.5191,-0.3045,-0.52391,-0.407,-0.50008,-0.50025,-0.50002
-0.52041,-0.30437,-0.52362,-0.40736,-0.50008,-0.50026,-0.50002
-0.52175,-0.30417,-0.52333,-0.40776,-0.50007,-0.50026,-0.50002
-0.52294,-0.30467,-0.52302,-0.40819,-0.50007,-0.50027,-0.50002
-0.52451,-0.30867,-0.52257,-0.40871,-0.50004,-0.50023,-0.50002
-0.52555,-0.30842,-0.52234,-0.40929,-0.49997,-0.50022,-0.50002
-0.52669,-0.31152,-0.52191,-0.40989,-0.4994,-0.50021,-0.50002
-0.52762,-0.31342,-0.52161,-0.41054,-0.49901,-0.5002,-0.50002
-0.52862,-0.3203,-0.52116,-0.41107,-0.49951,-0.50018,-0.50002
-0.52937,-0.32423,-0.52084,-0.41163,-0.49997,-0.50019,-0.50002
-0.53025,-0.33697,-0.5203,-0.41222,-0.50003,-0.50017,-0.50002
-0.53087,-0.34449,-0.51988,-0.41294,-0.49987,-0.50017,-0.50002
-0.53165,-0.3644,-0.51929,-0.41368,-0.49938,-0.50015,-0.50002
-0.53218,-0.3766,-0.5188,-0.41443,-0.49906,-0.50015,-0.50002
-0.53285,-0.40075,-0.51822,-0.41506,-0.49969,-0.50014,-0.50002
-0.53329,-0.41456,-0.51773,-0.41571,-0.5,-0.50014,-0.50002
-0.53394,-0.43841,-0.51704,-0.41651,-0.49999,-0.50013,-0.50002
-0.53438,-0.45187,-0.51641,-0.41764,-0.4995,-0.50013,-0.50002
-0.53495,-0.46803,-0.51582,-0.41953,-0.4996,-0.50012,-0.50002
-0.53536,-0.47622,-0.5153,-0.42436,-0.49958,-0.50012,-0.50002
-0.53596,-0.4863,-0.51478,-0.43577,-0.49995,-0.50011,-0.50002
-0.53637,-0.49093,-0.51428,-0.4591,-0.4999,-0.50011,-0.50002
-0.53704,-0.49619,-0.51376,-0.48414,-0.4995,-0.5001,-0.50002
-0.53749,-0.4985,-0.51323,-0.49615,-0.49912,-0.5001,-0.50002
-0.53817,-0.50116,-0.51276,-0.50002,-0.4998,-0.50009,-0.50002
-0.53866,-0.50249,-0.51227,-0.50175,-0.50001,-0.5001,-0.50002
-0.53945,-0.50405,-0.51176,-0.50298,-0.49969,-0.50009,-0.50002
-0.54002,-0.50479,-0.51123,-0.50378,-0.49908,-0.50009,-0.50002
-0.54082,-0.50569,-0.51085,-0.50426,-0.49973,-0.50009,-0.50002
-0.54143,-0.50611,-0.51042,-0.50469,-0.49999,-0.50009,-0.50002
-0.54233,-0.50675,-0.50996,-0.50526,-0.49974,-0.50008,-0.50002
-0.54302,-0.50708,-0.50943,-0.5058,-0.4991,-0.50009,-0.50002
-0.54395,-0.50747,-0.50908,-0.50611,-0.49976,-0.50008,-0.50002
-0.54465,-0.50756,-0.50868,-0.50639,-0.49998,-0.50008,-0.50002
-0.54665,-0.50856,-0.50833,-0.50666,-0.50004,-0.50006,-0.50002
-0.54849,-0.50933,-0.50799,-0.5069,-0.50005,-0.50004,-0.50002
-0.55005,-0.50951,-0.50795,-0.5071,-0.50006,-0.50004,-0.50001
-0.55159,-0.5098,-0.50783,-0.5073,-0.50006,-0.50003,-0.50001
-0.55317,-0.50968,-0.50774,-0.50749,-0.50005,-0.50002,-0.50001
-0.55471,-0.50966,-0.50759,-0.50766,-0.50003,-0.50001,-0.50001
-0.55594,-0.50944,-0.50747,-0.50777,-0.49998,-0.50002,-0.5
-0.55723,-0.50942,-0.50726,-0.50787,-0.49973,-0.50001,-0.49999
-0.55847,-0.50902,-0.50713,-0.50787,-0.49947,-0.50003,-0.49997
-0.55977,-0.50885,-0.50691,-0.50785,-0.49924,-0.50002,-0.49998
-0.56054,-0.50826,-0.50678,-0.5077,-0.49939,-0.50003,-0.49991
-0.5614,-0.5079,-0.50656,-0.50753,-0.49955,-0.50002,-0.49991
-0.5618,-0.50697,-0.50638,-0.50724,-0.49994,-0.50003,-0.49991
-0.5623,-0.50624,-0.50613,-0.50696,-0.50001,-0.50001,-0.49991
-0.56282,-0.50476,-0.50594,-0.50662,-0.50004,-0.50002,-0.49991
-0.5634,-0.50332,-0.50569,-0.50631,-0.50005,-0.5,-0.49992
-0.5639,-0.50054,-0.50549,-0.50597,-0.50006,-0.50003,-0.49991
-0.5645,-0.49798,-0.50521,-0.50567,-0.50005,-0.50002,-0.49993
-0.56505,-0.49196,-0.50508,-0.50537,-0.50004,-0.50003,-0.4999
-0.56565,-0.48558,-0.50489,-0.50508,-0.50001,-0.50001,-0.4999
-0.56602,-0.47159,-0.50481,-0.50474,-0.49986,-0.50002,-0.4999
-0.56641,-0.45616,-0.50469,-0.50441,-0.49934,-0.5,-0.49989
-0.56656,-0.43042,-0.50468,-0.50397,-0.49917,-0.50002,-0.49989
-0.56679,-0.41044,-0.50461,-0.50352,-0.49909,-0.5,-0.49989
-0.5667,-0.37884,-0.50459,-0.50284,-0.49935,-0.50002,-0.49989
-0.56667,-0.35868,-0.50453,-0.50195,-0.4997,-0.5,-0.49989
-0.56684,-0.33473,-0.50457,-0.50029,-0.5,-0.50001,-0.49989
-0.56703,-0.32282,-0.50457,-0.49717,-0.50003,-0.49999,-0.49989
-0.56682,-0.31177,-0.50466,-0.4901,-0.50005,-0.50002,-0.49989
-0.56667,-0.30695,-0.50471,-0.47878,-0.50006,-0.5,-0.49989
-0.5659,-0.30808,-0.50497,-0.46705,-0.50002,-0.50005,-0.49989
-0.56514,-0.30824,-0.50525,-0.45462,-0.49974,-0.50007,-0.4999
-0.56418,-0.30185,-0.50553,-0.44366,-0.49909,-0.50009,-0.4999
-0.5633,-0.29835,-0.50586,-0.43516,-0.49897,-0.50011,-0.49994
-0.56226,-0.29384,-0.50611,-0.4257,-0.49917,-0.50013,-0.5
-0.56137,-0.29173,-0.50643,-0.42121,-0.49983,-0.50015,-0.5
-0.5603,-0.28993,-0.50665,-0.41979,-0.4993,-0.50016,-0.50001
-0.55937,-0.28862,-0.50696,-0.41879,-0.49907,-0.50018,-0.50001
-0.55825,-0.2874,-0.50724,-0.41771,-0.49967,-0.50019,-0.50001
-0.5573,-0.28649,-0.5076,-0.41703,-0.49999,-0.5002,-0.50001
-0.55617,-0.28664,-0.50784,-0.41676,-0.49973,-0.50021,-0.50001
-0.55516,-0.28683,-0.50817,-0.41659,-0.49908,-0.50022,-0.50001
-0.554,-0.28671,-0.50852,-0.41618,-0.49971,-0.50022,-0.50001
-0.55297,-0.2867,-0.50896,-0.41583,-0.5,-0.50023,-0.50001
-0.55176,-0.28717,-0.50927,-0.41567,-0.49993,-0.50024,-0.50001
-0.55067,-0.28763,-0.50966,-0.41565,-0.49926,-0.50025,-0.50001
-0.54939,-0.28829,-0.50992,-0.41539,-0.49989,-0.50025,-0.50002
-0.54822,-0.28889,-0.51026,-0.41521,-0.49999,-0.50026,-0.50002
-0.54688,-0.28969,-0.51057,-0.41521,-0.49976,-0.50025,-0.50002
-0.54565,-0.29043,-0.51096,-0.4153,-0.49912,-0.50025,-0.50002
-0.54429,-0.28981,-0.51128,-0.41512,-0.49978,-0.50025,-0.50002
-0.54306,-0.28942,-0.51168,-0.41497,-0.50001,-0.50025,-0.50002
-0.54162,-0.29261,-0.51189,-0.41504,-0.4999,-0.50026,-0.50002
-0.54021,-0.29696,-0.51217,-0.41522,-0.49919,-0.50027,-0.50002
-0.53886,-0.29497,-0.51243,-0.41511,-0.49986,-0.50027,-0.50002
-0.53762,-0.29385,-0.51278,-0.41509,-0.49997,-0.50027,-0.50002
-0.53616,-0.29958,-0.51304,-0.4152,-0.49985,-0.50027,-0.50002
-0.53473,-0.31221,-0.51335,-0.41541,-0.49925,-0.50028,-0.50002
-0.53339,-0.31324,-0.51365,-0.41534,-0.49982,-0.50027,-0.50002
-0.53211,-0.31424,-0.514,-0.41538,-0.49993,-0.50028,-0.50002
-0.53111,-0.3066,-0.51413,-0.41586,-0.49929,-0.50024,-0.50002
-0.53015,-0.30346,-0.51433,-0.41636,-0.49899,-0.5002,-0.50002
-0.52921,-0.30171,-0.51448,-0.41672,-0.49899,-0.50017,-0.50002
-0.52826,-0.3012,-0.5147,-0.4168,-0.49924,-0.50014,-0.50002
-0.52719,-0.30101,-0.51495,-0.41694,-0.49973,-0.50012,-0.50002
-0.52618,-0.3015,-0.51522,-0.41717,-0.49989,-0.50009,-0.50002
-0.52513,-0.30225,-0.51543,-0.41792,-0.4992,-0.50007,-0.50002
-0.52412,-0.30358,-0.51567,-0.41892,-0.49899,-0.50004,-0.50002
-0.52304,-0.3052,-0.51589,-0.419,-0.49917,-0.49996,-0.50002
-0.52202,-0.30752,-0.51612,-0.41896,-0.4998,-0.49934,-0.50002
-0.521,-0.31031,-0.51631,-0.41987,-0.49948,-0.49903,-0.50002
-0.51994,-0.31013,-0.51657,-0.42047,-0.4993,-0.49901,-0.50002
-0.51857,-0.30296,-0.51697,-0.42043,-0.49909,-0.49951,-0.50002
-0.51731,-0.29918,-0.51738,-0.41961,-0.49933,-0.49997,-0.50002
-0.51629,-0.30095,-0.51746,-0.41988,-0.49956,-0.49961,-0.50002
-0.51534,-0.30296,-0.51757,-0.42002,-0.49979,-0.49914,-0.50002
-0.51428,-0.3007,-0.51786,-0.42075,-0.4991,-0.49973,-0.50002
-0.51336,-0.29982,-0.51813,-0.42137,-0.49899,-0.49993,-0.50002
-0.51257,-0.30134,-0.51829,-0.42095,-0.49907,-0.49935,-0.50002
-0.51183,-0.30289,-0.51847,-0.42006,-0.49966,-0.49902,-0.50002
-0.51077,-0.2987,-0.51884,-0.41978,-0.49918,-0.49965,-0.50002
-0.50981,-0.29653,-0.51919,-0.41909,-0.49919,-0.49999,-0.50002
-0.5091,-0.29707,-0.51929,-0.41903,-0.49917,-0.4997,-0.50002
-0.5084,-0.2975,-0.51942,-0.41854,-0.49957,-0.4992,-0.50002
-0.50757,-0.2964,-0.51966,-0.41858,-0.49907,-0.49925,-0.50002
-0.50658,-0.29507,-0.51996,-0.41801,-0.49911,-0.49958,-0.50002
-0.50537,-0.29417,-0.5202,-0.41752,-0.49925,-0.49964,-0.50002
-0.50414,-0.29357,-0.52045,-0.41699,-0.49981,-0.49957,-0.50002
-0.50308,-0.29323,-0.5206,-0.41706,-0.49913,-0.49915,-0.50002
-0.50152,-0.29247,-0.52082,-0.41684,-0.49904,-0.49914,-0.50002
-0.49783,-0.29101,-0.52108,-0.41617,-0.49954,-0.49979,-0.50001
-0.49309,-0.28982,-0.52134,-0.41559,-0.49996,-0.50001,-0.50001
-0.48497,-0.28865,-0.52151,-0.41537,-0.49955,-0.50003,-0.50001
-0.47524,-0.28762,-0.52169,-0.41515,-0.49907,-0.50005,-0.5
-0.46072,-0.2866,-0.52183,-0.41464,-0.49943,-0.50006,-0.5
-0.4459,-0.28566,-0.522,-0.41412,-0.49987,-0.50007,-0.49996
-0.42793,-0.28469,-0.5221,-0.41385,-0.49951,-0.50008,-0.5
-0.41265,-0.28377,-0.52224,-0.41358,-0.49915,-0.5001,-0.5
-0.39481,-0.28283,-0.52235,-0.41309,-0.49945,-0.50011,-0.5
-0.3817,-0.28195,-0.52249,-0.4126,-0.49978,-0.50012,-0.5
-0.36684,-0.28101,-0.52251,-0.4123,-0.49947,-0.50012,-0.5
-0.35676,-0.28012,-0.52258,-0.41198,-0.49921,-0.50013,-0.5
-0.34338,-0.27921,-0.52259,-0.41151,-0.49944,-0.50014,-0.5
-0.33358,-0.27836,-0.52262,-0.41104,-0.4997,-0.50015,-0.5
-0.32245,-0.27746,-0.52249,-0.41071,-0.49947,-0.50015,-0.5
-0.3151,-0.27663,-0.52238,-0.41037,-0.49927,-0.50016,-0.5
-0.30679,-0.27579,-0.52212,-0.40992,-0.49944,-0.50016,-0.5
-0.30217,-0.27505,-0.52189,-0.40948,-0.49964,-0.50015,-0.5
-0.29796,-0.27431,-0.52148,-0.40914,-0.49946,-0.50015,-0.5
-0.29569,-0.27366,-0.52112,-0.40881,-0.49932,-0.50015,-0.5
-0.29359,-0.27304,-0.52055,-0.4084,-0.49946,-0.50016,-0.5
-0.29225,-0.2725,-0.52006,-0.40801,-0.49961,-0.50016,-0.5
-0.29082,-0.27196,-0.51941,-0.4077,-0.49945,-0.50015,-0.5
-0.28974,-0.27154,-0.51884,-0.40741,-0.49934,-0.50015,-0.5
-0.28855,-0.27116,-0.51818,-0.40706,-0.49941,-0.50015,-0.5
-0.28755,-0.27085,-0.5176,-0.4067,-0.49956,-0.50016,-0.5
-0.28649,-0.27053,-0.51694,-0.40641,-0.49946,-0.50016,-0.5
-0.28558,-0.27027,-0.51636,-0.40614,-0.4994,-0.50017,-0.5
-0.28467,-0.26998,-0.51583,-0.40585,-0.49937,-0.50017,-0.5
-0.28388,-0.26978,-0.51533,-0.40555,-0.49946,-0.50017,-0.5
-0.28377,-0.27063,-0.51471,-0.40566,-0.49928,-0.50013,-0.49996
-0.28371,-0.27144,-0.51416,-0.40572,-0.49927,-0.5001,-0.4999
-0.28389,-0.27215,-0.5137,-0.4058,-0.49921,-0.50007,-0.49997
-0.2841,-0.27281,-0.51328,-0.40586,-0.49922,-0.50003,-0.5
-0.28432,-0.27312,-0.51295,-0.40588,-0.49916,-0.49996,-0.49996
-0.28445,-0.27323,-0.51268,-0.40581,-0.49916,-0.4998,-0.49991
-0.28458,-0.27321,-0.51244,-0.40574,-0.49912,-0.49959,-0.49997
-0.28467,-0.27312,-0.51222,-0.40563,-0.49913,-0.49953,-0.49999
-0.28481,-0.27307,-0.51201,-0.40558,-0.4991,-0.49933,-0.49995
-0.28489,-0.27293,-0.51182,-0.40547,-0.49911,-0.49936,-0.49991
-0.28498,-0.27291,-0.5116,-0.40543,-0.49909,-0.49928,-0.49998
-0.28505,-0.27283,-0.51141,-0.40535,-0.4991,-0.49934,-0.49999
-0.28513,-0.27289,-0.51118,-0.40533,-0.49908,-0.49929,-0.49994
-0.2852,-0.2729,-0.51097,-0.40529,-0.49908,-0.49936,-0.49991
-0.28526,-0.27303,-0.51071,-0.40531,-0.49907,-0.49927,-0.49998
-0.28528,-0.27308,-0.51049,-0.40529,-0.49908,-0.49933,-0.5
-0.2853,-0.27327,-0.51021,-0.40532,-0.49907,-0.4993,-0.49994
-0.28532,-0.27342,-0.50996,-0.40534,-0.49908,-0.49937,-0.49991
-0.28533,-0.27369,-0.50966,-0.40541,-0.49907,-0.49925,-0.49997
-0.2853,-0.27385,-0.50941,-0.40544,-0.49908,-0.49931,-0.5
-0.28529,-0.27416,-0.5091,-0.40552,-0.49907,-0.49927,-0.49994
-0.28527,-0.2744,-0.50884,-0.40558,-0.49907,-0.49935,-0.4999
-0.28532,-0.27477,-0.50854,-0.4057,-0.49907,-0.49925,-0.49997
-0.28533,-0.27503,-0.50828,-0.40577,-0.49908,-0.49931,-0.5
-0.28541,-0.27541,-0.508,-0.40591,-0.49907,-0.49929,-0.49994
-0.28549,-0.27573,-0.50776,-0.40602,-0.49908,-0.49937,-0.49991
-0.28567,-0.27614,-0.50751,-0.40619,-0.49907,-0.4993,-0.49997
-0.28582,-0.27648,-0.50729,-0.40633,-0.49908,-0.49935,-0.5
-0.28606,-0.27687,-0.50709,-0.40651,-0.49907,-0.49933,-0.49994
-0.28627,-0.27722,-0.50691,-0.40667,-0.49908,-0.49939,-0.49991
-0.28689,-0.27706,-0.50713,-0.4066,-0.4994,-0.49969,-0.49997
-0.2876,-0.27706,-0.5073,-0.4066,-0.49981,-0.4998,-0.5
-0.2892,-0.27717,-0.50771,-0.40673,-0.50001,-0.49937,-0.5
-0.29064,-0.27719,-0.5081,-0.40682,-0.50004,-0.49918,-0.5
-0.2921,-0.27659,-0.50878,-0.4067,-0.50005,-0.49965,-0.50001
-0.29386,-0.27617,-0.50938,-0.40666,-0.50006,-0.4999,-0.50001
-0.2983,-0.27619,-0.50998,-0.40691,-0.50008,-0.49945,-0.50001
-0.30767,-0.27617,-0.51053,-0.40714,-0.50009,-0.49913,-0.50001
-0.31984,-0.27566,-0.51109,-0.4071,-0.50009,-0.49949,-0.50001
-0.33797,-0.27522,-0.51159,-0.4071,-0.5001,-0.49985,-0.50001
-0.37048,-0.27543,-0.51185,-0.40736,-0.50011,-0.49948,-0.50001
-0.40627,-0.27562,-0.51207,-0.40762,-0.50012,-0.49919,-0.50001
-0.41472,-0.27563,-0.51208,-0.40768,-0.50012,-0.49948,-0.50001
-0.42289,-0.27567,-0.51207,-0.40776,-0.50013,-0.49977,-0.50001
-0.42847,-0.27631,-0.51179,-0.40806,-0.50013,-0.49945,-0.50001
-0.43401,-0.27689,-0.51153,-0.40834,-0.50014,-0.49923,-0.50001
-0.41825,-0.27741,-0.51113,-0.40846,-0.50014,-0.49946,-0.50001
-0.40502,-0.27789,-0.51077,-0.40859,-0.50015,-0.49971,-0.50001
-0.39616,-0.27876,-0.51024,-0.40889,-0.50015,-0.49947,-0.50001
-0.39016,-0.27955,-0.50977,-0.4092,-0.50015,-0.4993,-0.50001
-0.37573,-0.28022,-0.50931,-0.40937,-0.50016,-0.49943,-0.50001
-0.36427,-0.28082,-0.50891,-0.40953,-0.50016,-0.49962,-0.50001
-0.35941,-0.2815,-0.50855,-0.40978,-0.50016,-0.49952,-0.50001
-0.35728,-0.28215,-0.50822,-0.41005,-0.50016,-0.49943,-0.50001
-0.35931,-0.28264,-0.50794,-0.41027,-0.50016,-0.49945,-0.50001
-0.36155,-0.28309,-0.50769,-0.41049,-0.50016,-0.49953,-0.50001
-0.36922,-0.28345,-0.50754,-0.41072,-0.50017,-0.49949,-0.50001
-0.3774,-0.2838,-0.50741,-0.41096,-0.50017,-0.49948,-0.50001
-0.39274,-0.28404,-0.50741,-0.41119,-0.50017,-0.49944,-0.50001
-0.40652,-0.28425,-0.50741,-0.4114,-0.50017,-0.49948,-0.50001
-0.40213,-0.28405,-0.50749,-0.41178,-0.50013,-0.49993,-0.50001
-0.39646,-0.28397,-0.50752,-0.41215,-0.5001,-0.50002,-0.50001
-0.39209,-0.28393,-0.50756,-0.41249,-0.50007,-0.50004,-0.50001
-0.38684,-0.28396,-0.50756,-0.41283,-0.50004,-0.50006,-0.50001
-0.38338,-0.284,-0.50757,-0.41314,-0.49991,-0.50007,-0.50001
-0.37925,-0.28411,-0.50753,-0.41345,-0.4992,-0.50008,-0.50001
-0.3779,-0.28421,-0.50751,-0.41365,-0.49901,-0.50008,-0.50001
-0.37689,-0.28437,-0.50743,-0.41362,-0.49908,-0.50009,-0.50001
-0.37677,-0.28451,-0.50739,-0.41345,-0.49967,-0.5001,-0.50001
-0.37556,-0.28469,-0.50732,-0.4133,-0.49998,-0.50011,-0.50001
-0.37349,-0.28481,-0.50728,-0.4136,-0.49946,-0.50012,-0.50001
-0.3705,-0.28498,-0.50721,-0.41389,-0.49901,-0.50012,-0.50001
-0.37219,-0.28516,-0.50716,-0.41373,-0.49941,-0.50013,-0.50001
-0.37288,-0.28537,-0.50708,-0.4136,-0.49992,-0.50013,-0.50001
-0.37305,-0.28552,-0.50704,-0.41382,-0.49956,-0.50013,-0.50001
-0.37181,-0.2857,-0.50697,-0.41405,-0.49911,-0.50014,-0.50001
-0.37431,-0.28586,-0.50695,-0.41401,-0.49945,-0.50014,-0.50001
-0.37555,-0.28606,-0.50689,-0.41397,-0.49982,-0.50015,-0.50001
-0.37697,-0.28619,-0.50686,-0.41413,-0.49955,-0.50015,-0.50001
-0.37705,-0.28637,-0.50681,-0.41431,-0.49921,-0.50015,-0.50001
-0.38061,-0.28648,-0.50677,-0.41431,-0.49945,-0.50016,-0.50001
-0.38249,-0.28664,-0.50671,-0.41431,-0.49971,-0.50016,-0.50001
-0.3837,-0.28673,-0.5067,-0.41443,-0.49954,-0.50016,-0.50001
-0.3835,-0.28686,-0.50667,-0.41457,-0.49931,-0.50017,-0.50001
-0.38593,-0.28697,-0.50666,-0.41459,-0.49944,-0.50017,-0.50001
-0.38713,-0.28712,-0.50663,-0.4146,-0.4996,-0.50017,-0.50001
-0.38908,-0.2872,-0.50662,-0.41468,-0.49954,-0.50017,-0.50001
-0.38945,-0.28732,-0.50658,-0.41477,-0.49942,-0.50017,-0.50001
-0.39099,-0.28741,-0.50656,-0.41483,-0.49943,-0.50017,-0.50001
-0.3914,-0.28754,-0.50651,-0.41486,-0.49948,-0.50017,-0.50001
-0.41928,-0.28882,-0.50601,-0.41543,-0.49994,-0.50014,-0.50001
-0.44601,-0.2899,-0.50566,-0.41598,-0.50002,-0.50011,-0.50001
-0.46564,-0.29105,-0.50527,-0.41652,-0.50005,-0.50008,-0.50001
-0.48002,-0.29211,-0.50499,-0.4171,-0.50006,-0.50005,-0.50001
-0.48836,-0.29327,-0.50468,-0.41777,-0.50007,-0.50001,-0.50001
-0.49427,-0.29446,-0.50445,-0.41864,-0.50009,-0.49964,-0.50001
-0.49724,-0.29575,-0.50422,-0.4196,-0.5001,-0.49911,-0.50001
-0.49744,-0.29642,-0.50407,-0.41966,-0.50011,-0.49907,-0.50001
-0.49266,-0.296,-0.50397,-0.41833,-0.50011,-0.49965,-0.50001
-0.48886,-0.29603,-0.50383,-0.41781,-0.50012,-0.49992,-0.50001
-0.49318,-0.29765,-0.5036,-0.4185,-0.50013,-0.4994,-0.50001
-0.4952,-0.29897,-0.50344,-0.41898,-0.50014,-0.49913,-0.50001
-0.49241,-0.2986,-0.50341,-0.41834,-0.50014,-0.49951,-0.50001
-0.49012,-0.29869,-0.50332,-0.41804,-0.50015,-0.49979,-0.50001
-0.49256,-0.3,-0.50318,-0.41841,-0.50015,-0.49956,-0.50001
-0.49431,-0.30135,-0.50305,-0.41884,-0.50016,-0.49936,-0.50001
-0.49411,-0.30151,-0.50302,-0.41878,-0.50016,-0.49946,-0.50001
-0.49369,-0.3019,-0.50294,-0.41882,-0.50016,-0.49956,-0.50001
-0.49428,-0.30254,-0.50287,-0.41911,-0.50016,-0.49957,-0.50001
-0.49491,-0.30352,-0.50277,-0.41961,-0.50016,-0.49953,-0.50001
