0.22399
0.22399
0.22404
0.22414
0.22421
0.22425
0.22426
0.22423
0.22417
0.22408
0.22396
0.22381
0.22364
0.22344
0.22325
0.22306
0.2229
0.22272
0.22257
0.22242
0.2223
0.22219
0.22212
0.22205
0.22199
0.22192
0.22186
0.22177
0.22169
0.22158
0.22148
0.22134
0.22119
0.22101
0.2208
0.22059
0.22037
0.22014
0.21992
0.21969
0.21946
0.21924
0.219
0.21871
0.21839
0.21801
0.21761
0.21714
0.21663
0.21607
0.21547
0.21484
0.21418
0.21351
0.21283
0.21213
0.21144
0.21076
0.21008
0.20944
0.20882
0.20817
0.20749
0.20678
0.20604
0.20528
0.2045
0.20371
0.2029
0.20209
0.20126
0.20043
0.19958
0.19874
0.19789
0.19705
0.19619
0.19535
0.1945
0.19366
0.19283
0.192
0.19118
0.19037
0.18956
0.18878
0.188
0.18724
0.18649
0.18576
0.18505
0.18437
0.18372
0.1831
0.1825
0.18191
0.18134
0.18078
0.18023
0.1797
0.1792
0.1787
0.17824
0.17779
0.17737
0.17697
0.1766
0.17626
0.17595
0.17567
0.17543
0.17521
0.17503
0.17489
0.17477
0.17469
0.17464
0.17463
0.17467
0.17475
0.17487
0.17505
0.17528
0.17556
0.1759
0.17629
0.17673
0.17723
0.17777
0.17836
0.179
0.17969
0.18041
0.18118
0.18196
0.18279
0.18362
0.18448
0.18534
0.18622
0.18709
0.18797
0.18884
0.1897
0.19054
0.19137
0.19217
0.19295
0.19369
0.19441
0.19508
0.19572
0.19633
0.19689
0.1974
0.19785
0.19825
0.1986
0.1989
0.19914
0.19932
0.19944
0.19951
0.19952
0.19948
0.19936
0.19918
0.19894
0.19864
0.19826
0.19782
0.19729
0.19672
0.19606
0.19536
0.19458
0.19374
0.19282
0.19186
0.19083
0.18976
0.18859
0.18735
0.18602
0.18462
0.18315
0.18164
0.18009
0.17854
0.177
0.17548
0.17401
0.1726
0.17127
0.17004
0.1689
0.16788
0.16697
0.16618
0.16552
0.165
0.16463
0.16441
0.16434
0.16444
0.16471
0.16517
0.1658
0.16663
0.16764
0.16885
0.17025
0.17183
0.1736
0.17554
0.17767
0.17996
0.18241
0.185
0.18772
0.19053
0.19343
0.19639
0.19939
0.20242
0.20544
0.20845
0.21143
0.21436
0.21722
0.22001
0.22271
0.22533
0.22785
0.23027
0.23259
0.23479
0.23689
0.23888
0.24077
0.24254
0.24423
0.24582
0.24732
0.24874
0.25006
0.25131
0.25248
0.25357
0.25458
0.25553
0.25641
0.25724
0.25801
0.25871
0.25937
0.25999
0.26057
0.26111
0.26162
0.26209
0.26254
0.26296
0.26334
0.2637
0.26404
0.26435
0.26463
0.26489
0.26513
0.26535
0.26554
0.26572
0.26589
0.26605
0.26619
0.26633
0.26645
0.26655
0.26664
0.26672
0.26679
0.26685
0.26691
0.26696
0.267
0.26704
0.26708
0.26711
0.26715
0.26718
0.26722
0.26727
0.26733
0.2674
0.26749
0.26759
0.26771
0.26784
0.268
0.26817
0.26835
0.26856
0.26878
0.26902
0.26929
0.26958
0.26989
0.27022
0.27057
0.27094
0.27132
0.27171
0.2721
0.27251
0.27292
0.27333
0.27374
0.27415
0.27456
0.27497
0.27537
0.27578
0.27617
0.27655
0.27692
0.2773
0.27766
0.27801
0.27835
0.27869
0.27902
0.27933
0.27963
0.27993
0.28022
0.2805
0.28077
0.28103
0.28128
0.28153
0.28176
0.28198
0.2822
0.28242
0.28262
0.28282
0.283
0.28317
0.28333
0.28348
0.28362
0.28375
0.28387
0.28397
0.28406
0.28413
0.28419
0.28423
0.28426
0.28426
0.28425
0.28423
0.28419
0.28412
0.28403
0.28393
0.2838
0.28365
0.28348
0.28328
0.28306
0.28282
0.28255
0.28225
0.28194
0.28159
0.28122
0.28082
0.2804
0.27996
0.27949
0.279
0.27849
0.27796
0.27741
0.27684
0.27625
0.27564
0.275
0.27435
0.27368
0.27301
0.27232
0.27162
0.2709
0.27018
0.26944
0.26869
0.26792
0.26714
0.26635
0.26554
0.26473
0.2639
0.26307
0.26222
0.26137
0.26052
0.25965
0.25879
0.25791
0.25704
0.25616
0.25528
0.2544
0.25352
0.25265
0.25177
0.2509
0.25003
0.24917
0.2483
0.24745
0.24662
0.24579
0.24495
0.24414
0.24334
0.24255
0.24176
0.241
0.24025
0.23951
0.23878
0.23808
0.2374
0.23673
0.23607
0.23544
0.23483
0.23424
0.23365
0.23309
0.23255
0.23202
0.23151
0.23102
0.23055
0.23009
0.22965
0.2292
0.22873
0.22826
0.22777
0.22729
0.22679
0.2263
0.22581
0.22534
0.22487
0.2244
0.22392
0.22345
0.223
0.22254
0.22209
0.22164
0.2212
0.22076
0.22033
0.2199
0.21948
0.21906
0.21864
0.21823
0.21782
0.21741
0.21701
0.2166
0.2162
0.21587
0.21559
0.21538
0.21521
0.2151
0.21504
0.21501
0.21499
0.21495
0.21491
0.21489
0.2149
0.2149
0.2149
0.21491
0.21494
0.21498
0.21501
0.21505
