0,0,0,0,0,0,0
0,0,0,0,0,0,0
2.1635,2.0834,2.9473,1.5455,1.8973,33.314,34.158
4.0934,3.9419,5.5764,2.9242,3.5897,63.031,64.628
7.7193,7.4336,10.516,5.5145,6.7694,118.86,121.88
3.2944,3.1725,4.4879,2.3535,2.889,50.728,52.013
6.1901,5.961,8.4327,4.4221,5.4284,95.317,97.732
2.6511,2.5529,3.6115,1.8939,2.3248,40.822,41.856
4.9573,4.7738,6.7532,3.5414,4.3472,76.333,78.267
2.1389,2.0597,2.9137,1.528,1.8757,32.935,33.769
3.9652,3.8184,5.4017,2.8326,3.4772,61.057,62.604
1.7328,1.6686,2.3605,1.2379,1.5195,26.682,27.358
3.1978,3.0794,4.3562,2.2844,2.8042,49.24,50.487
1.3982,1.3464,1.9047,0.99883,1.2261,21.529,22.075
2.5398,2.4458,3.4599,1.8144,2.2272,39.108,40.099
1.1515,1.1088,1.5686,0.82257,1.0098,17.73,18.179
2.0409,1.9654,2.7803,1.458,1.7897,31.426,32.222
0.95726,0.92183,1.304,0.68385,0.83946,14.74,15.113
1.6363,1.5757,2.2291,1.1689,1.4349,25.196,25.834
0.75526,0.7273,1.0289,0.53954,0.66232,11.63,11.924
1.2746,1.2274,1.7363,0.91053,1.1177,19.626,20.123
0.59947,0.57728,0.81664,0.42826,0.52571,9.2306,9.4645
0.9858,0.94931,1.3429,0.70424,0.86449,15.18,15.564
0.51152,0.49259,0.69683,0.36543,0.44858,7.8763,8.0759
0.80229,0.77259,1.0929,0.57314,0.70356,12.354,12.667
0.46448,0.44729,0.63274,0.33182,0.40733,7.1519,7.3331
0.69147,0.66588,0.94197,0.49398,0.60638,10.647,10.917
0.43104,0.41508,0.58718,0.30793,0.378,6.6369,6.8051
0.61174,0.58909,0.83335,0.43702,0.53646,9.4195,9.6581
0.30112,0.029252,0.099119,0.026883,0.38093,2.7797,6.9164
0.30793,0.056528,0.10184,0.02974,0.40144,2.7805,6.9237
0.34035,0.032326,0.13256,0.048105,0.46892,2.835,6.9254
0.31652,0.057793,0.14315,0.061425,0.45369,2.8388,6.9363
0.3489,0.048255,0.14359,0.063487,0.47793,2.8521,6.9542
0.34643,0.063963,0.1614,0.062157,0.50265,2.8533,6.9661
0.33362,0.026694,0.12617,0.031389,0.45321,2.9055,6.8595
0.40563,0.047736,0.1666,0.05943,0.56622,2.9288,6.8726
0.36029,0.058409,0.14646,0.038718,0.47579,2.9718,6.7651
0.44919,0.025796,0.16526,0.075584,0.61352,3.0105,6.7736
0.53915,0.047388,0.16289,0.051517,0.73309,2.9596,6.6003
0.56856,0.032956,0.18694,0.1066,0.78153,3.0777,6.6143
0.62101,0.024304,0.17078,0.06824,0.85362,2.9459,6.8548
0.63844,0.07724,0.19436,0.13144,0.89123,3.0227,6.8666
0.58347,0.032631,0.17313,0.080506,0.7994,2.7604,6.7879
0.59551,0.070149,0.21423,0.15253,0.84384,2.7752,6.8219
0.46283,0.035945,0.18077,0.072845,0.66687,2.6965,6.7434
0.52874,0.057164,0.25444,0.19207,0.80539,2.7193,6.7994
0.4278,0.056984,0.18171,0.073919,0.61546,2.7161,6.3848
0.51054,0.0356,0.30503,0.21412,0.85008,2.7146,6.4869
0.46106,0.043365,0.20764,0.087414,0.70742,2.7557,5.6976
0.45595,0.031333,0.3822,0.19624,0.96798,2.7666,5.8936
0.44952,0.057582,0.24802,0.11758,0.63603,2.8751,5.4292
0.40932,0.092363,0.4695,0.2198,1.0109,2.9937,5.7183
0.21645,0.027906,0.26628,0.1018,0.56683,2.9908,5.5044
0.20074,0.045033,0.5296,0.21573,1.0918,3.3486,5.8948
0.14031,0.035112,0.28422,0.11597,0.5724,3.0925,5.2788
0.18535,0.046058,0.5508,0.10389,1.1214,3.0465,5.7225
0.5073,0.057692,0.29194,0.080177,0.74904,2.9418,5.1838
0.58835,0.075311,0.53557,0.19695,1.1809,3.0687,5.5552
0.27616,0.086102,0.2335,0.22291,2.0794,7.0096,0.46344
0.21915,0.07186,0.23238,0.21739,2.0943,6.927,0.4372
0.095274,0.053496,0.17899,0.11385,2.0968,3.5519,0.28109
0.097754,0.056681,0.20229,0.12762,2.1317,3.6012,0.35144
0.09701,0.051103,0.17598,0.12744,2.0795,4.1179,0.26097
0.11187,0.051215,0.1974,0.13539,2.1104,4.1475,0.32073
0.10558,0.052092,0.1759,0.12623,2.0726,4.1015,0.25939
0.1495,0.048876,0.19603,0.13177,2.1006,4.1296,0.30951
0.11584,0.05156,0.17399,0.12617,2.0636,4.1277,0.25062
0.18725,0.044523,0.19313,0.13024,2.0894,4.157,0.29477
0.12417,0.050578,0.17213,0.12645,2.056,4.1594,0.24285
0.21781,0.039848,0.19046,0.12969,2.0802,4.19,0.28351
0.13128,0.049531,0.1699,0.12641,2.0453,4.1754,0.23388
0.24004,0.035928,0.18753,0.12931,2.0684,4.2103,0.27294
0.13798,0.048143,0.16884,0.12732,2.0354,4.2175,0.2297
0.25528,0.032255,0.18582,0.13008,2.058,4.2534,0.26849
0.14384,0.047182,0.16819,0.12786,2.028,4.2391,0.23003
0.2675,0.030064,0.18438,0.13058,2.0501,4.2756,0.26805
0.14803,0.045715,0.16805,0.12833,2.0184,4.2618,0.2287
0.27898,0.027772,0.18324,0.13114,2.04,4.3006,0.26612
0.15234,0.044063,0.16669,0.12929,2.012,4.3022,0.22684
0.28706,0.026422,0.18121,0.13223,2.0334,4.3417,0.26477
0.15389,0.042166,0.16585,0.12988,2.0023,4.3264,0.22404
0.28785,0.02542,0.17964,0.13307,2.0233,4.369,0.26255
0.15935,0.040317,0.16495,0.13122,1.9911,4.3807,0.22244
0.30019,0.025797,0.17849,0.13466,2.0124,4.4234,0.2626
0.16189,0.038599,0.1654,0.13174,1.9855,4.408,0.22381
0.30532,0.027215,0.17855,0.13554,2.0066,4.4536,0.26428
0.15858,0.037125,0.16476,0.13264,1.9786,4.4584,0.22244
0.29653,0.029588,0.17805,0.13693,1.9994,4.5058,0.26429
2.1414,0.058101,0.24462,0.15183,0.61481,3.0413,8.8561
2.1418,0.074346,0.41297,0.19036,0.71442,3.1289,8.8555
2.1374,0.041515,0.2163,0.1307,0.70216,3.096,8.7925
2.1383,0.073397,0.41972,0.17003,0.78307,3.1967,8.7935
2.1678,0.040072,0.22891,0.12632,0.73832,3.1998,8.8004
2.1693,0.075946,0.44354,0.16056,0.80707,3.3095,8.8041
2.1987,0.046083,0.24785,0.12952,0.73058,3.2827,8.8331
2.1995,0.081686,0.47111,0.16341,0.80573,3.3976,8.8353
2.2605,0.051169,0.2654,0.13768,0.71759,3.3147,8.7018
2.2618,0.084439,0.50016,0.17641,0.79526,3.4263,8.7044
2.3061,0.051037,0.27716,0.13872,0.71635,3.3237,8.6913
2.3074,0.084445,0.52955,0.1814,0.79867,3.437,8.6945
2.3514,0.052091,0.29147,0.13998,0.72383,3.3195,8.6534
2.3521,0.086075,0.56146,0.18998,0.80709,3.4326,8.6553
2.4388,0.050961,0.30455,0.1432,0.71808,3.2958,8.6101
2.4397,0.086301,0.59633,0.19026,0.80681,3.4193,8.612
2.5519,0.05408,0.3227,0.13888,0.72507,3.3231,8.4386
2.5523,0.090644,0.6328,0.17045,0.82089,3.4544,8.4378
2.6643,0.060831,0.34343,0.13213,0.76484,3.471,8.6854
2.6642,0.096705,0.66364,0.16061,0.85909,3.5984,8.6849
2.7305,0.062254,0.3555,0.13189,0.77476,3.516,8.5762
2.7311,0.099001,0.69054,0.15079,0.87579,3.6578,8.5816
2.7814,0.071725,0.3718,0.1285,0.81983,3.672,9.2323
2.7819,0.10881,0.7149,0.14077,0.92381,3.8488,9.2368
2.643,0.079701,0.39141,0.12585,0.90682,4.0337,9.1196
2.6468,0.11231,0.73004,0.1439,0.98944,4.1443,9.1243
2.4867,0.080509,0.39348,0.13134,0.86275,3.8719,9.0414
2.4901,0.11548,0.74606,0.15859,0.94659,3.9596,9.0443
2.2793,0.078035,0.39718,0.1312,0.83996,3.7277,9.0538
2.2837,0.11818,0.76631,0.17032,0.92029,3.8022,9.0564
0.25398,0.067471,0.11233,0.56696,0.80343,3.0915,0.36553
0.24631,0.1125,0.16489,0.57875,0.88051,3.1539,0.27624
0.19581,0.064673,0.10597,0.58037,0.77924,3.0875,0.18079
0.2217,0.12666,0.15936,0.58856,0.86678,3.1597,0.21479
0.1962,0.066405,0.10042,0.59126,0.7712,3.0277,0.1742
0.21578,0.13219,0.15014,0.59635,0.85362,3.0726,0.21075
0.19477,0.068334,0.095148,0.6018,0.76448,3.0595,0.17032
0.20949,0.13718,0.14092,0.6041,0.84109,3.0911,0.19698
0.1964,0.070953,0.090478,0.62121,0.75769,3.072,0.16268
0.20785,0.14177,0.13257,0.61964,0.82914,3.1034,0.19062
0.20882,0.072208,0.086214,0.63074,0.75167,3.0789,0.1577
0.21518,0.14207,0.12513,0.62445,0.81772,3.1241,0.18474
0.20525,0.073229,0.082572,0.64569,0.74589,3.1704,0.15827
0.20634,0.14007,0.11916,0.63562,0.80741,3.2277,0.17909
0.20926,0.073814,0.079308,0.65158,0.7402,3.1895,0.14956
0.2066,0.13451,0.1149,0.63735,0.79789,3.2693,0.17132
0.21652,0.07368,0.077156,0.67607,0.73508,3.2858,0.14463
0.21234,0.12497,0.11255,0.65874,0.78949,3.3806,0.16655
0.21847,0.07499,0.075111,0.68111,0.73027,3.2738,0.14166
0.21381,0.11481,0.11058,0.66091,0.78012,3.3963,0.16156
0.22479,0.075097,0.073579,0.69964,0.72641,3.3366,0.14142
0.21984,0.10161,0.10964,0.67817,0.7729,3.4713,0.15937
0.21681,0.075283,0.071483,0.70535,0.72201,3.3799,0.1383
0.21211,0.0877,0.10895,0.68402,0.76552,3.529,0.15727
0.22166,0.076558,0.071698,0.70755,0.71832,3.4172,0.13751
0.22056,0.07535,0.10931,0.68701,0.75805,3.5872,0.15509
0.22672,0.077282,0.068771,0.71608,0.71378,3.4749,0.13806
0.22647,0.066899,0.10775,0.69712,0.75053,3.6639,0.15284
0.23902,0.07864,0.068065,0.71658,0.71117,3.4939,0.13294
0.239,0.06686,0.10752,0.7009,0.7451,3.6992,0.14799
0.15033,0.036907,0.10037,0.10079,0.89713,1.2659,0.11284
0.1299,0.037513,0.17737,0.17571,0.97163,2.0833,0.17636
0.17784,0.047501,0.093691,0.12418,0.89125,1.1445,0.10025
0.086699,0.033219,0.16389,0.21174,0.95703,1.8615,0.1683
0.062565,0.019032,0.087457,0.13219,0.88725,1.0583,0.096675
0.18683,0.047025,0.14698,0.22326,0.94628,1.665,0.15951
0.072294,0.021593,0.084768,0.13837,0.88626,0.99077,0.10308
0.26899,0.06463,0.13394,0.23092,0.93913,1.5196,0.1626
0.10804,0.025513,0.079341,0.14303,0.88456,0.92047,0.10346
0.19979,0.04908,0.11874,0.23518,0.93044,1.3453,0.15031
0.14804,0.03145,0.077019,0.14177,0.87904,0.85978,0.10777
0.2817,0.06444,0.10917,0.23098,0.91786,1.2603,0.15086
0.086673,0.017616,0.072996,0.13901,0.8765,0.8475,0.097641
0.31303,0.073939,0.10106,0.22566,0.90725,1.2024,0.13841
0.072645,0.015479,0.071022,0.13429,0.87021,0.83978,0.089489
0.33138,0.080407,0.10052,0.22108,0.89343,1.1829,0.12516
0.27233,0.064052,0.069628,0.13541,0.86429,0.88107,0.093622
0.58832,0.14651,0.10828,0.2226,0.88129,1.3121,0.14384
0.055666,0.02258,0.080275,0.13502,0.86088,0.99969,0.10117
0.54716,0.13,0.12098,0.22014,0.8713,1.3197,0.12109
0.060388,0.025253,0.083259,0.13175,0.85816,1.0572,0.096068
0.69149,0.16958,0.13644,0.21436,0.86494,1.4509,0.13136
0.024943,0.020893,0.088308,0.12763,0.856,1.1086,0.085026
0.5153,0.13083,0.15455,0.20554,0.86095,1.641,0.12031
0.12627,0.0373,0.095241,0.12337,0.85474,1.1452,0.089407
0.60359,0.15175,0.17317,0.19279,0.85859,1.8041,0.13238
0.25463,0.066921,0.1049,0.11401,0.85419,1.1893,0.091682
0.83482,0.20958,0.19328,0.17342,0.85783,1.9771,0.16361
0.058852,0.030969,0.11599,0.10474,0.85446,1.3571,0.10967
0.66551,0.18321,0.21062,0.15012,0.85761,2.1618,0.15846
0.066333,0.030064,0.13294,0.15752,0.7455,4.719,6.0638
0.076357,0.030544,0.24785,0.1849,0.75238,4.7916,6.0648
0.063244,0.027692,0.14612,0.19841,0.7462,5.2438,6.2437
0.073964,0.057614,0.27665,0.22208,0.75563,5.333,6.2443
0.068049,0.045206,0.16043,0.20374,0.74905,5.3832,6.2211
0.080269,0.085468,0.30682,0.22962,0.76549,5.4696,6.2213
0.070798,0.060727,0.17265,0.21047,0.7509,5.3761,6.1749
0.085253,0.10235,0.33175,0.23448,0.77554,5.4603,6.1755
0.074467,0.064055,0.1823,0.20279,0.75307,5.3955,6.2859
0.090399,0.10424,0.34655,0.22984,0.78605,5.4703,6.2869
0.080693,0.059867,0.18359,0.20996,0.75519,5.3687,6.2221
0.097506,0.097193,0.34779,0.23577,0.79573,5.4378,6.2233
0.07933,0.049068,0.18086,0.1997,0.75806,5.3822,6.1676
0.098053,0.084155,0.33792,0.22567,0.80572,5.4429,6.1676
0.07916,0.040307,0.17424,0.19518,0.75657,5.3455,6.1535
0.10039,0.072976,0.3194,0.2201,0.80982,5.4048,6.1546
0.080767,0.033697,0.16073,0.19378,0.75791,5.3558,6.2035
0.10314,0.065652,0.29354,0.2168,0.81569,5.4196,6.2052
0.084605,0.034102,0.15058,0.18996,0.75899,5.4219,6.1551
0.10832,0.064899,0.2682,0.21236,0.82307,5.4896,6.1569
0.089171,0.032642,0.13807,0.1822,0.76022,5.4663,6.1198
0.11334,0.064631,0.24224,0.20496,0.83091,5.5339,6.1211
0.087021,0.035819,0.12581,0.17295,0.76057,5.4516,6.242
0.11311,0.067756,0.21819,0.197,0.8355,5.5219,6.2431
0.087692,0.040192,0.11772,0.1689,0.75958,5.4155,6.154
0.11446,0.070857,0.20047,0.19372,0.83627,5.4877,6.1543
0.091588,0.046803,0.11535,0.16218,0.75605,5.4257,6.1224
0.1166,0.074645,0.19182,0.18828,0.83275,5.5085,6.1231
0.083843,0.051389,0.11223,0.1556,0.75623,5.5219,6.0597
0.11171,0.076082,0.19141,0.18309,0.83723,5.6044,6.0601
0.55086,0.2368,0.38675,0.059547,0.16857,6.7264,8.4383
0.56893,0.25015,0.41952,0.11089,0.31893,6.8732,8.436
0.54203,0.26351,0.43567,0.057551,0.18947,7.0737,8.91
0.56028,0.27876,0.47207,0.10985,0.34249,7.2408,8.9113
0.54478,0.28425,0.47045,0.057688,0.20275,7.2616,8.8237
0.56363,0.29829,0.51037,0.11014,0.36581,7.4378,8.8243
0.5345,0.30164,0.48469,0.05775,0.22553,7.4458,8.458
0.5544,0.31472,0.5278,0.10991,0.3955,7.6194,8.46
0.5419,0.30551,0.48696,0.058967,0.24186,7.4826,8.6254
0.56471,0.31924,0.53433,0.11013,0.42204,7.6478,8.6276
0.54803,0.30093,0.49293,0.059572,0.26,7.4614,8.458
0.56807,0.31087,0.54408,0.11204,0.45011,7.6094,8.4625
0.52792,0.30347,0.5003,0.062822,0.26539,7.4372,8.7989
0.55026,0.31299,0.55391,0.11432,0.46862,7.5749,8.7979
0.53214,0.30246,0.48711,0.060554,0.28361,7.4436,8.5667
0.55552,0.31119,0.54503,0.11655,0.49298,7.5727,8.5637
0.53363,0.30482,0.48948,0.062386,0.29094,7.4229,8.582
0.55838,0.31314,0.54879,0.12018,0.50879,7.5403,8.5799
0.53453,0.30957,0.4974,0.064252,0.31171,7.4969,9.0427
0.55864,0.31591,0.55614,0.12483,0.52934,7.5881,9.0448
0.53295,0.31201,0.49659,0.067657,0.31206,7.5138,10.079
0.55652,0.31858,0.55674,0.12926,0.53744,7.6145,10.079
0.53648,0.32302,0.50687,0.072604,0.33106,7.6814,8.724
0.5606,0.32889,0.56467,0.13476,0.55493,7.7748,8.7251
0.53602,0.32797,0.51767,0.072165,0.34204,7.6927,9.2777
0.55863,0.33316,0.57351,0.1387,0.56561,7.782,9.2804
0.53188,0.33231,0.51154,0.074582,0.34655,7.7768,9.6719
0.55467,0.33626,0.56537,0.14368,0.57105,7.8524,9.6712
0.53261,0.33022,0.51803,0.075836,0.35653,7.7277,8.7064
0.55693,0.33478,0.56904,0.14861,0.57942,7.8008,8.7041
0.18201,0.059046,1.0069,0.092165,0.30029,2.3716,0.38009
0.27771,0.092162,0.92995,0.15046,0.51024,3.7025,0.44604
0.17579,0.062782,1.0244,0.091662,0.29974,2.5327,0.40319
0.26537,0.084434,0.98395,0.13893,0.46246,3.5739,0.43512
0.18029,0.060393,1.025,0.095366,0.3599,2.5051,0.40739
0.26675,0.084881,0.97928,0.13672,0.4775,3.3953,0.44184
0.16922,0.058523,1.0374,0.086564,0.25183,2.4418,0.40021
0.26001,0.083431,0.99261,0.12652,0.35471,3.2554,0.43266
0.17809,0.058485,1.0094,0.083506,0.2528,2.5815,0.40129
0.26586,0.082011,0.97014,0.12084,0.36483,3.2469,0.43243
0.18277,0.061166,0.97728,0.090185,0.32929,2.4154,0.4035
0.26484,0.08196,0.94443,0.1212,0.4028,3.0447,0.43048
0.17324,0.057245,0.98253,0.07846,0.16698,2.3771,0.40182
0.26016,0.077179,0.95942,0.10937,0.24837,2.8508,0.42599
0.1753,0.058125,0.92165,0.086199,0.28812,2.4699,0.40675
0.25376,0.077002,0.89824,0.1115,0.34161,2.8557,0.42549
0.17001,0.056683,0.94423,0.0816,0.26962,2.3468,0.40179
0.23792,0.075472,0.93675,0.10294,0.27565,2.7187,0.42277
0.165,0.055732,0.9564,0.076698,0.18182,2.2903,0.39583
0.22996,0.07311,0.95342,0.099151,0.25431,2.668,0.41891
0.16602,0.055796,0.93872,0.083201,0.35322,2.2853,0.40354
0.22375,0.070735,0.94576,0.1025,0.40273,2.5604,0.42343
0.1548,0.056738,0.93601,0.075223,0.10667,2.4244,0.39914
0.21317,0.071452,0.94597,0.093842,0.18884,2.7428,0.42197
0.15578,0.056191,0.90335,0.087944,0.4221,2.4537,0.40902
0.20348,0.068764,0.92038,0.10378,0.46788,2.7345,0.42945
0.15605,0.05314,0.94529,0.074423,0.13527,2.3869,0.40285
0.20237,0.064638,0.96751,0.090452,0.21077,2.62,0.42314
0.15444,0.055554,0.88488,0.089401,0.4667,2.4795,0.41536
0.19383,0.066229,0.90749,0.10357,0.50837,2.7577,0.43763
1.6718,0.21654,0.30912,0.10848,0.11518,9.335,0.091411
1.6873,0.21661,0.30928,0.11813,0.18695,10.081,0.12788
2.1465,0.22203,0.28105,0.11261,0.10953,16.168,0.12157
2.1738,0.22828,0.2923,0.14826,0.16565,16.09,0.129
2.2853,0.24762,0.31671,0.11287,0.10612,15.875,0.092495
2.3171,0.25283,0.327,0.13459,0.16152,15.952,0.09665
2.3726,0.24785,0.31078,0.087552,0.10251,17.214,0.097571
2.3874,0.25146,0.32127,0.096028,0.15824,16.82,0.09583
2.288,0.25226,0.31445,0.092404,0.10196,16.602,0.094451
2.302,0.25588,0.32333,0.10105,0.15922,16.24,0.094534
2.4196,0.24534,0.31169,0.10312,0.10092,17.691,0.087752
2.4195,0.24734,0.31997,0.10775,0.15936,17.098,0.087234
2.4073,0.25313,0.32665,0.10381,0.10038,16.613,0.098005
2.3986,0.25394,0.3337,0.10125,0.15621,15.891,0.097727
2.3479,0.23829,0.32335,0.096583,0.10904,15.714,0.090126
2.3447,0.23909,0.32931,0.1131,0.15679,15.227,0.090348
2.3635,0.24384,0.32889,0.1125,0.098996,16.361,0.092164
2.3588,0.24717,0.3384,0.15093,0.14493,15.704,0.091778
2.3449,0.24264,0.31187,0.12447,0.096231,16.814,0.093209
2.3463,0.2448,0.32036,0.14984,0.13892,16.42,0.092744
2.4411,0.24922,0.32374,0.098416,0.093238,17.659,0.087304
2.4429,0.24984,0.32826,0.10774,0.12905,17.42,0.087789
2.463,0.24928,0.32577,0.093082,0.090315,17.9,0.09042
2.4612,0.25091,0.33171,0.10856,0.11833,17.404,0.08876
2.4864,0.24985,0.32747,0.11452,0.081104,17.965,0.089693
2.4802,0.25034,0.33179,0.12423,0.10602,17.543,0.088855
2.3367,0.25304,0.3316,0.097644,0.083552,17.749,0.093246
2.3405,0.25355,0.33594,0.11133,0.10045,17.601,0.091856
2.508,0.25772,0.31612,0.104,0.075139,19.449,0.088402
2.5018,0.26097,0.32336,0.14904,0.089588,19.049,0.086644
0.10435,2.4297,0.80226,0.063099,0.089224,6.9759,0.48629
0.11608,2.4329,0.79802,0.068039,0.10793,6.9662,0.48492
0.11337,2.5325,0.87448,0.084358,0.11846,7.9477,0.43269
0.14896,2.5347,0.86567,0.087494,0.1487,7.9214,0.43275
0.117,2.539,0.87993,0.14103,0.18278,8.0971,0.43644
0.14815,2.542,0.86701,0.14071,0.22974,8.0281,0.44655
0.12488,2.5789,0.89182,0.065375,0.13499,7.9526,0.44561
0.15287,2.5814,0.88263,0.076452,0.23885,7.8739,0.47556
0.12937,2.4084,0.87846,0.12741,0.2029,7.8479,0.45258
0.15354,2.4104,0.87942,0.12896,0.3115,7.7778,0.50336
0.12246,2.5314,0.86868,0.063832,0.17352,7.9347,0.45157
0.1466,2.5326,0.88402,0.086178,0.32722,7.9004,0.52658
0.12499,2.4956,0.83702,0.13777,0.23584,7.7539,0.45409
0.14894,2.4969,0.85732,0.14111,0.377,7.7396,0.54169
0.11981,2.5294,0.88214,0.068621,0.19797,7.8904,0.45971
0.14639,2.5304,0.90423,0.098878,0.38232,7.8915,0.56243
0.12605,2.4415,0.85416,0.14753,0.26063,7.6778,0.46445
0.14826,2.4423,0.87813,0.14264,0.4249,7.6849,0.58296
0.11696,2.4508,0.81148,0.065445,0.22317,7.4555,0.44968
0.13857,2.4515,0.83991,0.096301,0.42356,7.4764,0.57854
0.11416,2.5598,0.81486,0.14678,0.26616,7.2966,0.44865
0.13642,2.5603,0.83341,0.1552,0.43798,7.2996,0.57075
0.11287,2.518,0.80468,0.066946,0.21995,7.4718,0.43794
0.13992,2.5182,0.8355,0.10569,0.42117,7.5363,0.57276
0.11754,2.5166,0.75926,0.15312,0.29718,7.0809,0.41592
0.1409,2.5168,0.77593,0.14697,0.46263,7.0976,0.56035
0.12037,2.442,0.74808,0.076905,0.23318,7.0431,0.43472
0.14367,2.4432,0.78011,0.10712,0.44903,7.12,0.58927
0.11263,2.543,0.72281,0.13772,0.29469,6.7053,0.41409
0.13686,2.544,0.74799,0.13608,0.4746,6.771,0.57295
0.14442,0.085126,1.1505,0.15269,0.32259,5.3528,9.6067
0.17996,0.099406,1.1547,0.16789,0.52695,5.4105,9.6053
0.1507,0.088703,1.0605,0.17012,0.31385,5.2217,9.6077
0.18667,0.10919,1.0605,0.18191,0.4521,5.6698,9.6089
0.15794,0.079712,1.0291,0.16693,0.27757,4.954,9.6411
0.19366,0.091148,1.0349,0.17259,0.361,4.9566,9.64
0.15275,0.079279,1.044,0.16667,0.25061,4.9938,9.4116
0.19154,0.08523,1.0458,0.171,0.29377,4.9676,9.4111
0.15029,0.075554,1.0222,0.16169,0.23902,5.2269,9.345
0.1912,0.078738,1.0241,0.16505,0.25159,5.2669,9.3484
0.15035,0.073896,1.0257,0.15688,0.21877,4.6707,9.3363
0.194,0.069253,1.001,0.16578,0.22683,4.6502,9.3372
0.1639,0.076839,0.92904,0.17042,0.24299,4.9598,9.285
0.20543,0.077001,0.92893,0.17221,0.24094,5.0678,9.2842
0.15044,0.15004,1.1105,0.14017,0.19459,4.6279,9.3944
0.19859,0.14582,1.106,0.14479,0.19604,4.5684,9.394
0.15171,0.069293,0.89163,0.15509,0.22029,4.568,9.1838
0.19883,0.065038,0.90514,0.15622,0.21466,4.464,9.1843
0.15649,0.10396,0.99929,0.13968,0.19465,4.5352,9.3018
0.20481,0.10072,1.0003,0.14594,0.19653,4.6719,9.3052
0.15609,0.084496,0.86741,0.16523,0.22951,4.6593,9.3604
0.2052,0.078455,0.87997,0.1675,0.2251,4.5993,9.3593
0.15528,0.13376,1.0412,0.13287,0.18832,4.3225,9.251
0.20829,0.12917,1.0396,0.1401,0.19236,4.3284,9.2513
0.15423,0.062343,0.88843,0.1459,0.20678,4.2071,9.4383
0.20918,0.067535,0.87814,0.15622,0.21454,4.319,9.4352
0.16022,0.088426,0.95714,0.13989,0.19932,4.4183,9.2495
0.21479,0.0966,0.97289,0.14561,0.19761,4.4324,9.2501
0.15177,0.085442,0.96475,0.12963,0.18913,4.2863,9.3434
0.21349,0.072768,0.94998,0.14454,0.20396,4.1787,9.3407
0.12119,0.041754,0.5844,0.076258,0.41651,8.4398,0.28765
0.17889,0.075169,0.59466,0.095556,0.43753,8.5865,0.2802
0.12972,0.061814,0.61799,0.088955,0.37675,9.4944,0.25623
0.1889,0.094906,0.63259,0.10593,0.40434,9.5921,0.24996
0.12246,0.068523,0.59503,0.079776,0.36354,9.2905,0.24857
0.18815,0.096843,0.61665,0.099467,0.40071,9.3927,0.24681
0.12651,0.061643,0.59854,0.080441,0.35108,9.2683,0.23177
0.1949,0.091302,0.62755,0.10056,0.40149,9.3939,0.23542
0.13744,0.063032,0.57542,0.078456,0.34509,9.6633,0.23668
0.20557,0.092519,0.61669,0.10077,0.40936,9.7618,0.24771
0.14021,0.066238,0.56874,0.081195,0.33797,9.3891,0.22943
0.21135,0.095372,0.61973,0.10376,0.41747,9.4866,0.24833
0.13771,0.064707,0.55706,0.082767,0.33735,9.2396,0.22789
0.21366,0.095153,0.62723,0.10629,0.43376,9.3352,0.25724
0.13197,0.073158,0.56425,0.085521,0.33133,9.2362,0.21845
0.21405,0.10131,0.64016,0.10917,0.4382,9.334,0.25347
0.13345,0.072237,0.5345,0.07618,0.33588,9.195,0.23188
0.21782,0.10098,0.62172,0.10372,0.44752,9.2441,0.26748
0.14715,0.068077,0.53787,0.082703,0.32691,8.7067,0.22044
0.22824,0.095611,0.62878,0.10903,0.43884,8.76,0.25562
0.13951,0.067713,0.5116,0.087954,0.31693,8.7138,0.20793
0.22448,0.092118,0.60908,0.11414,0.42916,8.8069,0.24292
0.14313,0.069978,0.49235,0.093558,0.29485,8.9738,0.2
0.22638,0.093081,0.60082,0.11993,0.41767,8.984,0.23891
0.13552,0.06846,0.46242,0.085424,0.27061,8.1178,0.19305
0.22064,0.086701,0.57955,0.11255,0.3952,8.2143,0.22912
0.15363,0.062842,0.44238,0.083763,0.26127,8.9182,0.18296
0.22996,0.081568,0.57164,0.11067,0.39621,9.001,0.22579
0.13846,0.069154,0.41805,0.077197,0.24946,8.7857,0.17244
0.21831,0.086012,0.56283,0.1037,0.39805,8.8572,0.22488
0.12229,0.092723,0.40378,0.085894,0.37788,1.4829,0.17244
0.19917,0.11656,0.62683,0.11772,0.62084,1.5607,0.21147
0.14918,0.070701,0.36979,0.082187,0.29928,2.0617,0.1536
0.23603,0.11633,0.58426,0.11077,0.53541,2.1057,0.17742
0.12748,0.058676,0.35162,0.080732,0.2722,2.556,0.1716
0.1994,0.08572,0.54974,0.10702,0.48844,2.9609,0.19786
0.10947,0.046903,0.33842,0.08085,0.2544,2.5301,0.16445
0.1659,0.058283,0.53371,0.10651,0.46357,2.7531,0.17476
0.10995,0.051443,0.33796,0.091486,0.25519,2.3723,0.161
0.16311,0.058282,0.53288,0.11512,0.46408,2.6568,0.17191
0.1205,0.054119,0.33925,0.087691,0.26246,2.3308,0.14912
0.16819,0.059983,0.53667,0.1127,0.47028,2.5242,0.15639
0.10876,0.054978,0.36454,0.082142,0.25855,2.1971,0.14349
0.1595,0.060465,0.55199,0.10898,0.47043,2.3476,0.14851
0.113,0.051829,0.33914,0.078352,0.26382,2.1952,0.14369
0.16185,0.056659,0.53793,0.10645,0.47392,2.3817,0.15084
0.10395,0.051565,0.33685,0.096046,0.26136,2.0802,0.13878
0.15513,0.05683,0.53507,0.11984,0.47179,2.1729,0.14132
0.10583,0.054643,0.34204,0.082524,0.25865,1.9642,0.13763
0.15571,0.057622,0.53439,0.10967,0.46792,2.1572,0.14423
0.11902,0.051407,0.33732,0.08313,0.2563,1.8152,0.12968
0.16262,0.055395,0.52692,0.10962,0.46302,1.9009,0.13188
0.1015,0.049397,0.34861,0.095309,0.25901,1.6432,0.11724
0.14943,0.052124,0.52687,0.11876,0.45961,1.8193,0.12289
0.097452,0.04821,0.32696,0.077839,0.25045,1.5227,0.12247
0.14425,0.051907,0.50698,0.10492,0.44931,1.595,0.12368
0.095919,0.047798,0.32401,0.10224,0.25722,1.4069,0.11008
0.14149,0.050199,0.49655,0.12331,0.44619,1.5512,0.11373
0.096451,0.045794,0.31189,0.10154,0.24207,1.3767,0.11033
0.13945,0.048637,0.48084,0.12196,0.4301,1.4873,0.11275
0.15574,0.078627,0.30941,0.069329,0.14428,0.97001,15.035
0.15416,0.081601,0.40082,0.088476,0.2013,1.2821,15.049
0.14434,0.076706,0.36547,0.058357,0.13744,2.0804,15.281
0.15804,0.077122,0.4463,0.0828,0.20421,1.9865,15.288
0.16104,0.055694,0.36778,0.070041,0.1488,0.98773,15.658
0.16334,0.06043,0.46444,0.091295,0.20408,1.287,15.676
0.16894,0.07705,0.48707,0.066212,0.15472,2.7577,15.876
0.18523,0.0792,0.5667,0.093133,0.21573,2.7524,15.87
0.21161,0.0611,0.51168,0.068553,0.15391,1.4868,15.333
0.23017,0.066376,0.59115,0.097456,0.21122,1.6799,15.332
0.16282,0.084079,0.61357,0.083339,0.14522,3.1743,15.567
0.19225,0.087068,0.67487,0.11238,0.20888,3.1753,15.581
0.18937,0.065931,0.62668,0.079069,0.15065,1.9838,15.608
0.21093,0.071587,0.67803,0.11237,0.20859,2.0589,15.611
0.15995,0.080203,0.6484,0.075971,0.16046,3.1058,15.552
0.18735,0.083425,0.68529,0.11546,0.2159,3.0036,15.553
0.17387,0.072768,0.62569,0.071441,0.15641,2.0526,15.322
0.19431,0.077944,0.65222,0.1152,0.21139,1.9991,15.318
0.13667,0.07748,0.6031,0.08412,0.14287,2.6214,15.254
0.16397,0.081274,0.62253,0.12654,0.2015,2.4955,15.249
0.14929,0.064362,0.53837,0.074712,0.12624,1.7705,15.202
0.17311,0.069059,0.55897,0.12212,0.18857,1.6632,15.205
0.10889,0.071176,0.51127,0.072144,0.1335,1.9672,15.252
0.13759,0.074872,0.5358,0.12186,0.19112,1.9095,15.254
0.11189,0.063774,0.47782,0.075907,0.13123,1.5735,15.34
0.13582,0.067232,0.50168,0.12457,0.18661,1.5133,15.336
0.10077,0.070367,0.45195,0.073061,0.12484,1.6161,15.365
0.12335,0.073055,0.48144,0.12307,0.1796,1.6032,15.357
0.090141,0.060819,0.43022,0.072699,0.11222,1.5674,15.389
0.11249,0.063044,0.46556,0.12324,0.16846,1.5481,15.385
0.11036,0.041299,0.44712,0.081322,0.18866,3.2612,8.4806
0.13816,0.050218,0.48862,0.10979,0.23311,3.3388,8.4843
0.1002,0.053586,0.49108,0.063464,0.17877,3.6841,8.3234
0.1351,0.060945,0.53094,0.085626,0.21527,3.7563,8.3253
0.13048,0.046586,0.49215,0.065224,0.19601,3.6172,8.4347
0.15328,0.053879,0.53123,0.077891,0.23474,3.683,8.436
0.15214,0.049296,0.48918,0.06245,0.19745,3.5072,8.0464
0.16833,0.058695,0.53069,0.071151,0.24817,3.6291,8.0469
0.091241,0.052598,0.47395,0.059916,0.19341,3.4778,8.1867
0.11876,0.060175,0.51093,0.067871,0.25823,3.5441,8.1884
0.13695,0.057374,0.4811,0.056623,0.20529,3.6526,8.3221
0.15739,0.065107,0.51553,0.065906,0.2857,3.7036,8.3193
0.17181,0.051536,0.48094,0.059696,0.20636,3.6012,8.3839
0.18517,0.060906,0.5164,0.067727,0.30333,3.6476,8.3796
0.096697,0.057657,0.47153,0.055185,0.21379,3.5477,8.1002
0.12379,0.067567,0.50629,0.065529,0.31674,3.6272,8.1051
0.1202,0.053174,0.44718,0.058162,0.22957,3.5022,8.1627
0.14182,0.063742,0.48657,0.068314,0.34045,3.5721,8.1675
0.092841,0.061996,0.44649,0.062655,0.23911,3.4851,8.505
0.12145,0.072808,0.48583,0.072843,0.357,3.5581,8.5002
0.13083,0.050855,0.43359,0.069603,0.2616,3.39,7.8049
0.15148,0.06434,0.47364,0.078991,0.37865,3.4586,7.8044
0.093399,0.050252,0.42385,0.0629,0.22948,3.5142,8.0336
0.12337,0.064995,0.46471,0.074112,0.36713,3.5822,8.0378
0.10293,0.059224,0.42011,0.073904,0.23459,3.3653,8.3339
0.13005,0.072324,0.46174,0.083442,0.37639,3.4309,8.3387
0.090769,0.048355,0.42566,0.058872,0.23784,3.3314,8.3613
0.12214,0.064267,0.46534,0.07099,0.38083,3.403,8.3596
0.13853,0.04851,0.40135,0.060136,0.24372,3.2952,7.938
0.15968,0.064866,0.44292,0.07233,0.3904,3.36,7.9408
0.063198,0.05365,0.2607,0.12983,0.20553,3.249,10.577
0.09645,0.06516,0.29011,0.14338,0.32166,3.1699,10.575
0.071228,0.062666,0.2252,0.13733,0.22668,1.2244,10.445
0.10213,0.071109,0.25255,0.15129,0.29452,1.0593,10.448
0.077317,0.0514,0.20281,0.1353,0.24758,1.1671,10.259
0.10064,0.057506,0.22203,0.14729,0.27583,1.0227,10.25
0.086891,0.052401,0.17737,0.14424,0.23653,1.2479,10.263
0.1066,0.055964,0.19075,0.15643,0.25502,2.1777,10.275
0.087803,0.055839,0.1759,0.13643,0.22157,2.659,10.584
0.095558,0.057102,0.18951,0.15305,0.23222,1.9358,10.582
0.077821,0.049237,0.19702,0.13161,0.22986,2.847,10.599
0.08375,0.051244,0.20253,0.15235,0.24579,2.2178,10.601
0.05825,0.04946,0.17887,0.13491,0.22931,2.2836,10.355
0.06599,0.050517,0.18924,0.16017,0.24135,2.0142,10.354
0.050972,0.047664,0.17804,0.13234,0.20994,1.8832,10.535
0.06118,0.049012,0.18555,0.16217,0.23547,1.7536,10.536
0.061067,0.047851,0.17904,0.13411,0.24512,1.262,10.193
0.069822,0.048871,0.18778,0.16814,0.26754,1.3713,10.194
0.059656,0.054812,0.1647,0.13569,0.22714,1.0539,10.341
0.068011,0.055673,0.17317,0.17056,0.24868,1.1206,10.341
0.048377,0.052089,0.17654,0.13912,0.23797,0.95713,10.554
