0.047884,20.467,-11.175,-8.0575,-0.66833,-0.027353,0.0001163
-1.0774,20.627,-11.503,-8.0136,-0.72996,-0.11796,-0.049937
-0.8839,20.284,-11.698,-8.7519,-1.3602,-0.73385,-0.59909
-0.5903,19.643,-11.245,-8.8303,-1.3956,-0.69792,-0.58911
-0.37549,19.768,-11.239,-8.7974,-1.3588,-0.68067,-0.58
-0.16672,19.503,-11.165,-8.7653,-1.3383,-0.66507,-0.57177
-0.072289,19.674,-11.189,-8.7469,-1.3077,-0.64996,-0.56451
0.10851,19.562,-11.148,-8.7435,-1.2919,-0.63718,-0.55796
0.12099,19.716,-11.181,-8.7351,-1.2663,-0.62407,-0.55215
0.26313,19.703,-11.164,-8.7479,-1.2517,-0.61389,-0.54692
0.22235,19.817,-11.196,-8.7463,-1.2304,-0.60256,-0.54224
0.32694,19.86,-11.192,-8.7692,-1.2173,-0.59478,-0.53805
-2.3365,19.888,-11.493,-8.5101,-1.1599,-0.55389,-0.5345
-1.8774,19.821,-11.36,-8.5908,-1.1678,-0.551,-0.5311
-2.4028,20.251,-11.743,-8.4616,-1.0788,-0.53677,-0.52773
0.65371,20.707,-11.587,-8.7547,-1.0859,-0.56841,-0.52468
-1.0798,21.034,-11.99,-8.5272,-1.0058,-0.54331,-0.52218
0.90093,21.303,-11.771,-8.7585,-1.0408,-0.56438,-0.52002
-1.2897,21.413,-12.108,-8.5045,-0.97693,-0.53498,-0.51809
0.113,21.174,-11.681,-8.7456,-1.0529,-0.55,-0.51651
-1.8355,21.176,-11.968,-8.5164,-0.99695,-0.52412,-0.51489
0.39093,20.668,-11.385,-8.8665,-1.0944,-0.5499,-0.51346
-1.4399,20.72,-11.701,-8.6363,-1.0326,-0.52634,-0.5121
0.66027,20.158,-11.151,-8.9723,-1.1239,-0.55124,-0.51091
-1.391,20.282,-11.521,-8.7083,-1.0533,-0.5254,-0.50982
0.25266,19.779,-11.062,-8.988,-1.1278,-0.54469,-0.50886
-1.7569,19.981,-11.457,-8.7177,-1.0517,-0.51939,-0.50797
0.2086,19.671,-11.068,-9.0123,-1.1105,-0.54257,-0.50711
-1.6797,19.941,-11.473,-8.7467,-1.0319,-0.51907,-0.50638
0.5364,19.286,-10.878,-9.1329,-1.1415,-0.50382,-0.50475
-0.086014,19.685,-11.037,-9.0589,-1.1144,-0.50667,-0.50453
-0.36125,19.339,-11.037,-9.1353,-1.1024,-0.46332,-0.50454
0.25923,19.79,-11.106,-9.1754,-1.0759,-0.48697,-0.50408
-1.815,19.313,-11.074,-9.0093,-1.0664,-0.54845,-0.50318
-1.643,19.599,-11.135,-9.0179,-1.0428,-0.54613,-0.50294
-2.2246,19.461,-10.877,-9.1172,-1.0278,-0.6787,-0.50187
-4.1037,19.096,-11.001,-8.9139,-1.0152,-0.62557,-0.50192
-1.7497,20.296,-10.956,-8.8158,-1.0193,-0.88168,-0.50141
-3.4947,19.072,-10.944,-8.7595,-1.0195,-0.77509,-0.5013
-2.1691,20.381,-11.144,-8.5797,-0.99863,-0.87778,-0.50379
-1.2898,19.519,-11.005,-8.8042,-0.99894,-0.7956,-0.50302
-0.36233,18.722,-10.829,-9.2448,-1.0248,-0.65284,-0.50255
0.045827,19.421,-11.024,-9.2677,-1.0034,-0.60401,-0.50267
1.3795,19.454,-11.265,-9.4517,-1.0009,-0.42507,-0.50389
1.1136,19.655,-11.267,-9.3961,-0.99275,-0.4163,-0.50402
2.3481,19.788,-11.328,-9.945,-0.8926,-0.40744,-0.50419
0.63458,19.376,-11.312,-9.6548,-0.89692,-0.3777,-0.50427
3.4317,20.52,-11.483,-10.051,-0.91227,-0.36608,-0.50397
1.1691,19.554,-11.345,-9.7484,-0.93027,-0.33559,-0.50413
2.3154,20.591,-11.518,-10.223,-0.88935,-0.20197,-0.50245
2.1612,20.086,-11.362,-10.107,-0.87918,-0.24737,-0.50217
0.73761,20.916,-11.63,-11.019,-0.8545,0.13803,-0.50119
0.26,19.394,-11.151,-10.59,-0.88018,0.02439,-0.50088
0.48195,19.619,-11.553,-11.009,-0.86367,0.29279,-0.50208
-1.1245,19.144,-11.299,-10.482,-0.85679,0.16928,-0.50213
-3.7871,18.247,-10.521,-8.8393,-0.85462,-0.56629,-0.50095
-3.5801,18.604,-10.526,-8.8965,-0.82511,-0.59013,-0.50103
-6.8584,17.121,-9.9787,-7.6338,-0.86773,-0.9507,-0.5007
-5.2627,18.279,-10.251,-8.1765,-0.824,-0.85693,-0.50074
0.40982,19.088,-10.818,-10.542,-0.86267,-0.17068,-0.50048
-0.30689,18.327,-10.662,-10.342,-0.85529,-0.19479,-0.50042
-0.75775,18.752,-10.776,-10.144,-0.84218,-0.28692,-0.50067
-1.1119,18.23,-10.646,-10.063,-0.83048,-0.29015,-0.50062
-1.3365,18.593,-10.697,-10.099,-0.82446,-0.29013,-0.50091
-1.5942,18.036,-10.552,-10.038,-0.81371,-0.29138,-0.50084
-1.8692,18.428,-10.592,-10.058,-0.80118,-0.29898,-0.50108
-2.0317,17.85,-10.442,-10.019,-0.79195,-0.29701,-0.50099
-2.2503,18.298,-10.508,-10.037,-0.78046,-0.30287,-0.50121
-2.3466,17.69,-10.348,-10.015,-0.77253,-0.29867,-0.50111
-2.5249,18.178,-10.422,-10.042,-0.7583,-0.3009,-0.5013
-2.5751,17.539,-10.255,-10.031,-0.75197,-0.29523,-0.50119
-2.6748,18.07,-10.353,-10.03,-0.74239,-0.2993,-0.50135
-2.7009,17.416,-10.179,-10.034,-0.73652,-0.29214,-0.50125
-2.7345,17.97,-10.291,-10.038,-0.72782,-0.29149,-0.5014
-2.7461,17.305,-10.113,-10.051,-0.72266,-0.28348,-0.50131
-2.7911,17.863,-10.234,-10.053,-0.71294,-0.283,-0.50145
-2.78,17.205,-10.054,-10.07,-0.70858,-0.27445,-0.50136
-2.8324,17.756,-10.167,-10.065,-0.6959,-0.27653,-0.50147
-2.8161,17.098,-9.9843,-10.088,-0.69228,-0.26751,-0.5014
-2.8476,17.636,-10.106,-10.089,-0.67983,-0.26666,-0.50148
-2.8284,17.005,-9.9244,-10.114,-0.67674,-0.25784,-0.50143
-2.8495,17.531,-10.05,-10.104,-0.66143,-0.25967,-0.50145
-2.8163,16.925,-9.8736,-10.13,-0.65951,-0.25028,-0.50142
-2.8259,17.42,-10.005,-10.121,-0.65084,-0.24795,-0.50147
-2.7884,16.851,-9.8332,-10.148,-0.64922,-0.23872,-0.50146
-2.8116,17.333,-9.966,-10.136,-0.63124,-0.23922,-0.50142
-2.7685,16.78,-9.7939,-10.164,-0.63121,-0.22977,-0.50143
-2.8013,17.226,-9.9239,-10.146,-0.60846,-0.22914,-0.50128
-2.7604,16.722,-9.76,-10.174,-0.61012,-0.21988,-0.50133
-1.8623,17.643,-10.685,-9.5317,-0.36017,-0.20362,-0.49551
-1.9227,17.458,-10.559,-9.5448,-0.34709,-0.19721,-0.49555
-1.9451,16.757,-10.28,-9.709,-0.47038,-0.19523,-0.49779
-1.9893,17.052,-10.259,-9.7226,-0.4523,-0.18966,-0.49784
-1.8998,16.27,-9.8993,-10,-0.61734,-0.1735,-0.50187
-1.9716,16.655,-9.9335,-9.9741,-0.58254,-0.17032,-0.5015
-2.1402,16.042,-9.7012,-10.134,-0.65113,-0.1688,-0.50228
-2.1903,16.359,-9.7039,-10.131,-0.63567,-0.1641,-0.50225
-2.4182,15.978,-9.6314,-10.126,-0.62673,-0.16899,-0.50248
-2.3947,16.245,-9.6409,-10.119,-0.61437,-0.16162,-0.50239
-2.4568,15.932,-9.6227,-10.107,-0.60424,-0.15776,-0.50278
-2.4022,16.182,-9.6346,-10.095,-0.59404,-0.14986,-0.50263
-2.8036,15.791,-9.5294,-10.139,-0.57666,-0.15674,-0.50212
-2.6526,16.058,-9.5625,-10.117,-0.56943,-0.14606,-0.502
-2.4653,15.862,-9.6111,-10.029,-0.56806,-0.14035,-0.50171
-2.3457,16.065,-9.6236,-10.025,-0.56141,-0.13,-0.50163
-1.5429,16.036,-9.8554,-9.911,-0.55975,-0.10453,-0.49933
-1.5752,16.199,-9.8241,-9.9222,-0.55206,-0.099142,-0.49953
-1.5864,15.935,-9.8304,-9.8557,-0.54135,-0.10519,-0.49887
-1.5831,16.167,-9.8169,-9.8789,-0.53405,-0.097825,-0.49911
-0.7701,16.154,-10.041,-9.7309,-0.54171,-0.073463,-0.5015
-0.92935,16.279,-9.9718,-9.7844,-0.53334,-0.070263,-0.50154
0.28399,16.372,-10.316,-9.6202,-0.53698,-0.037385,-0.49974
-0.029076,16.539,-10.257,-9.6537,-0.50068,-0.039391,-0.49949
-1.0918,16.039,-9.9569,-9.7105,-0.4909,-0.076065,-0.5004
-0.96157,16.397,-10.047,-9.6737,-0.44858,-0.064658,-0.49963
-1.4995,16.208,-9.9453,-9.6357,-0.41889,-0.075199,-0.49929
-1.273,16.368,-10.005,-9.6121,-0.39239,-0.059599,-0.49868
-2.1752,16.2,-9.8145,-9.6805,-0.37869,-0.073091,-0.49938
-1.8077,16.247,-9.871,-9.6546,-0.36572,-0.053639,-0.49883
-2.7817,16.151,-9.5774,-9.5214,-0.38439,-0.093079,-0.49751
-2.257,15.99,-9.6024,-9.6179,-0.41967,-0.062907,-0.49804
-1.8967,16.497,-9.8272,-9.5001,-0.40023,-0.044513,-0.49749
-1.4775,16.142,-9.8048,-9.5854,-0.43068,-0.018069,-0.49795
-1.0269,16.732,-10.034,-9.4254,-0.41425,-0.015543,-0.49756
-0.70569,16.325,-9.9912,-9.5204,-0.43898,0.0088615,-0.49797
-0.37747,16.971,-10.211,-9.3705,-0.42366,0.011915,-0.49767
-0.12676,16.495,-10.147,-9.4749,-0.44538,0.035097,-0.49805
0.20431,17.238,-10.379,-9.3244,-0.43001,0.034676,-0.49775
0.38643,16.673,-10.291,-9.4365,-0.45008,0.056987,-0.49813
0.77054,17.507,-10.534,-9.3647,-0.43282,0.054814,-0.49787
0.88945,16.875,-10.434,-9.4733,-0.45113,0.0769,-0.49822
1.1952,17.778,-10.682,-9.447,-0.4326,0.077484,-0.49799
1.2647,17.075,-10.563,-9.5383,-0.45068,0.098083,-0.49833
1.578,18.038,-10.815,-9.5273,-0.43188,0.096192,-0.49812
1.6065,17.288,-10.685,-9.6042,-0.44942,0.11591,-0.49844
1.9339,18.283,-10.965,-9.8148,-0.42606,0.13102,-0.4983
1.9223,17.51,-10.822,-9.8231,-0.44419,0.14647,-0.49859
2.3513,18.538,-11.094,-9.6386,-0.4334,0.13564,-0.49832
2.3088,17.755,-10.952,-9.6803,-0.44865,0.15226,-0.4986
2.4852,18.723,-11.16,-9.7416,-0.43074,0.15035,-0.4985
2.4616,17.964,-11.028,-9.7555,-0.44625,0.16615,-0.49875
2.7548,18.906,-11.269,-9.8376,-0.42861,0.17105,-0.49858
2.7236,18.185,-11.14,-9.8204,-0.44398,0.1844,-0.49881
3.0781,19.077,-11.37,-9.7284,-0.43245,0.17805,-0.4986
3.0382,18.41,-11.251,-9.7258,-0.44606,0.19142,-0.49882
3.4694,19.244,-11.512,-9.6808,-0.43503,0.19396,-0.49861
3.4,18.635,-11.391,-9.677,-0.44701,0.20516,-0.49883
3.6702,19.32,-11.564,-9.5912,-0.43968,0.20003,-0.49873
3.6195,18.814,-11.467,-9.5991,-0.44864,0.21138,-0.49888
2.8227,19.073,-11.066,-9.7936,-0.49466,0.19461,-0.50052
3.5674,19.766,-11.447,-9.8144,-0.47576,0.19998,-0.49996
3.2127,18.481,-11.126,-9.7259,-0.53797,0.2154,-0.50125
3.9432,19.47,-11.538,-9.7439,-0.50625,0.21682,-0.50048
3.593,18.892,-11.306,-9.6265,-0.53873,0.22604,-0.50125
4.1753,19.512,-11.629,-9.6856,-0.50959,0.22503,-0.50056
3.7866,18.965,-11.399,-9.5733,-0.51861,0.23741,-0.5008
4.5481,20.101,-11.84,-9.6281,-0.4807,0.23285,-0.49995
4.1422,18.977,-11.53,-9.4737,-0.48423,0.24812,-0.49998
4.7029,19.681,-11.858,-9.5688,-0.45397,0.24439,-0.49931
4.4671,19.502,-11.711,-9.38,-0.43695,0.25066,-0.49892
4.9865,20.059,-12,-9.4823,-0.41321,0.24804,-0.49839
4.6406,19.239,-11.745,-9.3367,-0.40943,0.25773,-0.49825
5.1592,20.209,-12.077,-9.4557,-0.38192,0.25153,-0.49772
4.7312,19.129,-11.725,-9.3589,-0.3905,0.25891,-0.49786
5.0921,19.451,-11.929,-9.4597,-0.37619,0.25419,-0.49756
5.1175,19.087,-11.836,-9.3087,-0.38698,0.27041,-0.49769
5.6093,20.414,-12.19,-9.4073,-0.35904,0.25617,-0.49717
4.8103,18.235,-11.574,-9.3093,-0.41253,0.26577,-0.49828
5.5112,19.983,-12.059,-9.3882,-0.37745,0.2535,-0.49759
4.7078,17.964,-11.507,-9.3033,-0.437,0.26486,-0.49881
5.3754,20.078,-12.009,-9.3906,-0.39289,0.2484,-0.49797
4.7383,18.114,-11.509,-9.294,-0.45781,0.26324,-0.49928
5.3087,19.502,-11.898,-9.359,-0.42164,0.2502,-0.49853
4.6047,18.11,-11.44,-9.2754,-0.47354,0.25698,-0.49964
4.8566,18.856,-11.647,-9.3662,-0.44356,0.2415,-0.49904
4.3441,17.585,-11.275,-9.2539,-0.48757,0.25341,-0.49993
4.9423,19.286,-11.698,-9.2926,-0.43964,0.23626,-0.49893
4.0666,17.11,-11.137,-9.2339,-0.4945,0.25319,-0.50005
4.4705,18.644,-11.47,-9.2939,-0.44571,0.22742,-0.49907
4.4195,16.526,-11.43,-9.5768,-0.47969,0.2422,-0.50041
4.3925,17.188,-11.443,-9.4922,-0.44552,0.22871,-0.49962
3.6756,15.615,-10.995,-9.3806,-0.4879,0.21074,-0.50027
3.7119,16.498,-11.061,-9.31,-0.44958,0.19926,-0.49944
3.3357,15.729,-10.894,-9.3406,-0.47249,0.21425,-0.49963
3.3619,16.696,-10.946,-9.2572,-0.43475,0.19869,-0.49885
3.003,16.417,-10.809,-9.1181,-0.45221,0.19159,-0.49938
3.0466,17.4,-10.861,-9.0551,-0.41543,0.17698,-0.4986
2.8107,17.273,-10.809,-9.0822,-0.42664,0.18323,-0.49913
2.8513,18.191,-10.839,-9.011,-0.39329,0.16792,-0.49839
2.5369,17.878,-10.707,-8.8705,-0.40928,0.16149,-0.49886
2.5492,18.717,-10.711,-8.8253,-0.37904,0.14683,-0.49819
2.09,18.087,-10.522,-8.7486,-0.3983,0.15188,-0.49786
2.1107,18.872,-10.521,-8.7071,-0.37206,0.1382,-0.49735
1.4857,17.881,-10.187,-8.6238,-0.40627,0.13283,-0.4983
1.5252,18.655,-10.199,-8.5827,-0.38042,0.12077,-0.49776
0.85155,17.457,-9.8095,-8.5239,-0.41494,0.111,-0.49905
0.91367,18.253,-9.8429,-8.4849,-0.39081,0.10146,-0.49848
0.067317,16.993,-9.3941,-8.449,-0.42821,0.093489,-0.49932
0.15423,17.82,-9.442,-8.4075,-0.40579,0.085039,-0.49879
-0.58005,16.659,-9.0712,-8.342,-0.44275,0.088373,-0.49986
-0.4924,17.509,-9.1145,-8.3131,-0.42221,0.07897,-0.49935
-1.2358,16.524,-8.7479,-8.3231,-0.4556,0.080384,-0.50002
-1.141,17.376,-8.784,-8.2906,-0.43744,0.069834,-0.49955
-1.7516,16.609,-8.4839,-8.225,-0.46711,0.07158,-0.49966
-1.6598,17.436,-8.5035,-8.2178,-0.45156,0.06011,-0.49931
-2.2626,16.837,-8.1588,-8.1737,-0.47822,0.039445,-0.50018
-2.146,17.622,-8.1852,-8.2023,-0.4651,0.031522,-0.49987
-2.5802,17.211,-7.9824,-8.1664,-0.48615,0.036914,-0.49988
-2.4694,17.911,-7.9806,-8.223,-0.47707,0.028118,-0.49969
-3.2166,16.843,-7.6062,-8.1004,-0.43757,0.018706,-0.49879
-3.2583,17.244,-7.4946,-8.2424,-0.51171,0.012078,-0.50058
-3.2203,17.154,-7.5121,-8.1591,-0.43261,0.016869,-0.49828
-3.2916,17.552,-7.3733,-8.3186,-0.52391,0.008553,-0.50051
-3.4624,17.882,-7.2756,-8.3442,-0.50728,-0.0014278,-0.49977
-3.4336,18.243,-7.186,-8.4844,-0.53908,-0.0071378,-0.50057
-3.409,18.709,-7.1347,-8.5332,-0.51251,-0.017109,-0.50127
-3.3799,18.953,-7.0277,-8.6907,-0.54953,-0.021614,-0.50205
-3.5397,19.284,-6.8277,-8.7577,-0.44636,-0.052778,-0.49778
-3.5234,19.387,-6.6949,-8.936,-0.5558,-0.052631,-0.50047
-3.4679,19.585,-6.6654,-9.0364,-0.58754,-0.045672,-0.50306
-3.4167,19.74,-6.5835,-9.1932,-0.57495,-0.047513,-0.50259
-3.8984,19.596,-6.1946,-9.3361,-0.60351,-0.074503,-0.5015
-3.7776,19.759,-6.1631,-9.4873,-0.59141,-0.071155,-0.5012
-3.8525,19.822,-6.0556,-9.5836,-0.59996,-0.072773,-0.50261
-3.7792,19.979,-6.0024,-9.7511,-0.60116,-0.070945,-0.50248
-4.2095,19.864,-5.6654,-9.8673,-0.59425,-0.094877,-0.5024
-4.1046,20.036,-5.6421,-10.034,-0.61569,-0.089321,-0.50272
-4.0156,20.25,-5.6462,-10.087,-0.59076,-0.087378,-0.50087
-4.013,20.413,-5.575,-10.27,-0.62069,-0.085521,-0.5015
-4.3337,20.692,-5.4309,-10.381,-0.6176,-0.093943,-0.5021
-4.2657,20.807,-5.3695,-10.547,-0.63643,-0.091781,-0.50235
-4.516,20.957,-5.1755,-10.626,-0.63865,-0.10195,-0.50241
-4.3858,21.079,-5.1512,-10.781,-0.65131,-0.097488,-0.50248
-4.5124,21.459,-5.0726,-10.884,-0.64866,-0.10156,-0.50212
-4.3882,21.534,-5.0336,-11.008,-0.66167,-0.098559,-0.50221
-4.507,21.862,-4.9086,-11.107,-0.65843,-0.10514,-0.50288
-4.4665,21.913,-4.8273,-11.224,-0.67434,-0.10526,-0.50293
-4.5996,22.266,-4.7366,-11.357,-0.61222,-0.10958,-0.5007
-4.548,22.272,-4.6527,-11.426,-0.68399,-0.10921,-0.50214
-5.3096,21.754,-4.2538,-11.714,-0.48958,0.014013,-0.49694
-3.9156,23.475,-5.1982,-11.848,-0.48203,-0.032396,-0.49646
-4.8003,22.657,-4.3687,-11.857,-0.52498,-0.043768,-0.49732
-4.2443,23.356,-4.6906,-11.932,-0.53681,-0.069378,-0.49739
-4.9895,22.344,-4.0003,-11.647,-0.91221,-0.04425,-0.50623
-4.2889,23.314,-4.4246,-11.701,-0.88032,-0.080097,-0.50524
-5.1463,22.392,-3.6403,-11.702,-0.86518,-0.05825,-0.50477
-4.2206,23.749,-4.2398,-12.023,-0.51788,-0.092431,-0.4963
-5.1738,22.796,-3.4166,-12.036,-0.61646,-0.081138,-0.49846
-4.424,23.796,-3.8811,-12.061,-0.61501,-0.10819,-0.49827
-5.0924,22.887,-3.3093,-11.771,-0.93086,-0.081721,-0.50569
-4.4077,23.803,-3.7209,-11.787,-0.89859,-0.10491,-0.50478
-5.5102,23.032,-2.7705,-11.973,-0.73505,-0.12793,-0.50075
-4.7773,23.955,-3.2116,-12.126,-0.55569,-0.13964,-0.49643
-4.9172,23.495,-3.1023,-11.915,-0.77764,-0.098033,-0.50158
-4.3732,24.222,-3.4113,-11.919,-0.73769,-0.11605,-0.50055
-4.7758,23.574,-3.087,-11.749,-0.8887,-0.090993,-0.504
-4.186,24.405,-3.4019,-11.868,-0.711,-0.10966,-0.49976
-4.7931,23.941,-2.9413,-11.966,-0.64322,-0.10045,-0.49811
-4.23,24.616,-3.2323,-11.907,-0.64134,-0.11405,-0.49803
-4.7257,23.948,-2.87,-11.588,-0.94254,-0.1035,-0.50494
-4.265,24.46,-3.0781,-11.515,-0.91356,-0.11226,-0.50425
-4.8066,24.31,-2.6751,-11.866,-0.57324,-0.11443,-0.49633
-4.2864,24.835,-2.9246,-11.772,-0.58094,-0.12048,-0.49651
-4.4404,24.375,-2.8826,-11.331,-0.94615,-0.089232,-0.50497
-3.9976,24.83,-3.0673,-11.248,-0.89673,-0.09733,-0.50383
-4.7137,24.563,-2.5118,-11.54,-0.62891,-0.12121,-0.49746
-4.2509,24.912,-2.7055,-11.454,-0.58468,-0.12046,-0.49648
-4.2812,24.619,-2.7832,-10.965,-0.94439,-0.08256,-0.50491
-3.7898,25.054,-2.9967,-10.887,-0.86552,-0.087572,-0.50314
-6.7403,23.041,-1.1,-10.849,-0.97013,-0.12369,-0.49763
-6.1833,23.279,-1.3851,-10.747,-0.92278,-0.11318,-0.50485
-4.2208,24.892,-2.8512,-10.706,-0.80599,-0.064798,-0.49431
-4.316,24.487,-2.6556,-10.63,-0.76109,-0.059181,-0.50041
-4.1826,25.409,-2.7977,-10.726,-0.68395,-0.069777,-0.49225
-4.1661,25.004,-2.6769,-10.607,-0.6515,-0.063101,-0.49287
-3.3225,25.262,-3.0968,-10.365,-0.62624,-0.081577,-0.49249
-3.5724,24.618,-2.8135,-10.239,-0.62569,-0.06545,-0.49314
-3.2901,25.345,-3.024,-10.128,-0.67964,-0.082604,-0.49673
-3.5352,24.633,-2.7475,-9.9692,-0.69459,-0.062192,-0.50036
-2.0293,25.352,-3.6996,-9.6115,-0.75313,-0.034641,-0.49705
-2.3669,24.67,-3.3727,-9.4817,-0.76031,-0.020369,-0.50133
-1.2708,25.488,-4.0612,-9.1953,-0.82756,-0.0049398,-0.50247
-1.6489,24.848,-3.7212,-9.1161,-0.8052,0.0040237,-0.50332
-1.6133,25.527,-3.7865,-9.0652,-0.83305,-0.011209,-0.50298
-1.8138,24.963,-3.5699,-9.0088,-0.78154,-0.00018971,-0.50337
-1.6486,25.398,-3.6287,-8.955,-0.73032,-0.038851,-0.49986
-1.9554,24.664,-3.352,-8.9366,-0.68288,-0.01722,-0.50157
-1.4091,25.496,-3.7959,-8.9652,-0.59805,-0.013927,-0.49415
-1.5905,24.845,-3.6047,-8.8955,-0.57441,0.0047982,-0.49892
-0.75585,25.522,-4.1963,-8.7612,-0.54187,0.023122,-0.49329
-0.88686,24.985,-4.047,-8.6769,-0.54349,0.035685,-0.49385
-0.25114,25.324,-4.4434,-8.4401,-0.61261,0.027154,-0.49582
-0.5503,24.628,-4.1859,-8.3474,-0.63057,0.045125,-0.49663
0.1277,25.236,-4.6264,-8.0428,-0.73671,0.051981,-0.49939
-0.10836,24.652,-4.4204,-7.9886,-0.73288,0.06596,-0.49965
-0.50764,25.353,-4.2444,-8.0299,-0.8186,0.037445,-0.50206
-0.59446,24.739,-4.1342,-7.9963,-0.78649,0.057256,-0.50355
0.42498,25.229,-4.7764,-7.8424,-0.74822,0.064403,-0.50077
0.23192,24.627,-4.6043,-7.8936,-0.69297,0.082579,-0.50184
2.1322,23.089,-5.4971,-7.4862,-0.3778,0.024206,-0.50123
2.1848,23.51,-5.5957,-7.5522,-0.39943,0.044193,-0.50085
2.5892,25.987,-6.1051,-7.9849,-0.41838,0.089381,-0.49993
2.5003,25.842,-6.062,-7.9387,-0.43752,0.097751,-0.49981
2.3351,28.47,-6.2272,-7.9772,-0.79804,0.14419,-0.50669
2.2213,27.75,-6.1222,-7.8393,-0.77932,0.14526,-0.50602
2.4365,28.272,-6.2165,-8.2723,-0.47379,0.14762,-0.4986
2.3411,27.583,-6.14,-8.092,-0.51837,0.15132,-0.49943
2.4628,27.329,-6.1668,-7.5968,-0.78144,0.17031,-0.5051
2.3676,26.762,-6.094,-7.517,-0.76396,0.17173,-0.50456
2.5655,24.121,-5.7985,-7.3176,-0.46121,0.12907,-0.49855
2.6163,24.29,-5.8857,-7.4488,-0.42325,0.14314,-0.49738
2.8161,25.047,-6.0893,-7.1136,-0.7817,0.17212,-0.50476
2.8077,24.99,-6.1085,-7.1091,-0.76625,0.18089,-0.50423
2.9554,23.815,-5.9214,-7.1239,-0.53324,0.14824,-0.49947
3.0785,24.197,-6.058,-7.3971,-0.41914,0.16429,-0.49667
2.8781,23.459,-5.7654,-6.7757,-0.78299,0.16537,-0.50451
3.0223,23.87,-5.909,-6.9495,-0.70545,0.1809,-0.50257
3.6457,23.752,-6.2413,-7.152,-0.47705,0.21777,-0.49764
3.6684,24.153,-6.2873,-7.3419,-0.44874,0.22397,-0.49679
3.4889,27.574,-6.4611,-7.5486,-0.81851,0.27967,-0.50298
3.4732,27.168,-6.4132,-7.4898,-0.80113,0.27531,-0.50268
3.4953,18.316,-5.2265,-6.0006,-0.49083,0.05791,-0.49969
3.7893,20.084,-5.5656,-6.5135,-0.40634,0.098691,-0.49724
3.398,28.616,-6.2052,-7.7505,-0.84746,0.27917,-0.5023
3.5011,28.28,-6.2229,-7.8353,-0.75104,0.27752,-0.50043
4.014,20.537,-5.636,-6.3728,-0.53396,0.14291,-0.49978
4.1986,21.889,-5.8409,-6.8011,-0.46777,0.16932,-0.49786
3.8002,26.497,-6.0137,-7.2951,-0.81489,0.26598,-0.50231
3.8949,26.706,-6.0457,-7.5089,-0.72856,0.26801,-0.50046
2.9393,30.094,-5.8047,-9.3186,-0.57647,0.44797,-0.49321
3.0563,29.255,-5.7381,-9.1145,-0.58495,0.41863,-0.49401
2.7333,28.74,-5.3892,-8.7195,-0.73898,0.39252,-0.49848
2.8262,27.965,-5.3313,-8.0682,-0.92617,0.37088,-0.50259
3.2718,27.904,-5.5231,-8.0545,-0.85515,0.38063,-0.50037
3.3082,27.595,-5.4398,-8.0678,-0.7905,0.36004,-0.49942
3.3738,27.784,-5.3513,-8.6185,-0.55366,0.35515,-0.49512
3.3426,27.517,-5.2331,-8.4603,-0.57574,0.33563,-0.49582
3.3193,27.157,-5.1374,-7.6354,-0.87928,0.34712,-0.50387
3.2245,26.96,-4.9776,-7.511,-0.8896,0.32607,-0.50404
3.1307,27.097,-4.7486,-7.9909,-0.64795,0.28565,-0.49849
3.3879,27.781,-4.8449,-7.8295,-0.67384,0.26144,-0.49892
4.4717,29.945,-5.4863,-7.8115,-0.62054,0.23679,-0.49679
4.1727,29.461,-5.2292,-7.4125,-0.77581,0.2365,-0.49996
2.6959,26.713,-4.0445,-7.5844,-0.77955,0.24666,-0.50033
2.6526,26.786,-3.9431,-7.5148,-0.78627,0.23767,-0.50053
3.3902,28.823,-4.3186,-7.9647,-0.52752,0.17641,-0.49587
3.0397,28.259,-4.0233,-7.8159,-0.59125,0.18337,-0.49721
2.4567,26.975,-3.6224,-7.3345,-0.83739,0.24908,-0.50355
2.3392,26.989,-3.4615,-7.1251,-0.89952,0.23546,-0.50461
3.5433,29.972,-4.0718,-7.7235,-0.59148,0.16661,-0.49617
3.1413,29.386,-3.7407,-7.4236,-0.71626,0.16666,-0.49877
1.9313,27.413,-2.8483,-7.5093,-0.73089,0.20491,-0.49985
1.8207,27.4,-2.6958,-7.203,-0.83832,0.19256,-0.50195
2.4323,28.966,-2.971,-7.7847,-0.58144,0.17659,-0.49514
2.4358,29.18,-2.8784,-7.3139,-0.75212,0.15638,-0.49863
2.3626,28.978,-2.7276,-7.2597,-0.78402,0.17009,-0.5009
1.9825,28.625,-2.4028,-7.0417,-0.87492,0.16227,-0.50269
1.6456,28.786,-2.0526,-7.8929,-0.57514,0.17801,-0.49515
1.8264,29.375,-2.0414,-7.5467,-0.68852,0.14914,-0.49746
2.3161,30.742,-2.158,-6.9799,-0.90096,0.11544,-0.49507
2.0771,30.528,-1.9023,-7.0055,-0.89018,0.10646,-0.49566
2.2932,31.06,-1.8222,-7.7646,-0.60112,0.12571,-0.49044
2.0177,30.825,-1.5434,-7.7527,-0.61129,0.11222,-0.49136
1.7307,30.555,-1.2291,-7.147,-0.87315,0.092495,-0.49745
1.5153,30.375,-0.99204,-7.1206,-0.87946,0.083112,-0.49774
1.4164,30.731,-0.6734,-7.7063,-0.68093,0.048339,-0.50226
1.2722,30.635,-0.47922,-7.6864,-0.68772,0.044026,-0.49882
1.172,30.63,-0.29053,-7.267,-0.86798,0.055711,-0.50399
1.0283,30.521,-0.091023,-7.2545,-0.86791,0.048867,-0.49888
0.90658,30.999,0.26257,-7.7238,-0.73082,0.035015,-0.50077
0.78966,30.89,0.44473,-7.6946,-0.74034,0.029093,-0.4967
0.88584,30.95,0.56583,-7.4151,-0.87231,0.03172,-0.50551
0.80101,30.85,0.75504,-7.4005,-0.87206,0.024346,-0.49927
0.7205,31.262,1.1371,-7.7525,-0.77238,0.005944,-0.50105
0.65016,31.164,1.3085,-7.7369,-0.77829,0.00036741,-0.49678
0.88833,31.401,1.4221,-7.5848,-0.87651,0.034023,-0.50518
0.72655,31.222,1.6388,-7.569,-0.87815,0.020203,-0.49926
0.88838,31.528,1.9099,-7.8508,-0.80245,0.0084965,-0.50123
0.71462,31.374,2.1172,-7.8372,-0.81138,-0.003607,-0.4969
0.44645,31.44,2.6569,-7.7398,-0.88707,-0.057902,-0.5049
0.37172,31.35,2.7868,-7.738,-0.88627,-0.060723,-0.49894
0.88773,31.888,2.7857,-8.0386,-0.82519,0.0033729,-0.50197
0.65056,31.667,2.9977,-8.0104,-0.8375,-0.014478,-0.49694
0.4802,31.548,3.3862,-7.892,-0.8829,-0.08606,-0.50423
0.35537,31.488,3.5298,-7.8741,-0.89762,-0.089597,-0.49827
0.37109,31.897,3.7931,-8.0924,-0.85491,-0.089365,-0.50251
0.28209,31.832,3.9119,-8.097,-0.86473,-0.093055,-0.49729
0.5269,32.124,3.8998,-8.1376,-0.87709,-0.071354,-0.5034
0.3155,32.018,4.1023,-8.0858,-0.90588,-0.082871,-0.49813
-1.4044,29.879,4.7986,-8.3435,-0.85336,-0.027487,-0.49551
-1.4408,30.058,4.9047,-8.2398,-0.89825,-0.042219,-0.49666
-1.9253,30.463,5.2448,-8.2994,-0.89468,-0.052706,-0.50513
-1.9652,30.751,5.3889,-8.2841,-0.91869,-0.067299,-0.50442
-1.8457,31.785,5.539,-8.3861,-0.89971,-0.086324,-0.49641
-1.5868,32.376,5.5899,-8.3587,-0.92456,-0.10715,-0.49711
-1.4667,32.871,5.6871,-8.443,-0.91587,-0.11201,-0.50446
-1.4057,33.191,5.8038,-8.433,-0.93627,-0.13091,-0.50273
-1.4724,33.302,5.9535,-8.5366,-0.91804,-0.12721,-0.49691
-1.353,33.654,6.0494,-8.5225,-0.93754,-0.14797,-0.49805
-1.3888,33.537,6.162,-8.5788,-0.92679,-0.14997,-0.50432
-1.3287,33.818,6.2714,-8.5822,-0.94208,-0.16748,-0.50231
-1.4716,33.681,6.4503,-8.6486,-0.92466,-0.17388,-0.49655
-1.4665,33.938,6.5767,-8.6498,-0.94043,-0.18997,-0.498
-1.4854,33.891,6.6994,-8.7077,-0.93386,-0.18634,-0.5047
-1.3616,34.19,6.7685,-8.7155,-0.94393,-0.20171,-0.50235
-1.478,34.068,6.9411,-8.7599,-0.92741,-0.21026,-0.49567
-1.4325,34.294,7.0233,-8.7668,-0.94034,-0.22226,-0.49761
-1.4646,34.265,7.1392,-8.814,-0.93622,-0.21505,-0.50469
-1.289,34.603,7.1805,-8.824,-0.94473,-0.23084,-0.50337
-1.4477,34.471,7.3449,-8.8494,-0.9294,-0.23788,-0.49546
-1.3708,34.722,7.4061,-8.8593,-0.93899,-0.25021,-0.49663
-1.6075,34.658,7.5779,-8.8701,-0.93771,-0.24732,-0.50463
-1.4033,34.994,7.5962,-8.8845,-0.944,-0.26112,-0.50336
-1.6775,34.906,7.7805,-8.9169,-0.93295,-0.2709,-0.49561
-1.592,35.123,7.8168,-8.9221,-0.94133,-0.27979,-0.49702
-1.93,35.12,8.0076,-8.9228,-0.94009,-0.28115,-0.50461
-1.7408,35.387,8.0073,-8.9296,-0.94693,-0.29032,-0.50257
-1.9398,35.397,8.1271,-8.9636,-0.93567,-0.29334,-0.49574
-1.8416,35.615,8.1566,-8.9586,-0.94598,-0.30148,-0.49723
-2.3166,36.509,8.1516,-8.6617,-1.0809,-0.30019,-0.5066
-2.7084,36.293,8.3365,-8.6726,-1.0727,-0.30605,-0.506
-4.938,35.973,8.8925,-8.4466,-1.1306,-0.29567,-0.50516
-4.4104,36.318,8.8463,-8.5159,-1.1141,-0.30883,-0.50462
-3.3492,37.563,8.495,-8.5055,-1.1089,-0.32729,-0.50843
-3.4759,37.407,8.6369,-8.5712,-1.0975,-0.33232,-0.50758
-5.2181,36.483,9.0525,-8.5213,-1.0952,-0.30422,-0.50077
-4.8197,36.793,9.0933,-8.5911,-1.0828,-0.31946,-0.50068
-3.0948,38.024,8.823,-8.6276,-1.0613,-0.35093,-0.50197
-2.996,38.067,8.9272,-8.6815,-1.0521,-0.36133,-0.50174
-4.0069,36.765,9.2104,-8.581,-1.0342,-0.34221,-0.50604
-3.7929,37.046,9.2992,-8.6507,-1.0269,-0.35639,-0.50541
-2.1789,37.705,9.1964,-8.666,-0.98922,-0.39488,-0.50176
-2.1882,37.821,9.3135,-8.7029,-0.98411,-0.40485,-0.50154
-2.3216,36.693,9.3616,-8.7127,-0.96198,-0.38406,-0.50076
-2.2824,36.999,9.4753,-8.7292,-0.9567,-0.39864,-0.50067
-0.68507,37.164,9.2088,-8.6965,-0.91697,-0.42158,-0.49896
-0.83355,37.373,9.349,-8.7029,-0.91516,-0.43225,-0.49903
-1.3966,36.753,9.5713,-8.6807,-0.89941,-0.42406,-0.49825
-1.4857,37.041,9.6878,-8.6832,-0.89786,-0.43581,-0.49842
-0.70545,37.22,9.5298,-8.5792,-0.87745,-0.44884,-0.50073
-0.75883,37.502,9.6341,-8.5926,-0.87698,-0.45963,-0.50064
-0.98557,37.293,9.6113,-8.5774,-0.87489,-0.44386,-0.50019
-1.1943,37.541,9.7673,-8.5827,-0.87357,-0.45557,-0.50015
-1.7479,37.988,10.077,-8.4574,-0.86615,-0.4783,-0.49817
-1.6727,38.192,10.115,-8.4706,-0.86371,-0.48608,-0.49834
-1.8644,38.365,10.127,-8.453,-0.86846,-0.47856,-0.49731
-1.8378,38.5,10.173,-8.4543,-0.86411,-0.48672,-0.49756
-2.157,38.593,10.179,-8.3451,-0.86338,-0.48549,-0.49869
-2.0213,38.776,10.22,-8.3577,-0.85828,-0.49549,-0.4988
0.61453,40.26,10.001,-9.3313,-0.53051,-0.51004,-0.49673
0.58933,40.024,10.016,-9.2298,-0.55188,-0.51706,-0.49697
0.49526,39.874,10.004,-9.1017,-0.56819,-0.51807,-0.49662
0.4346,39.713,10.048,-8.9991,-0.58495,-0.52352,-0.4969
0.31592,39.695,10.067,-8.8903,-0.60803,-0.51634,-0.49708
0.23754,39.568,10.125,-8.788,-0.62015,-0.52137,-0.49732
-0.26894,39.445,10.206,-8.459,-0.69103,-0.51867,-0.49863
-1.0191,39.084,10.287,-7.8691,-0.86572,-0.51867,-0.50151
-1.3478,38.912,10.268,-7.5532,-0.96965,-0.52687,-0.50333
-1.286,38.91,10.328,-7.5456,-0.94498,-0.52851,-0.50288
-0.0053147,39.755,10.417,-8.5021,-0.60972,-0.52371,-0.49521
-0.0022295,39.659,10.44,-8.4192,-0.62013,-0.52436,-0.49564
-1.4497,39.01,10.4,-7.3491,-0.96055,-0.50237,-0.50022
-1.382,38.997,10.45,-7.3469,-0.93556,-0.50498,-0.50007
-0.41381,39.707,10.556,-8.1019,-0.68825,-0.51695,-0.50113
-0.27305,39.697,10.579,-8.1103,-0.6706,-0.51682,-0.50063
-1.2203,39.36,10.547,-7.4417,-0.90103,-0.50304,-0.5046
-1.1667,39.329,10.579,-7.3921,-0.8892,-0.50209,-0.50416
-0.55418,39.805,10.646,-7.8161,-0.7229,-0.49355,-0.49619
-0.42411,39.781,10.662,-7.818,-0.70669,-0.49361,-0.49628
-1.2871,39.85,10.823,-7.3963,-0.85766,-0.49891,-0.4993
-1.1695,39.748,10.803,-7.3353,-0.85037,-0.49501,-0.49938
-0.52583,40.069,10.743,-7.6383,-0.75857,-0.47732,-0.5009
-0.39633,39.99,10.739,-7.6183,-0.74081,-0.47594,-0.50056
-0.9012,39.863,10.751,-7.2743,-0.82166,-0.46511,-0.50221
-0.86697,39.784,10.76,-7.2039,-0.82062,-0.46367,-0.50204
-0.71776,40.208,10.882,-7.3855,-0.7808,-0.46723,-0.49789
-0.57604,40.128,10.874,-7.3624,-0.76054,-0.46463,-0.49788
-0.74928,40.23,10.917,-7.2242,-0.79009,-0.4485,-0.50229
-0.72558,40.102,10.905,-7.1363,-0.79323,-0.44653,-0.50214
-3.7705,37.919,11.27,-6.6672,-0.88729,-0.41645,-0.49945
-3.6956,38.313,11.244,-6.6557,-0.87764,-0.41429,-0.49948
-3.643,38.329,11.269,-6.5829,-0.87978,-0.41237,-0.50206
-3.5094,38.671,11.257,-6.5943,-0.8711,-0.41248,-0.50185
-3.0736,38.883,11.25,-6.6526,-0.86336,-0.40706,-0.49597
-2.9833,39.145,11.258,-6.6497,-0.85402,-0.41016,-0.49641
-2.3269,39.286,11.163,-6.6671,-0.84388,-0.41502,-0.50523
-1.0491,39.955,11.049,-6.7299,-0.83278,-0.43174,-0.50487
0.9568,40.797,10.879,-6.7861,-0.82101,-0.45901,-0.50052
0.17257,40.51,11.006,-6.7499,-0.81035,-0.45392,-0.50034
-2.2567,39.479,11.265,-6.6211,-0.80379,-0.42083,-0.50174
-1.6272,39.869,11.219,-6.6499,-0.79405,-0.43206,-0.50166
0.3079,40.669,10.985,-6.7538,-0.78134,-0.45781,-0.49969
-0.023314,40.504,11.061,-6.7392,-0.76904,-0.45816,-0.49961
-1.5899,39.976,11.273,-6.6027,-0.76388,-0.44687,-0.50036
-1.3702,40.094,11.275,-6.647,-0.74312,-0.44991,-0.50018
-0.57694,40.56,11.203,-6.677,-0.73042,-0.45599,-0.50057
-0.42686,40.539,11.213,-6.7332,-0.70881,-0.45934,-0.5003
-0.80432,40.509,11.302,-6.7098,-0.69275,-0.46226,-0.49966
-0.74859,40.461,11.308,-6.7544,-0.67444,-0.46318,-0.49947
-0.63454,40.525,11.272,-6.7545,-0.66548,-0.4586,-0.50083
