0,0,0,0,0,0,0
0,0,0,0,0,0,0
0,0,0,0,0,0,0
0,0,0,0,0,0,0
0,0,0,0,0,0,0
0.07808,2.6438,-0.22655,-0.047384,0.098466,0.0045838,-7.1642e-07
0.074415,2.6498,-0.22878,-0.04792,0.098329,0.0040385,-4.5763e-07
0.070922,2.655,-0.23053,-0.048395,0.0982,0.003525,-3.0445e-07
0.067566,2.6596,-0.23184,-0.048815,0.098079,0.0030381,-2.3046e-07
-0.044868,3.2413,-0.35433,-0.045943,0.084658,0.0025066,9.082e-05
-0.069396,3.2104,-0.29841,-0.047139,0.087405,0.0014962,3.7457e-05
-0.092961,3.1804,-0.24487,-0.048291,0.090037,0.00054,-1.3429e-05
-0.11556,3.1513,-0.19356,-0.049395,0.09256,-0.00035897,-6.1966e-05
-0.13723,3.123,-0.14426,-0.050452,0.094986,-0.0011996,-0.00010836
-0.19624,3.1715,-0.24233,-0.062207,0.09146,0.0018342,8.3488e-05
-0.20289,3.172,-0.23264,-0.062119,0.092854,0.0014166,7.3525e-05
-0.20928,3.1721,-0.2233,-0.062053,0.09421,0.0010196,6.3976e-05
-0.21543,3.1719,-0.21424,-0.062004,0.095536,0.00064126,5.4781e-05
-0.22138,3.1713,-0.2054,-0.061969,0.096842,0.00027967,4.5879e-05
-0.25055,3.0745,-0.17702,-0.069738,0.10058,-0.0037051,-1.414e-05
-0.25085,3.0831,-0.18455,-0.068506,0.10006,-0.0039513,-6.3379e-06
-0.25096,3.0915,-0.19203,-0.067145,0.099538,-0.0041748,1.5557e-06
-0.25088,3.0997,-0.19952,-0.065661,0.09902,-0.0043786,9.5882e-06
-0.25062,3.1077,-0.20707,-0.064056,0.098501,-0.0045653,1.7804e-05
-0.21008,3.0058,-0.1636,-0.057947,0.11094,-0.0065918,-0.00013053
-0.21006,3.0058,-0.16397,-0.056354,0.11094,-0.0065702,-0.00012801
-0.21,3.0058,-0.16431,-0.054662,0.11094,-0.0065218,-0.00012538
-0.2099,3.0058,-0.16458,-0.052883,0.11095,-0.0064494,-0.00012268
-0.2098,3.0058,-0.16475,-0.051031,0.11096,-0.0063555,-0.00011993
-0.15199,3.1356,-0.21346,-0.064238,0.088572,0.0066459,6.7289e-06
-0.14973,3.1388,-0.21569,-0.063923,0.088854,0.0063623,8.0719e-06
-0.14763,3.1417,-0.21784,-0.063668,0.089123,0.0060956,9.3474e-06
-0.14567,3.1444,-0.21991,-0.063464,0.089383,0.0058434,1.0561e-05
-0.1438,3.1469,-0.2219,-0.063305,0.089634,0.0056037,1.1715e-05
-0.17379,3.145,-0.20131,-0.064017,0.089733,0.0059269,2.1374e-06
-0.1731,3.1469,-0.20293,-0.064144,0.089947,0.0056294,3.3316e-06
-0.17239,3.1487,-0.20448,-0.064286,0.09016,0.0053437,4.4452e-06
-0.17165,3.1504,-0.20597,-0.064438,0.090375,0.0050678,5.4758e-06
-0.17087,3.152,-0.20737,-0.064597,0.090592,0.0048001,6.4195e-06
-0.18551,3.1414,-0.19365,-0.065481,0.088367,0.0082181,2.6872e-06
-0.18532,3.1421,-0.19485,-0.065901,0.088582,0.0078633,3.6674e-06
-0.18509,3.1427,-0.19595,-0.066328,0.0888,0.0075216,4.5028e-06
-0.1848,3.1432,-0.19692,-0.06676,0.089021,0.0071906,5.1946e-06
-0.18446,3.1437,-0.19778,-0.067193,0.089248,0.0068683,5.742e-06
-0.20053,3.1389,-0.18885,-0.065955,0.08726,0.0081412,6.1252e-06
-0.20053,3.1386,-0.18951,-0.066633,0.087479,0.0078276,6.7542e-06
-0.20046,3.1382,-0.19003,-0.067306,0.087702,0.0075204,7.2447e-06
-0.20029,3.1376,-0.1904,-0.067973,0.087931,0.0072182,7.5973e-06
-0.20004,3.137,-0.19063,-0.068632,0.088164,0.0069197,7.8119e-06
-0.21886,3.1353,-0.18346,-0.068009,0.086356,0.0081669,6.1761e-06
-0.21911,3.1342,-0.18386,-0.068784,0.08656,0.0078484,6.675e-06
-0.21928,3.1329,-0.18413,-0.069554,0.086768,0.0075336,7.0771e-06
-0.21938,3.1314,-0.18427,-0.070319,0.086978,0.0072214,7.3854e-06
-0.2194,3.1297,-0.18427,-0.071078,0.087191,0.0069109,7.6027e-06
-0.23229,3.1385,-0.18307,-0.069411,0.08509,0.0083257,2.3548e-05
-0.23241,3.1371,-0.18366,-0.070172,0.085272,0.0080003,2.4288e-05
-0.23246,3.1355,-0.18415,-0.07093,0.085453,0.0076786,2.4977e-05
-0.23242,3.1339,-0.18456,-0.071683,0.085633,0.0073594,2.5622e-05
-0.2323,3.132,-0.18487,-0.072433,0.085812,0.0070421,2.623e-05
-0.26439,3.149,-0.18498,-0.069057,0.084112,0.0068008,1.8137e-05
-0.26516,3.1475,-0.18532,-0.069915,0.084292,0.0064752,1.9162e-05
-0.26586,3.1459,-0.18566,-0.070763,0.084467,0.0061492,2.0241e-05
-0.2665,3.1443,-0.186,-0.071601,0.084638,0.0058231,2.1388e-05
-0.2671,3.1427,-0.18634,-0.072429,0.084806,0.0054969,2.2615e-05
-0.28282,3.1545,-0.1812,-0.069564,0.08313,0.0077221,2.1715e-05
-0.28357,3.1524,-0.18105,-0.07047,0.083311,0.0073597,2.2796e-05
-0.28431,3.1503,-0.1809,-0.071374,0.083486,0.0069993,2.3913e-05
-0.28502,3.1482,-0.18074,-0.072276,0.083656,0.0066412,2.5087e-05
-0.28573,3.146,-0.18057,-0.073179,0.083821,0.0062853,2.6337e-05
-0.30203,3.1594,-0.17827,-0.069083,0.082198,0.0077462,2.4501e-05
-0.30304,3.1567,-0.17756,-0.070174,0.082379,0.0073849,2.5847e-05
-0.30407,3.1541,-0.17685,-0.071276,0.082554,0.0070265,2.7272e-05
-0.30515,3.1514,-0.17613,-0.072394,0.082722,0.0066711,2.8799e-05
-0.30629,3.1488,-0.1754,-0.073532,0.082884,0.0063189,3.0455e-05
-0.31927,3.1626,-0.17364,-0.070526,0.081298,0.0083307,2.5942e-05
-0.32081,3.1595,-0.17246,-0.071844,0.081474,0.0079699,2.771e-05
-0.32247,3.1564,-0.17127,-0.073192,0.081643,0.0076136,2.9601e-05
-0.32427,3.1533,-0.17009,-0.074576,0.081805,0.0072622,3.1647e-05
-0.32624,3.1502,-0.1689,-0.076002,0.081961,0.006916,3.3876e-05
-0.33323,3.1688,-0.17655,-0.070757,0.080051,0.0085903,3.6777e-05
-0.33571,3.1655,-0.17512,-0.072415,0.080234,0.0082555,3.9278e-05
-0.33846,3.1623,-0.17371,-0.074132,0.080408,0.0079263,4.1975e-05
-0.34149,3.159,-0.17232,-0.075916,0.080575,0.0076033,4.4902e-05
-0.34483,3.1558,-0.17095,-0.077774,0.080736,0.0072874,4.8086e-05
-0.34742,3.1734,-0.17778,-0.069836,0.079516,0.008032,4.9616e-05
-0.35147,3.1702,-0.17643,-0.071926,0.079687,0.0077519,5.3424e-05
-0.35592,3.1671,-0.17516,-0.074101,0.079851,0.0074801,5.7551e-05
-0.36078,3.1641,-0.17398,-0.076371,0.080009,0.0072176,6.2023e-05
-0.36608,3.1613,-0.17291,-0.078743,0.080164,0.0069652,6.6866e-05
-0.37415,3.1435,-0.11883,-0.07999,0.082709,0.0093603,-8.5483e-06
-0.38179,3.1388,-0.11696,-0.082865,0.082782,0.0090457,-3.0658e-06
-0.39001,3.1342,-0.11513,-0.085897,0.082866,0.0087598,2.7781e-06
-0.39885,3.1297,-0.11333,-0.089098,0.082962,0.0085006,9.0179e-06
-0.40835,3.1252,-0.11158,-0.092484,0.08307,0.0082662,1.5685e-05
-0.38172,3.147,-0.11177,-0.080732,0.082021,0.0082162,-4.4437e-06
-0.39246,3.1432,-0.11046,-0.084507,0.08217,0.0079545,2.9357e-06
-0.404,3.1395,-0.10927,-0.088512,0.082336,0.0077167,1.0822e-05
-0.41638,3.136,-0.1082,-0.092761,0.082518,0.0075007,1.9237e-05
-0.42963,3.1326,-0.10728,-0.097267,0.082719,0.0073045,2.8201e-05
-0.36677,3.1574,-0.11269,-0.078531,0.082144,0.0069092,-9.1599e-06
-0.38137,3.154,-0.11217,-0.083164,0.082396,0.0066395,1.0612e-06
-0.39699,3.1509,-0.11184,-0.088078,0.082672,0.0063895,1.1943e-05
-0.41366,3.148,-0.11169,-0.093286,0.082974,0.0061566,2.3496e-05
-0.4314,3.1453,-0.11175,-0.098798,0.083303,0.005938,3.5731e-05
-0.34022,3.1703,-0.11794,-0.076936,0.083574,0.0050718,-4.2224e-06
-0.35859,3.1681,-0.11889,-0.082453,0.083911,0.0047809,9.7806e-06
-0.37807,3.1662,-0.12011,-0.088284,0.084276,0.0045077,2.4587e-05
-0.39866,3.1647,-0.12161,-0.094439,0.084671,0.0042486,4.0196e-05
-0.42036,3.1636,-0.12342,-0.10093,0.085097,0.0040001,5.6603e-05
-0.29664,3.1839,-0.12634,-0.07251,0.084769,0.0015239,5.7636e-07
-0.31853,3.1833,-0.12916,-0.079301,0.0852,0.001321,1.8767e-05
-0.3415,3.1832,-0.13235,-0.086436,0.085664,0.0011293,3.7908e-05
-0.36555,3.1836,-0.13592,-0.093922,0.086161,0.00094487,5.797e-05
-0.39065,3.1845,-0.1399,-0.10177,0.08669,0.00076435,7.8922e-05
-0.24067,3.1991,-0.14035,-0.069686,0.086281,-0.0017509,8.0477e-06
-0.26522,3.2006,-0.14559,-0.077596,0.086767,-0.0018939,3.0545e-05
-0.29076,3.2029,-0.15127,-0.085863,0.087284,-0.0020274,5.3997e-05
-0.31726,3.2058,-0.1574,-0.094491,0.087828,-0.0021552,7.8345e-05
-0.34469,3.2093,-0.16401,-0.10348,0.0884,-0.0022808,0.00010353
-0.18553,3.2125,-0.15251,-0.058045,0.086853,-0.0093613,7.7761e-06
-0.21109,3.2173,-0.1607,-0.06654,0.087299,-0.0094003,3.4375e-05
-0.2373,3.223,-0.16942,-0.075369,0.08777,-0.00943,6.1959e-05
-0.26417,3.2294,-0.17868,-0.08453,0.088262,-0.009455,9.0428e-05
-0.29167,3.2367,-0.18848,-0.09402,0.088772,-0.0094792,0.00011968
-0.11538,3.2236,-0.16843,-0.053895,0.088458,-0.013992,9.5136e-06
-0.14129,3.2313,-0.17924,-0.063045,0.088936,-0.013887,3.931e-05
-0.16765,3.2397,-0.19057,-0.072491,0.089427,-0.013768,6.9881e-05
-0.19446,3.249,-0.2024,-0.082227,0.089928,-0.01364,0.00010109
-0.22169,3.2591,-0.21473,-0.092246,0.090434,-0.013506,0.0001328
-0.040627,3.2398,-0.18837,-0.046994,0.088238,-0.019553,8.2567e-06
-0.065437,3.2509,-0.20156,-0.056261,0.088701,-0.019359,3.9545e-05
-0.090498,3.2628,-0.21517,-0.065743,0.089168,-0.019158,7.1368e-05
-0.11581,3.2754,-0.22918,-0.07543,0.089633,-0.018954,0.00010355
-0.14139,3.2888,-0.24355,-0.085308,0.090095,-0.018753,0.00013592
0.034304,3.2704,-0.21374,-0.040246,0.088766,-0.025238,2.5221e-05
0.011818,3.2844,-0.22874,-0.049477,0.08915,-0.024837,5.6935e-05
-0.010758,3.299,-0.24398,-0.058829,0.08953,-0.024434,8.877e-05
-0.033443,3.3142,-0.2594,-0.06829,0.089903,-0.024036,0.00012055
-0.05625,3.3299,-0.27497,-0.07784,0.090265,-0.023649,0.00015209
0.099275,3.2797,-0.22952,-0.036717,0.090043,-0.030582,6.4077e-05
0.079258,3.2943,-0.24458,-0.045212,0.090314,-0.030165,9.404e-05
0.059243,3.3092,-0.25962,-0.053735,0.09058,-0.029754,0.00012373
0.039205,3.3245,-0.27459,-0.062266,0.090836,-0.029354,0.00015294
0.019128,3.3398,-0.28943,-0.070787,0.09108,-0.028972,0.00018149
0.16475,3.2946,-0.24631,-0.031565,0.090287,-0.035635,8.8604e-05
0.14706,3.3093,-0.2604,-0.03937,0.090474,-0.035157,0.00011449
0.12938,3.3239,-0.27417,-0.047067,0.090655,-0.034714,0.0001397
0.1117,3.3385,-0.28757,-0.054646,0.090828,-0.034309,0.00016407
0.094008,3.3529,-0.30054,-0.062091,0.09099,-0.033946,0.00018741
0.19856,3.3278,-0.2725,-0.035349,0.090549,-0.040353,2.8184e-05
0.18282,3.3414,-0.28448,-0.041916,0.090659,-0.040012,4.9337e-05
0.16694,3.3545,-0.29584,-0.048325,0.090766,-0.039722,6.9356e-05
0.15097,3.3671,-0.30653,-0.054561,0.090868,-0.039483,8.8134e-05
0.13493,3.3792,-0.31652,-0.060607,0.090964,-0.039298,0.00010557
0.23795,3.3373,-0.28074,-0.036598,0.092524,-0.043438,7.6509e-06
0.22439,3.3473,-0.28916,-0.041995,0.092569,-0.043207,2.1664e-05
0.21084,3.3565,-0.29677,-0.047185,0.092615,-0.043021,3.4315e-05
0.19735,3.3649,-0.30355,-0.052161,0.09266,-0.04288,4.5526e-05
0.18396,3.3725,-0.30947,-0.056913,0.092703,-0.042785,5.5232e-05
0.27369,3.3181,-0.27572,-0.034912,0.093748,-0.046049,-3.7852e-05
0.2622,3.3229,-0.27973,-0.039052,0.093765,-0.046036,-3.1979e-05
0.25081,3.3269,-0.28282,-0.042912,0.093784,-0.046083,-2.7583e-05
0.23957,3.3298,-0.28499,-0.046493,0.093803,-0.04619,-2.4702e-05
0.22851,3.3318,-0.28626,-0.049796,0.093822,-0.046355,-2.3358e-05
0.30482,3.2998,-0.26849,-0.030046,0.089592,-0.047936,-0.0001154
0.2956,3.2987,-0.26744,-0.03253,0.089574,-0.048266,-0.00011815
0.28651,3.2967,-0.26543,-0.034717,0.089555,-0.04867,-0.00012238
0.27762,3.2936,-0.2625,-0.036609,0.089534,-0.049147,-0.00012808
0.269,3.2894,-0.25868,-0.038209,0.089511,-0.049694,-0.00013521
0.33114,3.3099,-0.27583,-0.027682,0.089201,-0.048219,-0.00018138
0.32413,3.3033,-0.27023,-0.028245,0.089196,-0.049005,-0.00019199
0.31742,3.2957,-0.26381,-0.028503,0.089182,-0.049867,-0.00020396
0.3111,3.2871,-0.25664,-0.028454,0.08916,-0.050802,-0.00021719
0.30525,3.2776,-0.24878,-0.028099,0.089132,-0.051809,-0.00023157
0.34082,3.3103,-0.28413,-0.047582,0.087858,-0.045438,-0.00022722
0.33482,3.299,-0.2752,-0.050642,0.088068,-0.046528,-0.00024495
0.32923,3.2869,-0.26576,-0.053789,0.088279,-0.047668,-0.00026386
0.32412,3.2741,-0.2559,-0.057117,0.088498,-0.048853,-0.00028378
0.31957,3.2606,-0.24573,-0.060723,0.088736,-0.05008,-0.00030451
0.36789,3.3568,-0.32365,-0.032228,0.096429,-0.04337,-1.5516e-05
0.36666,3.3416,-0.31306,-0.033899,0.096399,-0.044843,-4.3631e-05
0.36643,3.3259,-0.30249,-0.035615,0.096365,-0.046332,-7.2524e-05
0.36736,3.3098,-0.29206,-0.037372,0.096333,-0.047841,-0.00010199
0.36961,3.2934,-0.28189,-0.039169,0.09631,-0.049372,-0.00013182
0.3518,3.3184,-0.30268,-0.031782,0.096213,-0.038003,-1.9892e-05
0.35731,3.3008,-0.29244,-0.032508,0.096305,-0.039687,-5.0209e-05
0.36449,3.2831,-0.28291,-0.033325,0.096411,-0.041353,-8.06e-05
0.37351,3.2656,-0.27417,-0.034224,0.096542,-0.043005,-0.00011082
0.38451,3.2482,-0.26636,-0.035198,0.096709,-0.044643,-0.00014063
0.30552,3.3135,-0.27621,-0.034277,0.098863,-0.032458,-2.3222e-05
0.31998,3.2989,-0.27199,-0.03353,0.09878,-0.034436,-5.1845e-05
0.33699,3.2852,-0.26946,-0.032858,0.098721,-0.036356,-7.9664e-05
0.35666,3.2723,-0.26871,-0.032251,0.098693,-0.038221,-0.00010641
0.3791,3.2604,-0.26986,-0.031697,0.098706,-0.040033,-0.00013183
0.20947,3.3263,-0.25258,-0.041534,0.095865,-0.025815,-3.4633e-05
0.23481,3.3182,-0.25709,-0.039713,0.09587,-0.027908,-5.7283e-05
0.26293,3.3115,-0.26394,-0.038095,0.095932,-0.029912,-7.8502e-05
0.29381,3.3064,-0.27316,-0.03668,0.096057,-0.031826,-9.8038e-05
0.32742,3.3028,-0.28479,-0.035465,0.096249,-0.033646,-0.00011566
0.085221,3.3271,-0.20497,-0.051306,0.09366,-0.017993,-1.1327e-05
0.11283,3.3245,-0.21688,-0.050445,0.093898,-0.020186,-2.7277e-05
0.14205,3.3236,-0.23123,-0.049986,0.094224,-0.022271,-4.1399e-05
0.17271,3.3246,-0.24795,-0.049938,0.094638,-0.02424,-5.3478e-05
0.2046,3.3276,-0.26698,-0.050306,0.095139,-0.026085,-6.332e-05
-0.13221,3.3025,-0.12086,-0.072305,0.085815,-0.010576,-1.2452e-05
-0.10925,3.3053,-0.13743,-0.074159,0.086635,-0.012787,-1.9057e-05
-0.086649,3.3104,-0.15606,-0.07688,0.087589,-0.014857,-2.3608e-05
-0.064665,3.3176,-0.17664,-0.08048,0.088666,-0.016775,-2.5952e-05
-0.043534,3.3271,-0.19902,-0.084964,0.089854,-0.018531,-2.5945e-05
-0.39118,3.2703,-0.0014865,-0.12752,0.084904,0.0073396,2.5868e-06
-0.39028,3.2791,-0.020353,-0.13507,0.086266,0.0049865,9.8952e-06
-0.39034,3.2898,-0.040547,-0.14287,0.087689,0.0027388,1.9984e-05
-0.39176,3.3027,-0.061963,-0.15107,0.089159,0.00062806,3.2923e-05
-0.39487,3.3177,-0.084499,-0.15979,0.090661,-0.0013183,4.8757e-05
-0.64964,3.4028,0.046968,-0.16561,0.083774,0.011072,4.8319e-05
-0.6688,3.4225,0.025491,-0.18121,0.085541,0.0092231,6.7288e-05
-0.68998,3.4444,0.003046,-0.19736,0.087313,0.0075157,8.8868e-05
-0.71341,3.4687,-0.020288,-0.2142,0.08908,0.0059699,0.000113
-0.73923,3.4954,-0.04444,-0.23185,0.090834,0.0046023,0.00013963
-0.7616,3.4693,0.090773,-0.24053,0.080938,0.03978,7.561e-05
-0.79791,3.4999,0.065763,-0.26388,0.083134,0.038333,0.00010336
-0.83618,3.5332,0.039702,-0.28782,0.085244,0.037084,0.00013287
-0.87646,3.5691,0.012651,-0.31246,0.087268,0.036036,0.00016399
-0.91877,3.6077,-0.01533,-0.3379,0.089207,0.03519,0.00019659
-0.88753,3.5525,0.1149,-0.24686,0.06819,0.02779,3.1148e-05
-0.93999,3.5953,0.087125,-0.27867,0.070765,0.026665,6.7192e-05
-0.99412,3.6405,0.058616,-0.31119,0.07331,0.025687,0.00010507
-1.0497,3.6881,0.029411,-0.34442,0.075817,0.024861,0.00014447
-1.1065,3.7379,-0.00044255,-0.37834,0.078276,0.024187,0.00018508
-0.95822,3.5887,0.14389,-0.2086,0.059577,-0.0001632,-1.3493e-05
-1.0191,3.6398,0.11597,-0.23907,0.061844,-0.0021229,2.5392e-05
-1.0798,3.6924,0.087522,-0.27002,0.06406,-0.0037775,6.5542e-05
-1.1401,3.7463,0.058623,-0.30136,0.066217,-0.0051404,0.00010662
-1.1998,3.8013,0.029347,-0.333,0.068308,-0.0062266,0.00014829
-0.93533,3.6616,0.11999,-0.24722,0.067773,0.00055423,0.00010225
-0.9887,3.7121,0.092679,-0.27607,0.069812,-0.00044084,0.00014362
-1.0407,3.7632,0.06517,-0.30466,0.071761,-0.0012298,0.00018498
-1.0911,3.8146,0.037593,-0.33292,0.073618,-0.0018214,0.00022605
-1.1397,3.866,0.010084,-0.36077,0.075384,-0.0022262,0.00026656
-0.77723,3.6748,0.025379,-0.22729,0.049148,0.00161,7.9939e-05
-0.80875,3.7204,-0.0032756,-0.25201,0.050683,0.0022476,0.00011507
-0.83926,3.7651,-0.030994,-0.27605,0.052168,0.0029659,0.00014928
-0.86858,3.8085,-0.057664,-0.29933,0.053596,0.0037551,0.00018235
-0.89653,3.8502,-0.083178,-0.32172,0.054958,0.0046047,0.00021408
-0.71279,3.6349,0.028401,-0.21783,0.052551,-0.0058009,0.00010804
-0.73451,3.6673,0.0075539,-0.23665,0.053664,-0.0048568,0.00013566
-0.75429,3.6977,-0.012041,-0.2544,0.054714,-0.0038338,0.00016173
-0.7721,3.7258,-0.030269,-0.271,0.055698,-0.0027494,0.00018608
-0.7879,3.7514,-0.047025,-0.28636,0.056612,-0.0016203,0.00020856
-0.6523,3.7013,-0.035592,-0.22497,0.045315,-0.0053142,0.00010557
-0.66372,3.7216,-0.049362,-0.23594,0.045919,-0.0049517,0.00012341
-0.67333,3.7387,-0.061226,-0.24544,0.046471,-0.0045894,0.0001393
-0.68113,3.7526,-0.071131,-0.25346,0.04697,-0.0042341,0.00015316
-0.68712,3.7631,-0.079041,-0.25998,0.047413,-0.003892,0.00016494
-0.55209,3.7892,-0.12167,-0.2146,0.037534,-0.0049194,0.00012248
-0.55514,3.794,-0.12608,-0.21784,0.03784,-0.0051021,0.00012954
-0.55698,3.7951,-0.1282,-0.21976,0.038105,-0.0053147,0.00013442
-0.55762,3.7926,-0.12808,-0.22039,0.038326,-0.0055552,0.00013713
-0.55705,3.7865,-0.12574,-0.21977,0.038504,-0.0058214,0.00013769
-0.4831,3.8068,-0.15269,-0.18443,0.031041,-0.0038163,0.00012939
-0.48018,3.7946,-0.14683,-0.18181,0.030892,-0.004239,0.00012404
-0.47653,3.779,-0.13883,-0.17819,0.030689,-0.0046948,0.00011656
-0.47214,3.7602,-0.12877,-0.17361,0.030432,-0.0051783,0.00010705
-0.46707,3.7386,-0.11676,-0.16813,0.030119,-0.0056845,9.5618e-05
-0.45917,3.7843,-0.14818,-0.1674,0.029785,-0.0015369,0.00012917
-0.45336,3.7582,-0.13284,-0.16032,0.029442,-0.0022236,0.00011415
-0.44719,3.7298,-0.11585,-0.15254,0.029038,-0.0029298,9.755e-05
-0.44069,3.6995,-0.097335,-0.14413,0.028574,-0.0036479,7.9531e-05
-0.43392,3.6673,-0.077431,-0.13517,0.02805,-0.0043717,6.0243e-05
-0.43493,3.5564,0.043985,-0.15422,0.053343,0.010271,6.0282e-05
-0.42406,3.5236,0.063021,-0.14369,0.051839,0.0095148,4.2599e-05
-0.41285,3.4897,0.083148,-0.13258,0.050274,0.0088077,2.3635e-05
-0.40144,3.4551,0.10423,-0.12101,0.04865,0.00815,3.6785e-06
-0.38996,3.4199,0.12614,-0.10909,0.04697,0.0075424,-1.7e-05
-0.46577,3.6068,0.036457,-0.13168,0.053269,0.0057995,5.1356e-05
-0.45564,3.5714,0.059977,-0.11922,0.051568,0.0053754,2.9617e-05
-0.44579,3.5362,0.083969,-0.10674,0.049814,0.0050103,7.715e-06
-0.43632,3.5013,0.1083,-0.094323,0.04801,0.004705,-1.4129e-05
-0.42728,3.4669,0.13286,-0.082023,0.04616,0.0044603,-3.5712e-05
-0.51153,3.5883,0.073159,-0.13901,0.069053,0.0065328,7.3178e-05
-0.50342,3.555,0.097758,-0.12604,0.067153,0.00634,5.2886e-05
-0.49615,3.5228,0.12232,-0.11346,0.065233,0.00623,3.306e-05
-0.48974,3.4918,0.14671,-0.10129,0.063294,0.006201,1.3888e-05
-0.48423,3.4623,0.17082,-0.089553,0.061339,0.0062509,-4.459e-06
-0.46444,3.6166,0.048504,-0.1345,0.073308,0.01289,4.7218e-05
-0.45974,3.5888,0.071478,-0.12266,0.071272,0.012959,3.0728e-05
-0.45647,3.5627,0.094009,-0.11152,0.069235,0.013125,1.5111e-05
-0.45452,3.5383,0.11598,-0.10106,0.067197,0.013383,5.2584e-07
-0.45383,3.5158,0.13727,-0.09125,0.06516,0.013728,-1.2889e-05
-0.41485,3.6,0.040273,-0.10955,0.079428,0.0061843,3.5583e-05
-0.41658,3.5806,0.059913,-0.10061,0.077416,0.0068022,2.4994e-05
-0.41959,3.5633,0.078709,-0.092444,0.07543,0.0074836,1.5977e-05
-0.42374,3.5479,0.096569,-0.085004,0.073468,0.0082239,8.5403e-06
-0.42889,3.5344,0.11341,-0.078227,0.071528,0.0090183,2.6849e-06
-0.33902,3.5889,-0.0073734,-0.11613,0.086554,0.0087885,5.5521e-05
-0.34409,3.5769,0.0079371,-0.10954,0.08481,0.0096777,5.302e-05
-0.35032,3.5669,0.022137,-0.10381,0.083109,0.010628,5.2058e-05
-0.3575,3.5588,0.035154,-0.098836,0.081448,0.011632,5.2583e-05
-0.36542,3.5526,0.046928,-0.09454,0.079821,0.012682,5.4539e-05
-0.28105,3.4843,0.078902,0.094873,0.094385,-0.024207,3.0943e-05
-0.28879,3.4799,0.0899,0.10029,0.092723,-0.022593,3.8972e-05
-0.29677,3.4773,0.099353,0.10458,0.091168,-0.021009,4.9183e-05
-0.30487,3.4764,0.10729,0.10785,0.089714,-0.019448,6.1266e-05
-0.31297,3.4772,0.11374,0.11018,0.088353,-0.017908,7.4949e-05
-0.11929,3.4347,0.047797,0.080013,0.098165,-0.024158,-1.0323e-06
-0.12464,3.4359,0.052143,0.081843,0.096988,-0.02259,1.4584e-05
-0.12996,3.4386,0.05521,0.08309,0.095881,-0.021063,3.1582e-05
-0.13515,3.4424,0.057029,0.083806,0.094837,-0.019573,4.9695e-05
-0.14014,3.4473,0.057632,0.084043,0.093852,-0.018117,6.8677e-05
-0.05088,3.3585,0.062988,0.084909,0.10739,-0.032695,-2.999e-05
-0.052444,3.364,0.061876,0.085273,0.10659,-0.030931,-8.8929e-06
-0.053901,3.3704,0.059745,0.085196,0.10586,-0.029242,1.3053e-05
-0.055211,3.3776,0.056644,0.084724,0.1052,-0.027622,3.5555e-05
-0.056337,3.3855,0.052624,0.083903,0.10459,-0.026069,5.8353e-05
0.081741,3.2927,0.06498,0.10035,0.11394,-0.038067,-2.4637e-05
0.082878,3.2995,0.060421,0.099546,0.11338,-0.036443,-2.127e-06
0.084284,3.3067,0.055168,0.098697,0.11288,-0.034926,2.0741e-05
0.08594,3.3145,0.049278,0.0978,0.11242,-0.033508,4.3685e-05
0.087829,3.3226,0.04281,0.096853,0.112,-0.032184,6.6455e-05
0.14582,3.3811,0.017827,0.074287,0.1181,-0.041834,-0.00010845
0.1484,3.3909,0.010607,0.07374,0.11786,-0.040615,-8.6264e-05
0.15114,3.4009,0.0030136,0.073028,0.11765,-0.039487,-6.4305e-05
0.15403,3.4109,-0.0048992,0.072172,0.11748,-0.038447,-4.279e-05
0.15703,3.4209,-0.01308,0.071192,0.11733,-0.037493,-2.1904e-05
0.18757,3.3601,0.03225,0.072698,0.1205,-0.046492,-0.0001328
0.19104,3.3694,0.024149,0.072109,0.12035,-0.045637,-0.00011282
0.19463,3.3785,0.015965,0.071407,0.12024,-0.044885,-9.3404e-05
0.19829,3.3873,0.0077331,0.070608,0.12016,-0.044232,-7.47e-05
0.20201,3.3959,-0.00051423,0.069726,0.1201,-0.043674,-5.6834e-05
0.20231,3.3273,-0.14531,-0.021703,0.11269,-0.037869,3.2847e-05
0.20827,3.3363,-0.15494,-0.023196,0.11279,-0.037488,4.6226e-05
0.21348,3.345,-0.1645,-0.024927,0.1129,-0.03722,5.8635e-05
0.218,3.3534,-0.17399,-0.026894,0.11301,-0.037057,7.0061e-05
0.22188,3.3616,-0.18343,-0.029096,0.11314,-0.036992,8.0503e-05
0.2284,3.3517,-0.173,-0.025269,0.11294,-0.036601,2.1484e-05
0.2313,3.3594,-0.18236,-0.027931,0.11306,-0.036689,2.9948e-05
0.2337,3.3669,-0.1917,-0.030834,0.11319,-0.036855,3.7494e-05
0.23565,3.3742,-0.20104,-0.033977,0.11334,-0.037096,4.4163e-05
0.23717,3.3813,-0.2104,-0.037358,0.1135,-0.037406,5.0004e-05
0.19468,3.3128,-0.14011,-0.023037,0.1104,-0.037193,4.981e-05
0.1942,3.3188,-0.14845,-0.026491,0.11059,-0.037826,5.4863e-05
0.19354,3.3249,-0.15697,-0.03016,0.11081,-0.038512,5.9232e-05
0.19271,3.331,-0.16569,-0.034046,0.11105,-0.039247,6.2999e-05
0.19171,3.3372,-0.1746,-0.038149,0.11131,-0.04003,6.6252e-05
0.1364,3.3376,-0.13416,-0.033825,0.10737,-0.034576,2.5906e-05
0.13368,3.3436,-0.14286,-0.038413,0.10768,-0.035626,2.9062e-05
0.13097,3.3499,-0.15189,-0.043237,0.10801,-0.03669,3.1763e-05
0.12824,3.3564,-0.16128,-0.048299,0.10838,-0.037769,3.4137e-05
0.12549,3.3632,-0.17103,-0.053603,0.10878,-0.038864,3.6313e-05
0.070231,3.3217,-0.092718,-0.040335,0.10474,-0.032055,-2.5158e-05
0.065812,3.3279,-0.10201,-0.045819,0.10515,-0.033406,-2.3403e-05
0.061567,3.3346,-0.11185,-0.051539,0.10561,-0.034737,-2.1721e-05
0.057455,3.3419,-0.12223,-0.057505,0.10611,-0.036049,-1.9975e-05
0.053439,3.3497,-0.13318,-0.063727,0.10666,-0.037345,-1.8031e-05
-0.016235,3.3741,-0.079742,-0.053007,0.104,-0.029135,-6.1187e-06
-0.022496,3.3827,-0.090544,-0.059559,0.10468,-0.030694,-2.8954e-06
-0.028481,3.3921,-0.10208,-0.066389,0.10542,-0.032197,6.3104e-07
-0.034257,3.4022,-0.11436,-0.073514,0.1062,-0.033648,4.6001e-06
-0.039884,3.4132,-0.12738,-0.080946,0.10704,-0.035049,9.1427e-06
0.080034,3.4475,-0.10538,-0.051318,0.10386,-0.014194,3.2467e-05
0.077524,3.4595,-0.12058,-0.058826,0.10469,-0.015489,4.0548e-05
0.074831,3.4729,-0.13666,-0.066563,0.10555,-0.016734,4.9113e-05
0.071888,3.4876,-0.15364,-0.074576,0.10647,-0.017928,5.8263e-05
0.068638,3.5036,-0.17149,-0.082906,0.10742,-0.019072,6.8092e-05
0.012904,3.5812,-0.12877,-0.07274,0.10533,-0.009302,0.00011093
0.0083704,3.5999,-0.14784,-0.082312,0.10638,-0.010245,0.00012407
0.0036589,3.6203,-0.16802,-0.092148,0.10746,-0.011127,0.00013793
-0.0013157,3.6424,-0.18927,-0.1023,0.10857,-0.011947,0.00015257
-0.0066305,3.6662,-0.21156,-0.11279,0.10971,-0.012706,0.00016805
-0.080844,3.5923,-0.090778,-0.095132,0.099957,-0.0015199,9.8939e-05
-0.088849,3.6162,-0.11274,-0.10667,0.10116,-0.0022802,0.00011654
-0.097028,3.6423,-0.13604,-0.11847,0.1024,-0.0029902,0.00013535
-0.1054,3.6707,-0.16064,-0.13056,0.10368,-0.0036469,0.00015538
-0.11399,3.7014,-0.18649,-0.14299,0.10499,-0.0042467,0.00017662
-0.14908,3.5983,-0.060361,-0.10854,0.095063,0.0033314,0.00012474
-0.15818,3.6304,-0.087154,-0.12222,0.09642,0.0029487,0.00014868
-0.16751,3.665,-0.1153,-0.13614,0.097809,0.002618,0.0001741
-0.17715,3.702,-0.14473,-0.15037,0.09923,0.0023411,0.00020094
-0.18718,3.7415,-0.1754,-0.16496,0.10068,0.0021203,0.0002291
-0.23437,3.7675,-0.1006,-0.12946,0.091805,9.7945e-05,0.00014746
-0.24877,3.8124,-0.13321,-0.14629,0.093343,1.1026e-05,0.00017865
-0.26329,3.8598,-0.16708,-0.16342,0.094904,-1.0791e-05,0.00021152
-0.27798,3.9095,-0.20213,-0.18086,0.096486,3.3929e-05,0.00024593
-0.29289,3.9615,-0.23832,-0.19865,0.098088,0.00014663,0.00028177
-0.26851,3.691,-0.031782,-0.13115,0.08797,0.0027466,0.00015297
-0.28344,3.7425,-0.068424,-0.1496,0.089509,0.0029897,0.00019167
-0.29844,3.7969,-0.1064,-0.16828,0.091061,0.0032997,0.00023199
-0.31358,3.854,-0.14563,-0.18724,0.092624,0.0036766,0.00027375
-0.32891,3.9137,-0.18601,-0.20651,0.094197,0.0041208,0.00031677
-0.40764,3.6958,-0.036043,-0.17227,0.075162,0.0068085,0.00012806
-0.42514,3.756,-0.077386,-0.19403,0.076541,0.0076221,0.00017174
-0.44263,3.8195,-0.12017,-0.21618,0.077943,0.0084955,0.00021665
-0.46016,3.8862,-0.16433,-0.23873,0.079359,0.0094278,0.00026265
-0.47775,3.956,-0.20979,-0.26168,0.080784,0.010418,0.00030966
-0.41527,3.7108,-0.033114,-0.18156,0.073307,0.0081091,0.00016335
-0.43098,3.7799,-0.079207,-0.20379,0.074455,0.0092447,0.00021167
-0.44646,3.8524,-0.12666,-0.22631,0.075613,0.010432,0.00026092
-0.46177,3.928,-0.17539,-0.24912,0.076774,0.01167,0.00031101
-0.47695,4.0068,-0.22529,-0.27221,0.07793,0.012955,0.00036182
-0.47267,3.8018,-0.058942,-0.21907,0.075527,0.0081221,0.00021032
-0.48741,3.8823,-0.11064,-0.24243,0.076384,0.0096191,0.00026339
-0.50147,3.966,-0.16363,-0.26588,0.077229,0.011162,0.00031709
-0.51495,4.0527,-0.21777,-0.28942,0.078058,0.012748,0.0003713
-0.52791,4.1423,-0.27293,-0.31305,0.078865,0.014371,0.00042593
-0.41154,3.6584,-0.0019248,-0.19828,0.069144,0.010231,0.00019772
-0.42007,3.7407,-0.05543,-0.21949,0.069626,0.011957,0.0002529
-0.42797,3.8266,-0.11026,-0.24077,0.070104,0.013709,0.00030849
-0.43535,3.9159,-0.16622,-0.26211,0.070572,0.015481,0.0003644
-0.44228,4.0083,-0.22317,-0.2835,0.071024,0.01727,0.00042051
-0.40091,3.6701,-0.010095,-0.1888,0.067872,0.0025352,0.00018626
-0.40614,3.7569,-0.064692,-0.2085,0.068068,0.004363,0.00024274
-0.41058,3.8468,-0.12037,-0.22827,0.068253,0.0062331,0.00029941
-0.41436,3.9395,-0.17693,-0.24808,0.068424,0.0081365,0.00035613
-0.41758,4.0348,-0.23419,-0.2679,0.068576,0.010065,0.00041281
-0.41269,3.6423,-0.00043417,-0.20007,0.06478,0.0018306,0.00019359
-0.41311,3.7318,-0.056132,-0.21812,0.064621,0.0038781,0.00025107
-0.41267,3.8239,-0.11256,-0.23607,0.064461,0.0059425,0.00030835
-0.41152,3.9183,-0.16952,-0.25392,0.064297,0.0080153,0.00036536
-0.40978,4.0147,-0.22682,-0.27165,0.064123,0.010089,0.00042202
-0.41372,3.7794,-0.04525,-0.21719,0.066828,-0.0024308,0.00031944
-0.40846,3.8734,-0.102,-0.23405,0.066553,8.6444e-05,0.00037862
-0.40223,3.9684,-0.15869,-0.25042,0.066248,0.0025486,0.00043722
-0.3952,4.0641,-0.21515,-0.26635,0.065914,0.0049599,0.00049509
-0.38753,4.1603,-0.27126,-0.28185,0.065553,0.0073237,0.0005521
-0.44725,3.9756,-0.14283,-0.28082,0.063358,0.0092067,0.00019171
-0.43899,4.0726,-0.19923,-0.29606,0.062796,0.011596,0.00024789
-0.4298,4.1697,-0.25508,-0.31066,0.06222,0.013923,0.00030338
-0.41984,4.2666,-0.31028,-0.32467,0.061632,0.01619,0.00035805
-0.40926,4.3633,-0.36473,-0.33812,0.061031,0.0184,0.00041177
-0.64234,3.9868,-0.11357,-0.32811,0.064709,-0.0016559,7.9074e-05
-0.63486,4.0766,-0.16429,-0.34213,0.064084,0.000834,0.00013146
-0.62598,4.1664,-0.21465,-0.35537,0.063434,0.0032361,0.00018329
-0.61595,4.256,-0.26451,-0.36789,0.062765,0.0055561,0.00023443
-0.60496,4.3452,-0.31374,-0.37975,0.062079,0.007799,0.00028475
-0.58262,4.0558,-0.14281,-0.31238,0.062644,-0.0033556,0.00017614
-0.57054,4.1403,-0.18982,-0.3232,0.061894,-0.0010941,0.00022555
-0.55739,4.2245,-0.23629,-0.33332,0.061134,0.0010877,0.00027431
-0.54338,4.3081,-0.28209,-0.34279,0.060365,0.0031937,0.00032232
-0.52867,4.3909,-0.32711,-0.35166,0.059592,0.0052274,0.00036946
-0.64067,4.0394,-0.14397,-0.34644,0.061994,0.0015287,0.00016606
-0.62624,4.1129,-0.18488,-0.35416,0.061131,0.0034933,0.00021059
-0.61083,4.1858,-0.22513,-0.36117,0.060273,0.0053826,0.00025444
-0.59463,4.2578,-0.26464,-0.36756,0.05942,0.0072001,0.0002975
-0.57784,4.3287,-0.30331,-0.37336,0.058575,0.0089486,0.00033972
-0.67164,4.0568,-0.14455,-0.35298,0.06048,-0.0014545,0.00012666
-0.65527,4.1219,-0.18032,-0.35824,0.059615,0.00037243,0.00016744
-0.63806,4.1864,-0.21557,-0.36285,0.058758,0.0021033,0.0002077
-0.62019,4.2503,-0.2502,-0.36688,0.057909,0.0037455,0.00024735
-0.6018,4.3133,-0.28413,-0.37037,0.057072,0.0053055,0.00028632
-0.1085,3.975,-0.17521,-0.079786,0.047621,-0.0095917,0.00031587
-0.087583,4.0376,-0.20908,-0.082967,0.046874,-0.0079553,0.00035501
-0.066454,4.0995,-0.24229,-0.085704,0.046115,-0.0063782,0.00039352
-0.045242,4.1604,-0.27479,-0.088044,0.045349,-0.0048587,0.00043132
-0.024055,4.2203,-0.30652,-0.090028,0.044579,-0.0033952,0.00046831
-0.13364,4.0039,-0.1945,-0.11189,0.04817,-0.0046369,0.00032372
-0.11198,4.057,-0.22334,-0.1124,0.04727,-0.0032676,0.00035841
-0.090319,4.1094,-0.25153,-0.1126,0.046384,-0.0019614,0.00039231
-0.068753,4.1609,-0.27904,-0.11252,0.045514,-0.00071458,0.00042538
-0.047357,4.2115,-0.30585,-0.1122,0.044659,0.00047657,0.00045761
-0.15659,3.9423,-0.13312,-0.057892,0.051811,-0.026598,0.00021405
-0.1387,3.9907,-0.15828,-0.059519,0.051031,-0.025041,0.00024487
-0.12025,4.0378,-0.18274,-0.060465,0.05025,-0.023593,0.00027509
-0.10138,4.0835,-0.20648,-0.060812,0.049469,-0.022245,0.00030466
-0.082232,4.1279,-0.22947,-0.060633,0.048693,-0.020989,0.00033354
-0.1467,4.0168,-0.17437,-0.10634,0.054358,-0.012849,0.00014682
-0.12673,4.0542,-0.19459,-0.10432,0.053471,-0.011878,0.00017236
-0.10672,4.0901,-0.21401,-0.10194,0.052608,-0.010971,0.00019715
-0.086753,4.1247,-0.23265,-0.099252,0.051769,-0.01012,0.00022119
-0.066889,4.1579,-0.25053,-0.096297,0.050953,-0.0093226,0.00024451
-0.40268,4.2882,-0.27986,-0.28936,0.059517,0.0075511,8.4419e-05
-0.38282,4.317,-0.29585,-0.285,0.058508,0.0081036,0.00010408
-0.36315,4.3443,-0.31102,-0.28048,0.057556,0.0086226,0.00012294
-0.34369,4.3701,-0.32542,-0.27582,0.056655,0.009113,0.00014109
-0.32444,4.3948,-0.33912,-0.27104,0.055801,0.0095789,0.00015861
-0.46424,4.2994,-0.25927,-0.27226,0.064636,-0.0053804,-1.3855e-05
-0.44769,4.321,-0.27114,-0.26885,0.063946,-0.0045921,2.6217e-06
-0.43099,4.3416,-0.28252,-0.26512,0.063275,-0.0038724,1.8628e-05
-0.41418,4.3613,-0.29342,-0.2611,0.062622,-0.0032128,3.4191e-05
-0.39728,4.38,-0.30385,-0.25683,0.061986,-0.002606,4.9339e-05
-0.44187,4.1685,-0.1979,-0.29563,0.066169,0.0037954,0.00011029
-0.42513,4.1806,-0.20552,-0.29046,0.065632,0.0041643,0.00012316
-0.40793,4.1922,-0.21289,-0.28496,0.065105,0.0045091,0.00013576
-0.39034,4.2033,-0.22,-0.27917,0.064586,0.0048328,0.00014811
-0.37239,4.2139,-0.22688,-0.27313,0.064075,0.0051385,0.00016023
-0.52704,4.2375,-0.21773,-0.32248,0.069462,0.00028249,0.00017396
-0.50945,4.2477,-0.22423,-0.31646,0.068851,0.00068778,0.00018491
-0.49157,4.2576,-0.23061,-0.31021,0.068238,0.0010607,0.00019562
-0.47345,4.2672,-0.23686,-0.30375,0.067622,0.0014053,0.00020612
-0.45509,4.2765,-0.24297,-0.29711,0.067004,0.001725,0.00021642
-0.40829,4.2301,-0.21628,-0.27011,0.072236,-0.0030822,0.00024627
-0.38955,4.2364,-0.22107,-0.26297,0.071624,-0.0027611,0.00025502
-0.37066,4.2426,-0.22575,-0.25568,0.071015,-0.0024665,0.00026363
-0.35162,4.2485,-0.23031,-0.24825,0.070408,-0.0021954,0.00027208
-0.33246,4.2541,-0.23472,-0.24068,0.069804,-0.0019456,0.00028039
-0.53008,4.408,-0.28029,-0.32789,0.072497,-0.00096791,0.00024273
-0.51143,4.4155,-0.2852,-0.32041,0.071907,-0.00068599,0.00025137
-0.49265,4.4224,-0.28985,-0.31274,0.071315,-0.00043408,0.00025978
-0.47373,4.4286,-0.29422,-0.3049,0.07072,-0.00020869,0.00026798
-0.45463,4.4342,-0.29834,-0.29687,0.070122,-6.8467e-06,0.00027598
-0.52949,4.3571,-0.26523,-0.29599,0.066725,-0.010013,8.5852e-05
