0.49927,-4.4654,-2.8594,0.34359,-1.6357,0.069657,-4.1376
0.47644,-4.0838,-2.5458,0.30396,-1.3839,0.059982,-3.7864
0.45016,-3.7351,-2.2682,0.26806,-1.1638,0.039421,-3.4661
0.42168,-3.4163,-2.0223,0.23548,-0.97155,0.010482,-3.1739
0.39191,-3.1248,-1.8045,0.20584,-0.80375,-0.02478,-2.9072
-0.026394,1.3564,0.66818,-0.10663,1.2226,-0.254,1.0223
-0.037279,1.2565,0.56654,-0.079828,1.0663,-0.3285,0.9414
-0.047807,1.164,0.47721,-0.057606,0.92823,-0.38867,0.86716
-0.058108,1.0781,0.39889,-0.039461,0.8065,-0.43691,0.79905
-0.36487,1.8929,0.61803,-0.015643,-0.33375,-0.14957,1.8241
-0.3484,1.7464,0.69884,-0.0061443,-0.31414,-0.23067,1.677
-0.33297,1.6144,0.75578,0.00014319,-0.30247,-0.29341,1.5431
-0.31909,1.4953,0.79268,0.0036756,-0.29679,-0.34038,1.4212
-0.30712,1.3877,0.81309,0.0048575,-0.29547,-0.3739,1.3102
-0.42643,1.2538,0.38981,0.03052,-0.27849,0.21919,1.4675
-0.41243,1.1613,0.36023,0.033736,-0.23385,0.15322,1.3438
-0.40111,1.0756,0.33079,0.034679,-0.19345,0.095938,1.23
-0.39242,0.99614,0.30192,0.033641,-0.15653,0.046083,1.1254
-0.38629,0.92242,0.27395,0.030875,-0.12244,0.0025643,1.029
-0.37573,0.71252,0.18501,0.013506,0.074672,-0.4293,0.69559
-0.36886,0.66136,0.12617,0.009674,0.038347,-0.40545,0.64656
-0.36553,0.61232,0.075893,0.0047347,0.010015,-0.384,0.60049
-0.36549,0.56533,0.033037,-0.001192,-0.011552,-0.36487,0.55724
-0.36848,0.5203,-0.0033856,-0.0080014,-0.027416,-0.34801,0.51669
-0.27345,0.32585,-0.0092372,-0.020885,0.57331,-0.68389,-0.054105
-0.28558,0.29759,-0.036816,-0.030344,0.51093,-0.61472,-0.045127
-0.3008,0.27028,-0.059701,-0.040033,0.45715,-0.55213,-0.03771
-0.31882,0.2439,-0.078404,-0.049948,0.4109,-0.49562,-0.031629
-0.33938,0.21842,-0.093388,-0.060082,0.37125,-0.44472,-0.026686
-0.36488,0.3792,-0.035232,-0.098678,-0.71785,0.93625,0.50601
-0.41138,0.33249,-0.044104,-0.10212,-0.61598,0.73962,0.44707
-0.45508,0.28943,-0.051307,-0.10739,-0.52501,0.56824,0.39379
-0.49637,0.24968,-0.056972,-0.11424,-0.44365,0.41879,0.34558
-0.53561,0.21292,-0.061225,-0.12245,-0.37079,0.28834,0.30195
-0.60851,0.20531,0.00049838,-0.12259,-0.38127,0.32664,0.3337
-0.64306,0.17269,-0.010421,-0.13371,-0.32043,0.20559,0.29365
-0.67633,0.14235,-0.019154,-0.1456,-0.26521,0.099411,0.25715
-0.70859,0.11408,-0.025936,-0.1581,-0.21502,0.0060419,0.22387
-0.74006,0.087705,-0.030982,-0.17109,-0.16933,-0.076312,0.1935
-0.79641,0.066394,0.004288,-0.16951,-0.27371,0.33581,0.21902
-0.83188,0.041768,-0.0055016,-0.1826,-0.22216,0.20237,0.18805
-0.86607,0.018863,-0.01309,-0.19606,-0.17536,0.084892,0.15985
-0.89928,-0.0024812,-0.018753,-0.20976,-0.1328,-0.018827,0.13414
-0.93176,-0.022406,-0.022741,-0.22354,-0.094056,-0.11071,0.11069
-0.98801,-0.032541,0.0023033,-0.22389,-0.18649,0.053826,0.14323
-1.0209,-0.051702,-0.0035506,-0.23845,-0.14247,-0.046764,0.11878
-1.0534,-0.069634,-0.0079341,-0.25266,-0.10248,-0.13657,0.096432
-1.0856,-0.086443,-0.011073,-0.26642,-0.066132,-0.21707,0.075977
-1.1177,-0.10222,-0.013174,-0.27964,-0.033104,-0.28955,0.057239
-1.179,-0.10386,0.0085975,-0.27849,-0.12256,-0.10656,0.090106
-1.2125,-0.11991,0.0030748,-0.29096,-0.084409,-0.19508,0.069675
-1.2461,-0.135,-0.0015074,-0.30258,-0.049846,-0.27496,0.050939
-1.2799,-0.14921,-0.0053523,-0.31326,-0.018558,-0.34737,0.033742
-1.314,-0.1626,-0.0086468,-0.32293,0.0097311,-0.41332,0.017942
-1.3743,-0.15055,0.0064358,-0.31723,-0.090858,-0.21608,0.093376
-1.411,-0.16507,-0.00016006,-0.32523,-0.05515,-0.3021,0.07146
-1.4479,-0.17861,-0.0063514,-0.33192,-0.023134,-0.3801,0.051431
-1.4851,-0.19124,-0.012309,-0.33722,0.0055126,-0.45115,0.033117
-1.5228,-0.20302,-0.01819,-0.34103,0.031076,-0.51617,0.016368
-1.6096,-0.17346,-0.0069458,-0.3236,-0.064583,-0.45125,0.051417
-1.6452,-0.18627,-0.013736,-0.32654,-0.0335,-0.51473,0.03594
-1.6817,-0.198,-0.021094,-0.32742,-0.0059607,-0.57359,0.021792
-1.7192,-0.2087,-0.029082,-0.32621,0.018337,-0.62833,0.0088982
-1.7577,-0.21839,-0.03776,-0.32284,0.039659,-0.67935,-0.0028073
-1.8275,-0.1921,-0.012014,-0.29705,-0.061175,-0.35857,0.053718
-1.8699,-0.20325,-0.025799,-0.29054,-0.033786,-0.45022,0.038171
-1.9126,-0.21305,-0.040112,-0.28166,-0.010153,-0.53366,0.024137
-1.9556,-0.22156,-0.055035,-0.27038,0.010061,-0.60974,0.011542
-1.999,-0.22882,-0.070644,-0.25665,0.02715,-0.67922,0.00031621
-2.0731,-0.20063,-0.061806,-0.21936,-0.067448,-0.45575,0.045409
-2.1176,-0.20887,-0.080604,-0.20272,-0.04509,-0.54742,0.032649
-2.1619,-0.21555,-0.10025,-0.1833,-0.026522,-0.63045,0.021394
-2.206,-0.22071,-0.12078,-0.16107,-0.011398,-0.70565,0.011585
-2.2498,-0.2244,-0.14225,-0.13605,0.00058594,-0.77372,0.0031726
-2.3206,-0.19263,-0.14094,-0.088287,-0.094776,-0.49619,0.040241
-2.3655,-0.19709,-0.16631,-0.059207,-0.0776,-0.59294,0.0307
-2.4094,-0.1997,-0.19262,-0.027199,-0.064259,-0.67936,0.022705
-2.452,-0.20052,-0.21987,0.0076924,-0.054378,-0.75631,0.016209
-2.4932,-0.19959,-0.24809,0.045418,-0.047627,-0.82456,0.011171
-2.5555,-0.16698,-0.27995,0.10855,-0.13815,-0.5962,0.038522
-2.5952,-0.16639,-0.3081,0.14934,-0.12478,-0.68279,0.03307
-2.6327,-0.16362,-0.3376,0.19307,-0.11549,-0.75849,0.029216
-2.6676,-0.15874,-0.36833,0.23964,-0.10982,-0.82407,0.026918
-2.6999,-0.15178,-0.40019,0.28889,-0.10737,-0.88019,0.026134
-2.7416,-0.1157,-0.43473,0.36459,-0.1666,-0.76108,0.040119
-2.7688,-0.10797,-0.46727,0.41534,-0.16155,-0.8166,0.040842
-2.7923,-0.097879,-0.50094,0.46882,-0.15989,-0.86225,0.043037
-2.8119,-0.085485,-0.53555,0.52478,-0.16118,-0.89853,0.046666
-2.8273,-0.070849,-0.57089,0.58297,-0.16502,-0.92586,0.05169
-2.8261,-0.016197,-0.43827,0.65037,-0.18342,-0.61668,0.017283
-2.8409,-0.00018483,-0.50145,0.71254,-0.20143,-0.67425,0.030795
-2.8492,0.017762,-0.56129,0.77606,-0.21905,-0.71617,0.044932
-2.8508,0.037604,-0.61795,0.84065,-0.23625,-0.74381,0.059721
-2.8454,0.059297,-0.67155,0.906,-0.25299,-0.75835,0.075183
-2.7949,0.12243,-0.68075,0.98802,-0.32706,-0.78641,0.052256
-2.7799,0.14428,-0.73295,1.0488,-0.33515,-0.78626,0.071706
-2.7567,0.16818,-0.78167,1.1102,-0.34348,-0.77381,0.091631
-2.7253,0.19399,-0.82688,1.1716,-0.35181,-0.75008,0.11202
-2.6855,0.2216,-0.86849,1.2327,-0.35992,-0.71597,0.13284
-2.5495,0.28215,-0.86441,1.3098,-0.38011,-0.8282,0.021797
-2.5017,0.30862,-0.90349,1.3619,-0.38214,-0.77624,0.053784
-2.4442,0.33679,-0.93809,1.4134,-0.38407,-0.71423,0.085394
-2.377,0.36642,-0.96811,1.4637,-0.38558,-0.64318,0.11661
-2.3002,0.39728,-0.99341,1.5123,-0.38637,-0.56403,0.1474
-2.0829,0.45506,-0.95976,1.569,-0.35348,-0.76481,0.0013456
-1.9997,0.48387,-0.98264,1.6046,-0.35317,-0.66084,0.045259
-1.906,0.51338,-0.99952,1.6381,-0.35168,-0.54984,0.087767
-1.8022,0.54328,-1.0104,1.669,-0.34877,-0.43293,0.12885
-1.6884,0.57324,-1.0152,1.6967,-0.34421,-0.31114,0.1685
-1.3833,0.62091,-0.93268,1.7225,-0.32813,-0.73805,-0.027027
-1.2669,0.64676,-0.93609,1.7312,-0.31857,-0.55625,0.02894
-1.1408,0.67178,-0.93242,1.737,-0.30728,-0.37573,0.082156
-1.0056,0.69563,-0.9219,1.7392,-0.29417,-0.19711,0.13265
-0.86186,0.71799,-0.90473,1.7373,-0.27916,-0.020957,0.18044
-0.49153,0.74704,-0.77943,1.7275,-0.2539,-0.47271,-0.063759
-0.35317,0.76294,-0.76406,1.7039,-0.23492,-0.24445,0.0020322
-0.20671,0.77648,-0.74127,1.6769,-0.21432,-0.023461,0.063712
-0.052888,0.78739,-0.71157,1.646,-0.19213,0.18989,0.12138
0.10757,0.79541,-0.67552,1.6105,-0.16844,0.39527,0.17511
0.51704,0.80294,-0.49359,1.5649,-0.19966,-0.563,-0.10047
0.67194,0.80405,-0.46526,1.5018,-0.17021,-0.24331,-0.025319
0.8314,0.80128,-0.43019,1.4361,-0.13938,0.05562,0.044007
0.99474,0.79458,-0.3892,1.3672,-0.10748,0.33457,0.10776
1.1613,0.78392,-0.34308,1.2947,-0.074797,0.5943,0.16617
1.5905,0.75356,-0.13109,1.2018,-0.048479,-0.078967,-0.15348
1.7358,0.7363,-0.10213,1.1071,-0.0134,0.25006,-0.074243
1.8838,0.71486,-0.067311,1.0109,0.021868,0.55437,-0.0017669
2.034,0.68939,-0.027652,0.9125,0.056994,0.8351,0.06427
2.1857,0.66006,0.015894,0.8117,0.091681,1.0933,0.12418
2.6025,0.61201,0.24631,0.68497,0.017191,0.22922,-0.18179
2.7311,0.57847,0.26838,0.56258,0.061628,0.56589,-0.10268
2.8611,0.54125,0.29508,0.44038,0.10433,0.87273,-0.030726
2.9918,0.50066,0.32539,0.31795,0.14503,1.1515,0.034426
3.1229,0.45702,0.35838,0.19498,0.18353,1.4037,0.093131
3.5055,0.40209,0.58444,0.042674,0.13336,0.49994,-0.16627
3.6132,0.35634,0.59191,-0.097134,0.17456,0.84679,-0.091972
3.7211,0.30795,0.60337,-0.23455,0.21325,1.1585,-0.024954
3.8292,0.25736,0.61783,-0.36996,0.2492,1.4377,0.035237
3.937,0.20496,0.63442,-0.50364,0.28222,1.6864,0.089028
4.2743,0.10923,0.83872,-0.67166,0.26741,0.7429,-0.11652
4.3612,0.060344,0.82736,-0.8162,0.29592,1.0691,-0.052388
4.4484,0.009909,0.82022,-0.95631,0.32224,1.3594,0.0051977
4.5357,-0.041627,0.8163,-1.0923,0.34609,1.6164,0.056595
4.623,-0.093861,0.81478,-1.2244,0.36728,1.8426,0.10215
4.9178,-0.17801,0.99082,-1.3908,0.31054,0.9411,-0.094104
4.9862,-0.22447,0.9648,-1.5278,0.33146,1.2475,-0.038549
5.0551,-0.27144,0.94304,-1.658,0.34995,1.5149,0.011008
5.1244,-0.3185,0.92462,-1.7818,0.36579,1.7468,0.054911
5.1938,-0.3653,0.90879,-1.8991,0.37885,1.9462,0.093488
5.4169,-0.42713,1.0209,-2.0524,0.33664,1.1042,-0.26744
5.4756,-0.46884,0.98957,-2.1664,0.34763,1.3663,-0.19908
5.5343,-0.51002,0.96171,-2.2719,0.3563,1.591,-0.13857
5.5929,-0.55035,0.93653,-2.369,0.3625,1.7816,-0.085251
5.6511,-0.58957,0.9134,-2.4578,0.36613,1.9415,-0.038527
5.8532,-0.66025,1.0075,-2.5736,0.41355,1.3611,-0.2697
5.898,-0.69127,0.96711,-2.6518,0.40536,1.5568,-0.21037
5.9428,-0.7212,0.93014,-2.7197,0.39614,1.7207,-0.15825
5.9873,-0.74982,0.89586,-2.7773,0.38569,1.856,-0.11276
6.0313,-0.7769,0.86359,-2.8246,0.3739,1.9652,-0.073365
6.1956,-0.85536,0.91004,-2.8891,0.41154,1.4763,-0.30369
6.2269,-0.87281,0.86533,-2.921,0.39141,1.5962,-0.25274
6.2577,-0.8889,0.8234,-2.9409,0.3708,1.6889,-0.2084
6.2877,-0.90346,0.78355,-2.9488,0.34957,1.7569,-0.17017
6.3165,-0.91633,0.74512,-2.9447,0.32765,1.8022,-0.13757
6.4343,-0.9515,0.76778,-2.9447,0.11764,1.5285,-0.2653
6.4496,-0.95889,0.72342,-2.9205,0.11351,1.5527,-0.23113
6.4635,-0.96434,0.68003,-2.8831,0.10646,1.5565,-0.20215
6.4753,-0.96777,0.63705,-2.8327,0.096772,1.5415,-0.17802
6.4846,-0.96913,0.59398,-2.7692,0.084725,1.509,-0.15841
6.5438,-0.95246,0.5427,-2.6899,0.10636,1.5868,-0.29217
6.5367,-0.95175,0.4985,-2.5991,0.091737,1.4862,-0.27143
6.5266,-0.94853,0.45295,-2.4957,0.074582,1.3759,-0.25499
6.5127,-0.94283,0.40569,-2.3795,0.055412,1.2561,-0.24263
6.4942,-0.93467,0.35636,-2.2507,0.034712,1.1271,-0.23415
6.4857,-0.90406,0.249,-2.1296,0.0077023,1.6846,-0.23546
6.4438,-0.89391,0.2004,-1.9705,-0.0035309,1.4289,-0.24056
6.3966,-0.88102,0.14814,-1.8007,-0.017624,1.1787,-0.24816
6.3429,-0.86553,0.092086,-1.6204,-0.033577,0.93212,-0.25826
6.2815,-0.84755,0.032115,-1.4298,-0.050473,0.68741,-0.27082
6.1884,-0.76475,-0.18037,-1.1076,0.44907,1.4857,0.12301
6.0969,-0.74712,-0.23406,-0.89639,0.37393,1.0979,0.049395
5.9958,-0.72682,-0.29341,-0.67629,0.30323,0.72832,-0.021446
5.8838,-0.70403,-0.35817,-0.44766,0.23752,0.373,-0.090233
5.7593,-0.67897,-0.4281,-0.21097,0.17731,0.028448,-0.15762
5.5411,-0.60929,-0.54292,0.14728,0.1615,1.4647,0.084535
5.374,-0.58025,-0.62216,0.40447,0.11423,0.9117,-0.015912
5.1927,-0.54938,-0.70571,0.66524,0.072196,0.39276,-0.11286
4.9955,-0.51692,-0.793,0.92894,0.036253,-0.097989,-0.20712
4.7812,-0.48311,-0.88345,1.1947,0.0071848,-0.56548,-0.29936
4.3985,-0.3152,-0.94426,1.5987,0.0063002,1.0938,0.054792
4.1383,-0.28251,-1.0524,1.8716,-0.026659,0.38472,-0.075536
3.8597,-0.24891,-1.1599,2.14,-0.050154,-0.2749,-0.20178
3.5617,-0.21466,-1.2662,2.4027,-0.063677,-0.89203,-0.3245
3.2437,-0.17998,-1.3703,2.6584,-0.066801,-1.4722,-0.44413
2.6566,0.038042,-1.3448,3.0625,-0.39117,0.63615,0.084742
2.2986,0.068687,-1.461,3.3064,-0.35626,-0.20997,-0.084129
1.9223,0.099389,-1.5695,3.5352,-0.31179,-0.98931,-0.24613
1.5286,0.12993,-1.6693,3.7473,-0.25749,-1.7083,-0.4014
1.1185,0.16014,-1.7595,3.9415,-0.19325,-2.3719,-0.54998
0.38364,0.38677,-1.5577,4.2885,-0.60359,0.098285,0.17228
-0.051644,0.41273,-1.6649,4.4485,-0.50433,-0.83629,-0.031339
-0.49565,0.43779,-1.7549,4.5826,-0.39624,-1.6808,-0.2223
-0.94557,0.46177,-1.8273,4.6899,-0.27987,-2.4409,-0.40041
-1.3983,0.48456,-1.882,4.7694,-0.15593,-3.121,-0.56542
-2.224,0.71284,-1.4768,5.0014,-0.98698,-0.38889,0.30592
-2.657,0.73178,-1.5497,5.0266,-0.78763,-1.3193,0.089647
-3.0814,0.74889,-1.5992,5.0196,-0.58655,-2.1347,-0.10724
-3.4932,0.76402,-1.6261,4.9809,-0.38504,-2.8412,-0.2846
-3.8886,0.77705,-1.6317,4.9112,-0.18448,-3.4441,-0.44236
-4.6232,1.0111,-1.0272,4.9989,-0.90446,0.615,0.46889
-4.9776,1.0243,-1.0847,4.8924,-0.66899,-0.36944,0.27948
-5.3014,1.0329,-1.1125,4.7532,-0.43972,-1.2089,0.11474
-5.5923,1.0368,-1.1139,4.5834,-0.21817,-1.911,-0.025877
-5.8489,1.0361,-1.0919,4.3856,-0.0056955,-2.4834,-0.14311
-6.297,1.3975,-0.46113,4.336,-0.77888,-0.098424,0.64367
-6.4779,1.3745,-0.47404,4.0845,-0.52314,-0.75448,0.50085
-6.6198,1.3469,-0.46293,3.8128,-0.28353,-1.2805,0.3825
-6.7235,1.3147,-0.43156,3.5235,-0.060413,-1.6865,0.28702
-6.7902,1.278,-0.38346,3.2193,0.14603,-1.9826,0.21263
-6.8296,1.4569,0.29996,3.0551,-0.66949,2.6037,0.71044
-6.8829,1.4235,0.27011,2.762,-0.40352,1.856,0.60785
-6.8947,1.383,0.26369,2.4534,-0.16261,1.2638,0.52624
-6.8687,1.3359,0.27636,2.133,0.054509,0.80877,0.46339
-6.8084,1.2827,0.3042,1.8041,0.24916,0.47383,0.41709
-6.5865,1.3533,0.90083,1.595,-0.93968,-0.12208,0.59364
-6.4936,1.2887,0.88279,1.2095,-0.62937,-0.29909,0.5558
-6.371,1.2188,0.8789,0.82983,-0.35099,-0.39786,0.53172
-6.2235,1.1444,0.88592,0.45743,-0.10214,-0.43051,0.51881
-6.0556,1.0665,0.90105,0.093647,0.11948,-0.40818,0.5147
-5.6103,0.96865,1.4121,-0.11132,-0.77968,-2.9207,0.37047
-5.4376,0.8952,1.3803,-0.52709,-0.49929,-2.6716,0.38697
-5.2494,0.81852,1.3578,-0.92163,-0.25057,-2.3874,0.40873
-5.0503,0.73959,1.3424,-1.2949,-0.030597,-2.0788,0.43358
-4.8445,0.65935,1.3321,-1.6471,0.16331,-1.755,0.45975
-4.3383,0.5243,1.6953,-1.9167,0.14452,-0.88389,0.39135
-4.1862,0.46678,1.6302,-2.2348,0.31804,-0.70221,0.41469
-4.0272,0.4069,1.576,-2.5326,0.46914,-0.50374,0.4381
-3.8647,0.34569,1.5306,-2.8102,0.6,-0.29551,0.46041
-3.7016,0.28414,1.4921,-3.0679,0.71256,-0.083581,0.48072
-3.2401,0.025837,1.5837,-3.2442,-0.21634,0.035713,0.039985
-3.1391,-0.011692,1.5282,-3.4865,-0.0026581,0.26157,0.070628
-3.0356,-0.049634,1.4805,-3.7057,0.18278,0.47656,0.099396
-2.9322,-0.087112,1.439,-3.9022,0.34254,0.67749,0.12563
-2.8312,-0.12334,1.4025,-4.0765,0.47893,0.86182,0.14884
-2.5216,-0.31114,1.5893,-4.2021,0.41617,-0.50686,-0.10034
-2.4489,-0.32274,1.5224,-4.3667,0.52716,-0.19236,-0.061158
-2.3804,-0.33384,1.4632,-4.5043,0.6198,0.089985,-0.026973
-2.3176,-0.34369,1.4107,-4.616,0.6957,0.3395,0.002128
-2.2617,-0.35164,1.3635,-4.7028,0.7563,0.55603,0.026177
-2.0937,-0.38061,1.4322,-4.7438,0.27746,0.056839,-0.12837
-2.0664,-0.3811,1.3796,-4.8037,0.36542,0.18955,-0.10028
-2.0452,-0.37905,1.332,-4.8388,0.43636,0.29731,-0.07693
-2.0306,-0.37403,1.2887,-4.8502,0.49178,0.38073,-0.058136
-2.0234,-0.36571,1.2488,-4.8386,0.53303,0.44069,-0.043638
-1.9371,-0.33712,1.2236,-4.7879,0.19816,0.16752,-0.1338
-1.9563,-0.32615,1.1904,-4.7466,0.26024,0.1553,-0.12136
-1.981,-0.31094,1.1589,-4.6839,0.30593,0.12938,-0.11189
-2.0115,-0.29146,1.1288,-4.6006,0.3368,0.090909,-0.10514
-2.0477,-0.26775,1.0996,-4.4978,0.35427,0.041184,-0.10082
-2.0639,-0.20837,1.0765,-4.3256,0.082971,0.26786,-0.086272
-2.119,-0.18083,1.0506,-4.1967,0.10119,0.14561,-0.09085
-2.1776,-0.14905,1.0247,-4.0503,0.10561,0.021678,-0.095919
-2.2396,-0.11329,0.99877,-3.8874,0.09768,-0.10278,-0.10126
-2.3044,-0.073839,0.97261,-3.7089,0.078674,-0.22662,-0.10662
-2.3974,0.015027,0.89936,-3.4815,0.10441,0.24676,-0.051108
-2.4699,0.056516,0.88009,-3.2736,0.067641,0.038314,-0.064105
-2.5424,0.10115,0.85933,-3.0544,0.02204,-0.15648,-0.075179
-2.6143,0.14845,0.83718,-2.8249,-0.031313,-0.33717,-0.08418
-2.6849,0.19792,0.8137,-2.5862,-0.091444,-0.50333,-0.090942
-2.7415,0.27125,0.98463,-2.3095,0.79381,1.2496,-0.13865
-2.8312,0.34146,0.9138,-2.032,0.58207,0.86265,-0.12504
-2.9129,0.40883,0.84945,-1.7532,0.38115,0.52617,-0.11091
-2.9861,0.47325,0.79055,-1.4737,0.19007,0.23605,-0.095689
-3.0503,0.53459,0.73627,-1.1942,0.0079913,-0.011247,-0.078858
-3.198,0.74087,0.54401,-0.88199,0.27297,-0.18465,-0.023219
-3.2279,0.77759,0.52215,-0.60132,0.064246,-0.33302,-0.0026278
-3.2487,0.8128,0.49962,-0.32451,-0.13345,-0.45031,0.02024
-3.2595,0.84596,0.47649,-0.05231,-0.32081,-0.53804,0.045674
-3.2593,0.8766,0.45286,0.21442,-0.49844,-0.59761,0.073889
-3.3299,0.96187,0.22936,0.44994,0.5411,-0.41383,0.013184
-3.2974,0.98106,0.22484,0.72759,0.25704,-0.45326,0.056087
-3.2523,0.99685,0.21862,0.99245,-0.0054709,-0.46199,0.10059
-3.1937,1.0088,0.21098,1.2442,-0.24802,-0.4422,0.14688
-3.1212,1.0166,0.20221,1.4824,-0.472,-0.39594,0.19502
-3.0581,1.0718,-0.080731,1.6605,0.15687,0.10945,0.0032835
-2.9602,1.0595,-0.057918,1.8926,-0.11297,0.116,0.0725
-2.8462,1.0437,-0.038659,2.1056,-0.36078,0.15819,0.14184
-2.7162,1.0241,-0.022433,2.2995,-0.58787,0.23179,0.21123
-2.5705,1.0004,-0.0087726,2.4745,-0.79541,0.33285,0.2805
-2.3815,0.91931,-0.32522,2.5464,0.028114,-0.95979,-0.031978
-2.1925,0.88343,-0.2781,2.6959,-0.2418,-0.64343,0.072485
-1.9923,0.84438,-0.23642,2.8239,-0.48472,-0.32991,0.1729
-1.7812,0.80212,-0.1995,2.9307,-0.70259,-0.020034,0.26919
-1.5599,0.75667,-0.16679,3.017,-0.89719,0.28531,0.36121
-1.2675,0.57638,-0.55325,2.9586,0.05288,-0.32485,-0.056501
-1.0281,0.52709,-0.48142,3.0279,-0.19737,0.042406,0.067372
-0.7818,0.4759,-0.41727,3.0742,-0.41931,0.39847,0.18335
-0.5298,0.42296,-0.3601,3.0987,-0.61514,0.74194,0.29142
-0.27326,0.36845,-0.30932,3.1025,-0.78686,1.0715,0.39153
0.064215,0.17428,-0.43044,3.2975,0.19158,-2.7984,-0.19417
0.37737,0.12446,-0.37969,3.199,-0.054569,-1.8951,-0.027321
0.67899,0.073873,-0.33616,3.0901,-0.26454,-1.0948,0.12288
0.96968,0.022804,-0.29894,2.972,-0.44231,-0.38647,0.25737
1.2498,-0.028462,-0.26733,2.8457,-0.59143,0.23972,0.37704
1.7138,-0.28501,-0.55211,2.4864,0.066318,-1.2415,-0.24211
1.9683,-0.325,-0.50183,2.3676,-0.10428,-0.55148,-0.086722
2.2116,-0.36457,-0.45838,2.241,-0.24787,0.056335,0.051372
2.4439,-0.40352,-0.42115,2.1078,-0.36748,0.5901,0.17322
2.6653,-0.44161,-0.38957,1.9694,-0.46582,1.057,0.2798
2.9953,-0.67791,-0.56187,1.6955,0.29781,-1.0223,-0.3355
3.2087,-0.69796,-0.52951,1.5533,0.15429,-0.34595,-0.18687
3.4069,-0.71794,-0.50216,1.4087,0.035919,0.23781,-0.057024
3.5905,-0.73758,-0.47938,1.2631,-0.06057,0.73895,0.055449
3.7603,-0.75668,-0.46076,1.1177,-0.13806,1.1663,0.15187
4.064,-0.9487,-0.58102,0.85973,0.41157,-0.64277,-0.35049
4.2122,-0.95246,-0.5659,0.71543,0.30271,-0.076884,-0.22614
4.3455,-0.95647,-0.55367,0.57553,0.21396,0.40136,-0.11896
4.4647,-0.96054,-0.54406,0.44082,0.14247,0.80203,-0.027504
4.5708,-0.9645,-0.53685,0.31201,0.085762,1.134,0.049532
4.758,-0.93725,-0.5558,0.054915,0.30489,-0.26207,-0.44432
4.848,-0.94345,-0.54969,-0.053757,0.24539,0.15976,-0.33332
4.9243,-0.94909,-0.54573,-0.15592,0.19883,0.50868,-0.23859
4.9878,-0.95412,-0.54367,-0.25088,0.1632,0.79293,-0.15866
5.0393,-0.9585,-0.5433,-0.33805,0.13675,1.0198,-0.092153
5.1381,-1.0176,-0.50371,-0.48913,0.21654,-0.09916,-0.34628
5.1745,-1.0133,-0.51718,-0.56176,0.18777,0.19938,-0.26735
5.1986,-1.0093,-0.52999,-0.62496,0.16775,0.43517,-0.20158
5.2114,-1.0056,-0.5422,-0.67851,0.15493,0.61583,-0.14767
5.2133,-1.0021,-0.55386,-0.72228,0.14799,0.74807,-0.10448
5.1994,-1.3513,-1.1481,-0.97354,0.24623,0.39307,-0.28663
5.1841,-1.3304,-1.0889,-0.9683,0.26133,0.44168,-0.25844
5.1588,-1.3101,-1.038,-0.9573,0.27575,0.4589,-0.23693
5.1241,-1.2904,-0.9943,-0.94025,0.28955,0.44887,-0.22144
5.0805,-1.2713,-0.95698,-0.91696,0.30283,0.41518,-0.21135
5.0296,-1.2483,-0.87921,-0.87364,0.26906,0.4817,-0.32708
4.9675,-1.2292,-0.85867,-0.83882,0.28414,0.40002,-0.31366
4.8978,-1.2109,-0.84139,-0.79745,0.29884,0.30418,-0.30537
4.8206,-1.1934,-0.82692,-0.74965,0.31327,0.19604,-0.30165
4.7361,-1.1765,-0.81484,-0.69559,0.32755,0.077203,-0.30199
4.6066,-1.1534,-0.63778,-0.57207,0.056878,0.40803,-0.10761
4.5077,-1.1328,-0.65071,-0.51268,0.093851,0.21432,-0.1294
4.4028,-1.1133,-0.66243,-0.44734,0.12948,0.020696,-0.15287
4.2917,-1.0947,-0.673,-0.37648,0.16399,-0.17267,-0.17771
4.1747,-1.0768,-0.68248,-0.30057,0.1976,-0.36554,-0.20365
3.9943,-0.97104,-0.49434,-0.1325,-0.13162,0.64486,-0.079842
3.8605,-0.95706,-0.52266,-0.048944,-0.069493,0.30639,-0.11696
3.7226,-0.94322,-0.54762,0.037488,-0.010362,-0.010989,-0.15401
3.5806,-0.92939,-0.56952,0.12635,0.046239,-0.30963,-0.19078
3.4342,-0.91545,-0.58865,0.21717,0.10072,-0.59148,-0.22708
3.2231,-0.81562,-0.33011,0.42647,-0.2733,0.67984,-0.093186
3.0596,-0.80053,-0.3766,0.51869,-0.19034,0.239,-0.14086
2.8945,-0.78521,-0.41703,0.61048,-0.11095,-0.16372,-0.18695
2.7273,-0.76954,-0.45206,0.70145,-0.03464,-0.53265,-0.23133
2.5581,-0.75341,-0.48226,0.79118,0.038994,-0.87137,-0.27388
2.3129,-0.5787,-0.21146,1.0216,-0.28504,0.62832,0.030396
2.1315,-0.567,-0.26473,1.1075,-0.18441,0.11853,-0.036102
1.9508,-0.55422,-0.31095,1.1895,-0.088062,-0.33918,-0.098449
1.7706,-0.54034,-0.35089,1.2674,0.0044972,-0.75055,-0.15669
1.5908,-0.52533,-0.38524,1.3409,0.093683,-1.1205,-0.21089
1.4517,-0.33364,-0.10087,1.5515,-0.18226,1.5214,0.031059
1.2349,-0.32231,-0.16251,1.6342,-0.068246,0.85357,-0.042832
1.0251,-0.30925,-0.21533,1.7078,0.039089,0.26317,-0.11008
0.82197,-0.29463,-0.26033,1.7724,0.14062,-0.25813,-0.17107
0.62496,-0.27858,-0.29839,1.8284,0.2371,-0.7176,-0.22619
0.37495,-0.026489,0.040856,2.0307,-0.12961,0.9287,0.17922
0.18018,-0.019425,-0.023167,2.0717,-0.0085322,0.36562,0.10021
-0.0064905,-0.010486,-0.078156,2.1036,0.10531,-0.12841,0.029028
-0.18536,7.0303e-05,-0.12511,2.1267,0.21266,-0.56051,-0.034832
-0.35663,0.012007,-0.16492,2.1413,0.31416,-0.93693,-0.09184
-0.59321,0.14454,0.23682,2.3071,-0.45409,1.0279,0.20875
-0.76328,0.16018,0.1587,2.3074,-0.2915,0.48546,0.13692
-0.92235,0.17619,0.091434,2.2987,-0.13966,0.012089,0.073549
-1.0708,0.19233,0.0338,2.2815,0.0023435,-0.3991,0.017997
-1.209,0.20839,-0.015292,2.2564,0.13531,-0.7542,-0.030336
-1.3751,0.30404,0.35591,2.3744,-0.57681,0.70113,0.25875
-1.5075,0.325,0.27075,2.3299,-0.38943,0.26144,0.19586
-1.6276,0.34436,0.1977,2.2792,-0.21555,-0.11761,0.1417
-1.7358,0.36204,0.13534,2.2225,-0.054105,-0.44217,0.095443
-1.8329,0.37801,0.082395,2.1604,0.095856,-0.71773,0.056324
-1.9391,0.57604,0.44412,2.2242,-0.58245,-0.37037,0.24323
-2.0185,0.58116,0.36445,2.1331,-0.38344,-0.59523,0.20382
-2.0868,0.58443,0.29598,2.0407,-0.19992,-0.78215,0.17136
-2.1449,0.58589,0.23735,1.9471,-0.030668,-0.93506,0.14503
-2.1932,0.58558,0.18735,1.8524,0.12541,-1.0575,0.12407
-2.2141,0.53076,0.59448,1.891,-0.59241,-0.10703,0.22483
-2.2632,0.54999,0.49282,1.7812,-0.38913,-0.28958,0.20543
-2.3006,0.56444,0.4058,1.6724,-0.20221,-0.43775,0.19115
-2.3275,0.57448,0.33158,1.5646,-0.030397,-0.55553,0.18122
-2.3447,0.58045,0.26851,1.4578,0.12743,-0.64649,0.17496
-2.4114,0.51515,0.5405,1.4693,-0.94946,0.30134,0.20601
-2.4198,0.53143,0.4506,1.3497,-0.71406,0.17616,0.20705
-2.4186,0.54265,0.37379,1.2332,-0.49885,0.075404,0.21036
-2.4089,0.54926,0.30831,1.1195,-0.30228,-0.0040563,0.21558
-2.3916,0.55168,0.25263,1.0087,-0.12293,-0.064998,0.22239
-2.3193,0.49658,0.59748,1.0224,-0.63559,0.15942,0.15834
-2.3045,0.51182,0.49932,0.89734,-0.43701,0.11925,0.17719
-2.2817,0.52116,0.41569,0.77763,-0.25544,0.091265,0.19602
-2.2521,0.52521,0.34458,0.66294,-0.089701,0.073563,0.21469
-2.2166,0.52455,0.28425,0.55293,0.061327,0.064466,0.23308
-2.1497,0.48907,0.61233,0.54006,-0.28997,0.014278,0.11596
-2.1107,0.49798,0.51236,0.419,-0.13791,0.061355,0.15491
-2.0669,0.50088,0.42702,0.30508,0.0017298,0.10629,0.19063
-2.0191,0.49849,0.35429,0.19767,0.12965,0.14875,0.22339
-1.9681,0.49153,0.2924,0.096246,0.24655,0.18853,0.25343
-1.8397,0.26558,0.64275,0.098559,-0.40926,0.22655,0.042916
-1.8035,0.29117,0.52697,-0.013814,-0.25132,0.28271,0.093283
-1.7623,0.30899,0.42839,-0.11823,-0.10633,0.33277,0.13901
-1.717,0.31998,0.34464,-0.21545,0.026396,0.37691,0.18051
-1.6685,0.32502,0.27365,-0.30611,0.14752,0.41534,0.21816
-1.5702,0.19393,0.55279,-0.31138,-0.18404,-0.80218,-0.13557
-1.5164,0.21584,0.44717,-0.42671,-0.058121,-0.58506,-0.058817
-1.4612,0.23028,0.35722,-0.53122,0.057894,-0.39347,0.0099538
-1.4051,0.23822,0.2808,-0.62597,0.16435,-0.22537,0.071523
-1.3485,0.24057,0.21604,-0.71192,0.26164,-0.07879,0.1266
-1.2682,0.084083,0.52139,-0.73313,-0.19744,-0.43005,-0.096846
-1.214,0.10858,0.41522,-0.8244,-0.08338,-0.22239,-0.017377
-1.1599,0.12548,0.32496,-0.90562,0.022506,-0.043712,0.052773
-1.1062,0.13584,0.24841,-0.97786,0.12028,0.10877,0.11466
-1.0532,0.1406,0.18368,-1.0421,0.21009,0.23765,0.16922
-0.96508,0.11347,0.53007,-1.0514,-0.0072936,-0.65802,0.12882
-0.90826,0.12667,0.42814,-1.1272,0.081376,-0.3612,0.19251
-0.85402,0.13317,0.34116,-1.1921,0.16324,-0.1134,0.24786
-0.80232,0.13402,0.26709,-1.2475,0.23838,0.092301,0.29566
-0.75307,0.13016,0.20416,-1.2946,0.30695,0.26188,0.33664
-0.72512,0.088546,0.47101,-1.296,-0.12407,0.94642,-0.27888
-0.68233,0.095546,0.38236,-1.3295,-0.038227,1.0248,-0.17639
-0.64118,0.097143,0.3068,-1.357,0.040983,1.0797,-0.086172
-0.60165,0.094266,0.24251,-1.3792,0.11365,1.1152,-0.0069965
-0.56373,0.087724,0.18791,-1.3969,0.17993,1.1346,0.062247
-0.61283,-0.05574,0.4652,-1.3648,-0.090644,-0.47021,-0.43109
-0.54882,-0.037076,0.37826,-1.4089,-0.032364,-0.17349,-0.30779
-0.49069,-0.024701,0.3037,-1.4437,0.023519,0.067977,-0.19955
-0.43788,-0.017627,0.23991,-1.4703,0.076555,0.26247,-0.1048
-0.3899,-0.01498,0.18547,-1.4898,0.12641,0.41713,-0.022087
-0.3228,-0.093548,0.4483,-1.4477,-0.10261,-0.36044,-0.10134
-0.27861,-0.074925,0.36416,-1.481,-0.044741,-0.10867,-0.017001
-0.23869,-0.06208,0.29222,-1.5054,0.0097711,0.095957,0.056602
-0.20265,-0.0541,0.23088,-1.5221,0.060669,0.26044,0.12059
-0.17014,-0.050179,0.17875,-1.532,0.10779,0.39083,0.17599
-0.19209,-0.20961,0.33134,-1.5107,-0.045162,0.45299,-0.12914
-0.15808,-0.18258,0.2598,-1.5148,-0.0061406,0.5738,-0.046526
-0.12762,-0.16161,0.19917,-1.5133,0.031642,0.66439,0.025419
-0.10038,-0.14578,0.14801,-1.5071,0.067712,0.72972,0.087873
-0.076041,-0.13427,0.10501,-1.4969,0.10171,0.77402,0.14189
-0.089761,-0.21354,0.30113,-1.4489,-0.091954,0.025007,-0.19555
-0.056972,-0.18753,0.23825,-1.4504,-0.0577,0.19125,-0.10903
-0.028297,-0.16688,0.18496,-1.4462,-0.024114,0.31986,-0.033335
-0.0032611,-0.15081,0.14,-1.4371,0.008288,0.41708,0.032724
0.018557,-0.13863,0.10228,-1.4239,0.03911,0.48822,0.090218
0.17532,-0.23093,0.24451,-1.1188,-0.025818,-0.70362,-0.036551
0.17496,-0.20227,0.18254,-1.171,0.038526,-0.48743,0.01664
0.17503,-0.17919,0.13099,-1.2103,0.093357,-0.30656,0.064601
0.17535,-0.16086,0.088428,-1.2382,0.13971,-0.15629,0.10762
0.17576,-0.14655,0.05358,-1.2564,0.17852,-0.032525,0.146
0.13189,-0.23771,0.14381,-1.282,0.13714,0.12301,-0.089725
0.13937,-0.21119,0.10054,-1.2791,0.15398,0.21919,-0.028601
0.14556,-0.18938,0.065074,-1.2704,0.16875,0.29316,0.025071
0.1506,-0.17159,0.03631,-1.2568,0.18146,0.34852,0.072068
0.15459,-0.1572,0.013286,-1.2391,0.19216,0.38838,0.11309
0.11521,-0.20601,0.21366,-1.1398,0.26514,-2.0972,-0.42944
0.15032,-0.17793,0.16939,-1.1677,0.24819,-1.6747,-0.33057
0.17939,-0.1553,0.13247,-1.1845,0.23448,-1.3193,-0.24368
0.20316,-0.13728,0.10194,-1.1917,0.22327,-1.0214,-0.16744
0.22228,-0.12314,0.076942,-1.1909,0.21394,-0.77282,-0.10068
0.22158,-0.17593,0.12747,-1.2443,0.2929,0.31606,-0.47577
0.22828,-0.15683,0.097949,-1.2048,0.2642,0.36696,-0.3825
0.23261,-0.14133,0.074005,-1.1643,0.23981,0.40163,-0.30054
0.23493,-0.12886,0.054842,-1.1232,0.21893,0.42323,-0.22858
0.2356,-0.11892,0.039764,-1.082,0.2009,0.43437,-0.16545
0.12317,-0.09855,0.010343,-1.1959,0.26168,2.1327,-0.38571
0.12634,-0.095043,0.0089901,-1.0977,0.20963,1.9037,-0.3055
0.12789,-0.092433,0.0088581,-1.0086,0.16663,1.6965,-0.23607
0.12823,-0.090535,0.0097417,-0.92802,0.13118,1.5097,-0.17597
0.1277,-0.089197,0.01146,-0.85506,0.102,1.3419,-0.12393
0.06161,-0.10705,0.092618,-0.73308,0.35026,-0.16137,-0.5673
0.085297,-0.098642,0.08595,-0.69948,0.29128,-0.057696,-0.4727
0.10466,-0.092012,0.080613,-0.66728,0.24166,0.023784,-0.38992
0.12035,-0.086854,0.076444,-0.63653,0.19994,0.087071,-0.31748
0.13293,-0.082907,0.073296,-0.60727,0.16488,0.13552,-0.25411
0.16269,-0.14498,0.24753,-0.7001,-0.0063123,0.94409,0.12447
0.16153,-0.1288,0.2201,-0.64325,-0.024477,0.86147,0.13973
0.15982,-0.11491,0.19698,-0.59186,-0.038352,0.78494,0.15185
0.15774,-0.10302,0.17761,-0.54553,-0.048706,0.71453,0.16136
0.15543,-0.092883,0.1615,-0.50389,-0.056182,0.65018,0.16869
0.090337,-0.088816,0.12145,-0.48575,0.10409,0.077573,0.18239
0.10428,-0.080186,0.11612,-0.45395,0.06741,0.11589,0.19056
0.11565,-0.072959,0.11184,-0.42558,0.036956,0.14499,0.1963
0.12488,-0.06694,0.10851,-0.4004,0.011749,0.16672,0.20008
0.13229,-0.061959,0.10602,-0.3782,-0.0090403,0.18263,0.20225
0.1593,-0.072618,0.12628,-0.35755,0.24131,-0.35238,0.16277
0.16696,-0.065908,0.12059,-0.34731,0.19867,-0.26686,0.16515
0.17284,-0.060368,0.1161,-0.33842,0.16216,-0.19458,0.16625
0.17723,-0.055831,0.11267,-0.33086,0.13088,-0.13345,0.16631
0.18039,-0.052152,0.11019,-0.32461,0.10407,-0.081659,0.16554
0.10387,0.0024349,0.069206,-0.36158,0.10061,0.005527,0.10816
0.11877,-0.0025413,0.079994,-0.34684,0.068286,0.053483,0.11702
0.131,-0.0072368,0.089433,-0.33497,0.041247,0.092579,0.12374
0.14095,-0.011636,0.097736,-0.32579,0.018694,0.12449,0.12869
0.14899,-0.015731,0.10508,-0.31913,-5.1075e-05,0.1506,0.13217
0.12023,-0.071302,0.073883,-0.32823,-0.17296,-0.88938,-0.24932
