0.3,0.1,0.1995
0.3,0.1,0.1995
0.30002,0.10003,0.19954
0.30006,0.10007,0.1996
0.30012,0.10014,0.19969
0.30018,0.10023,0.1998
0.30027,0.10033,0.19993
0.30034,0.10042,0.20005
0.30041,0.10051,0.20016
0.30047,0.1006,0.20027
0.30054,0.10069,0.20037
0.3006,0.10078,0.20048
0.30067,0.10086,0.20059
0.30074,0.10094,0.20069
0.30081,0.10102,0.20079
0.30088,0.10109,0.20088
0.30096,0.10116,0.20098
0.30104,0.10123,0.20107
0.30112,0.1013,0.20117
0.30121,0.10136,0.20127
0.3013,0.10141,0.20137
0.30139,0.10146,0.20148
0.30149,0.1015,0.20158
0.3016,0.10153,0.20169
0.30171,0.10156,0.2018
0.30183,0.10158,0.20192
0.30195,0.10159,0.20204
0.30208,0.10158,0.20217
0.30222,0.10157,0.20229
0.30236,0.10155,0.20242
0.3025,0.10152,0.20255
0.30264,0.10148,0.2027
0.30278,0.10144,0.20285
0.30292,0.10139,0.20301
0.30306,0.10133,0.20318
0.3032,0.10126,0.20336
0.30334,0.10117,0.20354
0.30348,0.10106,0.20373
0.30363,0.10093,0.20393
0.30378,0.10077,0.20414
0.30393,0.1006,0.20435
0.30409,0.10039,0.20456
0.30425,0.10016,0.20478
0.30441,0.099902,0.20501
0.30458,0.09961,0.20524
0.30475,0.099283,0.20548
0.30492,0.09892,0.20572
0.3051,0.098521,0.20597
0.30528,0.098082,0.20622
0.30547,0.097602,0.20648
0.30566,0.097078,0.20674
0.30586,0.09651,0.20701
0.30606,0.095896,0.20729
0.30626,0.095234,0.20756
0.30647,0.094522,0.20785
0.30669,0.093758,0.20814
0.30691,0.092942,0.20843
0.30713,0.092071,0.20873
0.30736,0.091145,0.20903
0.30759,0.09016,0.20934
0.30783,0.089116,0.20965
0.30807,0.088012,0.20997
0.30831,0.086844,0.2103
0.30857,0.085613,0.21063
0.30882,0.084316,0.21096
0.30908,0.082953,0.2113
0.30935,0.081522,0.21164
0.30961,0.080023,0.21199
0.30988,0.078453,0.21234
0.31016,0.076813,0.2127
0.31044,0.0751,0.21306
0.31072,0.073314,0.21342
0.311,0.071454,0.21379
0.31128,0.069519,0.21417
0.31157,0.067508,0.21454
0.31186,0.065419,0.21493
0.31216,0.063254,0.21531
0.31245,0.061011,0.2157
0.31275,0.05869,0.21609
0.31305,0.056289,0.21649
0.31335,0.053808,0.21689
0.31366,0.051248,0.2173
0.31396,0.048609,0.21771
0.31427,0.04589,0.21812
0.31458,0.043091,0.21854
0.3149,0.040211,0.21896
0.31521,0.037252,0.21938
0.31553,0.034213,0.21981
0.31585,0.031095,0.22025
0.31617,0.027899,0.22069
0.3165,0.024623,0.22113
0.31682,0.021269,0.22157
0.31715,0.017839,0.22201
0.31747,0.014331,0.22245
0.3178,0.010749,0.2229
0.31812,0.0070919,0.22335
0.31845,0.0033634,0.2238
0.31878,-0.00043557,0.22425
0.31912,-0.0043036,0.2247
0.31945,-0.0082391,0.22516
0.31979,-0.01224,0.22563
0.32013,-0.016304,0.22609
0.32047,-0.020427,0.22656
0.32082,-0.024609,0.22704
0.32117,-0.028847,0.22752
0.32153,-0.033138,0.228
0.32188,-0.03748,0.22849
0.32225,-0.041868,0.22898
0.32261,-0.0463,0.22948
0.32298,-0.050774,0.22998
0.32336,-0.055287,0.23049
0.32373,-0.059833,0.231
0.32412,-0.064409,0.23151
0.32451,-0.069013,0.23204
0.3249,-0.07364,0.23256
0.3253,-0.078286,0.2331
0.3257,-0.082946,0.23364
0.32611,-0.087616,0.23418
0.32652,-0.092291,0.23473
0.32694,-0.096968,0.23529
0.32736,-0.10164,0.23585
0.3278,-0.10631,0.23642
0.32823,-0.11096,0.23699
0.32868,-0.1156,0.23757
0.32913,-0.12021,0.23815
0.32958,-0.12479,0.23874
0.33004,-0.12934,0.23933
0.33051,-0.13385,0.23993
0.33099,-0.13832,0.24053
0.33146,-0.14273,0.24114
0.33194,-0.14708,0.24175
0.33243,-0.15137,0.24237
0.33293,-0.1556,0.24299
0.33343,-0.15974,0.24361
0.33393,-0.16381,0.24424
0.33444,-0.16779,0.24488
0.33495,-0.17167,0.24551
0.33547,-0.17546,0.24615
0.33599,-0.17914,0.2468
0.33652,-0.18271,0.24744
0.33705,-0.18616,0.24809
0.33758,-0.18949,0.24874
0.33812,-0.1927,0.2494
0.33866,-0.19577,0.25005
0.3392,-0.19869,0.25071
0.33975,-0.20148,0.25137
0.3403,-0.20411,0.25203
0.34085,-0.20659,0.25269
0.34141,-0.2089,0.25335
0.34197,-0.21105,0.25401
0.34253,-0.21302,0.25468
0.34309,-0.21482,0.25535
0.34365,-0.21644,0.25601
0.34422,-0.21788,0.25668
0.34479,-0.21912,0.25735
0.34535,-0.22017,0.25803
0.34592,-0.22102,0.2587
0.34649,-0.22166,0.25937
0.34706,-0.2221,0.26005
0.34762,-0.22233,0.26072
0.34819,-0.22235,0.2614
0.34876,-0.22215,0.26207
0.34932,-0.22173,0.26274
0.34989,-0.22108,0.26342
0.35045,-0.22022,0.26409
0.35102,-0.21912,0.26476
0.35158,-0.2178,0.26544
0.35214,-0.21625,0.26611
0.3527,-0.21447,0.26679
0.35327,-0.21245,0.26746
0.35383,-0.2102,0.26814
0.35438,-0.20772,0.26882
0.35494,-0.20501,0.26949
0.3555,-0.20206,0.27017
0.35605,-0.19888,0.27085
0.35661,-0.19548,0.27153
0.35716,-0.19183,0.27222
0.3577,-0.18796,0.2729
0.35824,-0.18386,0.27359
0.35878,-0.17954,0.27428
0.35932,-0.175,0.27497
0.35985,-0.17024,0.27566
0.36038,-0.16525,0.27636
0.36091,-0.16006,0.27706
0.36144,-0.15466,0.27776
0.36196,-0.14906,0.27846
0.36248,-0.14325,0.27916
0.363,-0.13724,0.27986
0.36352,-0.13105,0.28056
0.36403,-0.12466,0.28127
0.36454,-0.11811,0.28197
0.36505,-0.11137,0.28267
0.36556,-0.10447,0.28337
0.36607,-0.097402,0.28408
0.36657,-0.090185,0.28478
0.36708,-0.082824,0.28549
0.36758,-0.07532,0.28619
0.36808,-0.067682,0.2869
0.36858,-0.059921,0.2876
0.36909,-0.052045,0.28831
0.36959,-0.044065,0.28903
0.37009,-0.035984,0.28974
0.37059,-0.027813,0.29045
0.37109,-0.019563,0.29116
0.37159,-0.011244,0.29187
0.3721,-0.0028676,0.29259
0.3726,0.0055597,0.29331
0.3731,0.014026,0.29402
0.3736,0.022519,0.29474
0.37411,0.031027,0.29546
0.37462,0.03954,0.29618
0.37512,0.04805,0.2969
0.37561,0.056544,0.29761
0.3761,0.065009,0.29832
0.3766,0.073432,0.29903
0.37709,0.081801,0.29974
0.37759,0.090106,0.30045
0.37809,0.098334,0.30116
0.37859,0.10647,0.30188
0.3791,0.11451,0.30259
0.37962,0.12244,0.30332
0.38012,0.13025,0.30404
0.38062,0.13794,0.30475
0.38111,0.14549,0.30547
0.3816,0.15289,0.30619
0.3821,0.16012,0.30692
0.38261,0.16719,0.30764
0.38314,0.17409,0.30837
0.38368,0.18079,0.30911
0.38424,0.1873,0.30985
0.38482,0.1936,0.3106
0.38543,0.19969,0.31136
0.38608,0.20557,0.31211
0.38675,0.21122,0.31288
0.38746,0.21663,0.31365
0.38819,0.22181,0.31442
0.38893,0.22675,0.3152
0.38968,0.23144,0.31597
0.39045,0.23587,0.31675
0.39122,0.24005,0.31753
0.392,0.24396,0.31831
0.39278,0.24762,0.3191
0.39356,0.25102,0.31988
0.39434,0.25415,0.32068
0.39511,0.25701,0.32147
0.39588,0.25959,0.32228
0.39665,0.2619,0.32307
0.39743,0.26393,0.32387
0.3982,0.26568,0.32466
0.39896,0.26714,0.32545
0.39972,0.26832,0.32625
0.40048,0.26922,0.32704
0.40123,0.26983,0.32783
0.40198,0.27016,0.32862
0.40272,0.27021,0.32941
0.40345,0.26997,0.33021
0.40417,0.26946,0.331
0.40488,0.26867,0.3318
0.40559,0.26761,0.3326
0.40628,0.26627,0.33339
0.40697,0.26467,0.33419
0.40765,0.2628,0.33499
0.40831,0.26067,0.33578
0.40897,0.25829,0.33658
0.40962,0.25566,0.33737
0.41026,0.25279,0.33815
0.41089,0.24967,0.33894
0.4115,0.24632,0.33972
0.41211,0.24274,0.3405
0.41271,0.23894,0.34128
0.41331,0.23493,0.34205
0.41388,0.2307,0.3428
0.41444,0.22627,0.34353
0.41498,0.22165,0.34425
0.41552,0.21685,0.34495
0.41604,0.21187,0.34565
0.41656,0.20672,0.34634
0.41708,0.20141,0.34702
0.41759,0.19596,0.3477
0.4181,0.19037,0.34838
0.4186,0.18465,0.34905
0.41911,0.17881,0.34972
0.4196,0.17286,0.35039
0.4201,0.16681,0.35105
0.42059,0.16066,0.35171
0.42109,0.15444,0.35236
0.42157,0.14816,0.35302
0.42205,0.14181,0.35368
0.42253,0.13542,0.35434
0.42301,0.129,0.35499
0.42348,0.12255,0.35565
0.42396,0.11608,0.35631
0.42445,0.10961,0.35698
0.42493,0.10314,0.35764
0.42542,0.096694,0.35831
0.42592,0.090272,0.35898
0.42642,0.083883,0.35965
0.42691,0.07754,0.36033
0.42741,0.071254,0.36101
0.42791,0.065034,0.36169
0.42842,0.058892,0.36237
0.42895,0.052826,0.36305
0.42952,0.046849,0.36372
0.4301,0.04097,0.3644
0.43071,0.035201,0.36507
0.43132,0.029552,0.36573
0.43195,0.024026,0.3664
0.43258,0.018634,0.36707
0.43322,0.013385,0.36774
0.43387,0.0082876,0.36841
0.43451,0.0033491,0.36907
0.43516,-0.001432,0.36974
0.43582,-0.0060467,0.37041
0.43648,-0.010487,0.37107
0.43713,-0.014744,0.37174
0.43779,-0.018813,0.3724
0.43845,-0.022692,0.37306
0.43911,-0.026376,0.37372
0.43977,-0.029857,0.37438
0.44043,-0.033131,0.37503
0.44108,-0.036192,0.37569
0.44173,-0.039044,0.37635
0.44238,-0.041682,0.37701
0.44303,-0.044101,0.37767
0.44367,-0.046298,0.37833
0.44431,-0.04827,0.37899
0.44494,-0.050019,0.37965
0.44557,-0.051544,0.3803
0.4462,-0.052841,0.38096
0.44683,-0.053909,0.38162
0.44745,-0.054746,0.38227
0.44805,-0.055352,0.38294
0.44864,-0.055726,0.38362
0.44923,-0.05587,0.38431
0.4498,-0.055783,0.38501
0.45036,-0.055468,0.38571
0.45092,-0.054926,0.38641
0.45146,-0.054159,0.38712
0.452,-0.05317,0.38783
0.45254,-0.05196,0.38854
0.45306,-0.050533,0.38926
0.45358,-0.048892,0.38996
0.4541,-0.04704,0.39067
0.45462,-0.04498,0.39137
0.45513,-0.042718,0.39207
0.45563,-0.040257,0.39277
0.45614,-0.037597,0.39346
0.45663,-0.034745,0.39415
0.45713,-0.031705,0.39484
0.45761,-0.028484,0.39552
0.4581,-0.025086,0.3962
0.45858,-0.021512,0.39687
0.45906,-0.017768,0.39754
0.45953,-0.01386,0.3982
0.46,-0.0097962,0.39886
0.46047,-0.0055815,0.39952
0.46093,-0.0012169,0.40016
0.46139,0.00329,0.40081
0.46184,0.0079322,0.40145
0.46229,0.012703,0.40208
0.46274,0.017595,0.40271
0.46318,0.022617,0.40334
0.4636,0.027759,0.40396
0.46402,0.033012,0.40458
0.46443,0.038368,0.4052
0.46483,0.043819,0.40581
0.46523,0.049364,0.40642
0.46561,0.054992,0.40703
0.466,0.060697,0.40763
0.46638,0.066471,0.40824
0.46675,0.072307,0.40884
0.46712,0.078204,0.40944
0.46749,0.084156,0.41003
0.46785,0.090153,0.41061
0.4682,0.096189,0.4112
0.46856,0.10226,0.41178
0.46891,0.10836,0.41235
0.46926,0.11448,0.41292
0.46961,0.12062,0.41349
0.46995,0.12677,0.41405
0.4703,0.13293,0.41462
0.47065,0.13908,0.41518
0.47101,0.14524,0.41574
0.47136,0.15137,0.41629
0.47172,0.1575,0.41685
0.47209,0.1636,0.41741
0.47245,0.16968,0.41796
0.47282,0.17573,0.41851
0.47319,0.18175,0.41905
0.47356,0.18774,0.41958
0.47393,0.19368,0.42012
0.4743,0.19958,0.42065
0.47467,0.20544,0.42118
0.47504,0.21124,0.42171
0.47541,0.21699,0.42223
0.47578,0.22268,0.42276
0.47615,0.22832,0.42328
0.47652,0.23389,0.4238
0.47688,0.2394,0.42431
0.47725,0.24483,0.42483
0.47761,0.2502,0.42534
0.47798,0.25549,0.42585
0.47835,0.2607,0.42635
0.47872,0.26584,0.42685
0.47909,0.27089,0.42735
0.47945,0.27586,0.42786
0.47981,0.28075,0.42835
0.48018,0.28557,0.42883
0.48054,0.2903,0.42931
0.4809,0.29494,0.42978
0.48125,0.2995,0.43026
0.48161,0.30397,0.43072
0.48198,0.30836,0.43117
0.48235,0.31266,0.43162
0.48272,0.31687,0.43208
0.48308,0.32099,0.43253
0.48345,0.32502,0.43297
0.48383,0.32896,0.43341
0.4842,0.33281,0.43384
0.48456,0.33657,0.43427
0.48492,0.34024,0.4347
0.48529,0.34382,0.43512
0.48566,0.3473,0.43554
0.48603,0.3507,0.43595
0.48639,0.354,0.43637
0.48675,0.35722,0.43679
0.48709,0.36034,0.4372
0.48744,0.36336,0.43761
0.48777,0.3663,0.43802
0.48809,0.36915,0.43844
0.4884,0.37191,0.43886
0.48872,0.37458,0.43927
0.48904,0.37716,0.43967
0.48936,0.37966,0.44007
0.48968,0.38208,0.44046
0.49,0.38441,0.44086
0.49032,0.38667,0.44124
0.49064,0.38885,0.44162
0.49096,0.39096,0.44199
0.49127,0.39299,0.44237
0.49158,0.39494,0.44274
0.49188,0.39683,0.4431
0.49218,0.39864,0.44344
0.49247,0.40038,0.44379
0.49275,0.40205,0.44413
0.49303,0.40366,0.44447
0.4933,0.4052,0.44479
0.49357,0.40667,0.44511
0.49384,0.40809,0.44542
0.4941,0.40945,0.44573
0.49435,0.41074,0.44603
0.4946,0.412,0.44632
0.49485,0.41323,0.44661
0.49509,0.41441,0.44688
0.49533,0.41555,0.44715
0.49555,0.41665,0.44742
0.49577,0.41771,0.44767
0.49598,0.41871,0.44792
0.49619,0.41968,0.44816
0.49638,0.42059,0.4484
0.49657,0.42147,0.44864
0.49677,0.4223,0.44886
0.49698,0.4231,0.44908
0.4972,0.42387,0.44928
0.49741,0.4246,0.44948
0.49763,0.42529,0.44968
0.49784,0.42594,0.44986
0.49804,0.42655,0.45004
0.49823,0.42712,0.45022
0.49841,0.42766,0.45039
0.49858,0.42816,0.45056
0.49873,0.42862,0.45073
0.49887,0.42902,0.4509
0.49899,0.42939,0.45107
0.4991,0.42972,0.45123
0.4992,0.43002,0.4514
0.4993,0.43029,0.45156
0.4994,0.43054,0.45172
0.4995,0.43076,0.45187
0.49959,0.43096,0.45201
0.49968,0.43115,0.45215
0.49977,0.43131,0.45228
0.49985,0.43144,0.45239
0.49992,0.43157,0.4525
0.49998,0.43167,0.45259
0.50003,0.43176,0.45268
0.50008,0.43184,0.45276
0.50013,0.4319,0.45284
0.50018,0.43196,0.4529
0.50023,0.432,0.45296
0.50027,0.43203,0.45302
0.50031,0.43206,0.45307
0.50034,0.43208,0.45311
0.50038,0.43209,0.45314
0.50041,0.4321,0.45317
0.50043,0.43211,0.45319
0.50046,0.4321,0.45321
0.50048,0.43209,0.45322
0.50049,0.43207,0.45324
0.50051,0.43204,0.45325
