0.22399
0.22399
0.22393
0.2238
0.22362
0.22339
0.22311
0.22285
0.22261
0.22238
0.22218
0.222
0.22185
0.22173
0.22164
0.22156
0.22151
0.22147
0.22146
0.22146
0.22147
0.2215
0.22154
0.22159
0.22164
0.22171
0.22178
0.22186
0.22194
0.22202
0.22211
0.2222
0.2223
0.22239
0.22249
0.2226
0.2227
0.22281
0.22291
0.22302
0.22312
0.22322
0.22332
0.22342
0.22351
0.2236
0.22369
0.22377
0.22385
0.22392
0.22399
0.22405
0.2241
0.22415
0.22418
0.22422
0.22424
0.22426
0.22426
0.22426
0.22425
0.22424
0.22421
0.22418
0.22414
0.22409
0.22403
0.22396
0.22389
0.2238
0.22371
0.22362
0.22351
0.2234
0.22328
0.22316
0.22304
0.2229
0.22277
0.22263
0.22249
0.22235
0.22221
0.22207
0.22193
0.22179
0.22166
0.22153
0.22141
0.2213
0.2212
0.22111
0.22103
0.22096
0.22091
0.22088
0.22087
0.22087
0.2209
0.22095
0.22103
0.22114
0.22127
0.22144
0.22163
0.22186
0.22212
0.22242
0.22276
0.22313
0.22354
0.22398
0.22447
0.225
0.22556
0.22616
0.2268
0.22748
0.2282
0.22895
0.22974
0.23055
0.2314
0.23228
0.23319
0.23412
0.23507
0.23604
0.23703
0.23803
0.23904
0.24006
0.24108
0.24211
0.24313
0.24414
0.24515
0.24614
0.24712
0.24808
0.24903
0.24995
0.25085
0.25172
0.25256
0.25337
0.25415
0.2549
0.25562
0.25631
0.25696
0.25757
0.25815
0.2587
0.25921
0.25968
0.26013
0.26053
0.2609
0.26124
0.26155
0.26182
0.26205
0.26225
0.26242
0.26256
0.26266
0.26273
0.26277
0.26277
0.26274
0.26268
0.26258
0.26245
0.26229
0.26209
0.26186
0.2616
0.26131
0.26099
0.26064
0.26026
0.25986
0.25943
0.25898
0.25852
0.25804
0.25754
0.25704
0.25654
0.25604
0.25554
0.25506
0.25459
0.25415
0.25373
0.25335
0.25301
0.25272
0.25247
0.25228
0.25216
0.25209
0.2521
0.25217
0.25231
0.25253
0.25282
0.25318
0.25361
0.2541
0.25466
0.25529
0.25596
0.25669
0.25746
0.25827
0.25911
0.25998
0.26086
0.26175
0.26265
0.26354
0.26441
0.26527
0.26611
0.26691
0.26768
0.26841
0.2691
0.26974
0.27033
0.27088
0.27137
0.27181
0.27221
0.27256
0.27287
0.27313
0.27336
0.27356
0.27373
0.27387
0.27398
0.27408
0.27416
0.27423
0.27429
0.27434
0.27439
0.27444
0.2745
0.27456
0.27462
0.2747
0.27478
0.27488
0.27498
0.2751
0.27524
0.27538
0.27554
0.27571
0.27589
0.27608
0.27629
0.2765
0.27671
0.27694
0.27716
0.2774
0.27763
0.27787
0.2781
0.27834
0.27857
0.2788
0.27903
0.27926
0.27948
0.2797
0.27992
0.28013
0.28034
0.28055
0.28075
0.28096
0.28116
0.28137
0.28157
0.28178
0.28199
0.2822
0.28241
0.28263
0.28284
0.28307
0.28329
0.28352
0.28375
0.28398
0.28421
0.28444
0.28467
0.2849
0.28512
0.28534
0.28556
0.28577
0.28597
0.28616
0.28634
0.28652
0.28668
0.28683
0.28698
0.28711
0.28723
0.28733
0.28743
0.28752
0.2876
0.28766
0.28772
0.28777
0.28781
0.28785
0.28788
0.2879
0.28792
0.28793
0.28793
0.28794
0.28794
0.28793
0.28792
0.28791
0.2879
0.28789
0.28787
0.28785
0.28783
0.28781
0.28779
0.28776
0.28773
0.2877
0.28767
0.28763
0.28759
0.28755
0.2875
0.28745
0.28739
0.28733
0.28726
0.28719
0.28711
0.28703
0.28693
0.28683
0.28672
0.28661
0.28648
0.28634
0.28619
0.28604
0.28586
0.28568
0.28549
0.28528
0.28505
0.28481
0.28456
0.28428
0.284
0.28369
0.28336
0.28301
0.28265
0.28226
0.28185
0.28142
0.28097
0.2805
0.28001
0.27949
0.27895
0.27839
0.27781
0.2772
0.27658
0.27593
0.27525
0.27456
0.27385
0.27311
0.27236
0.27158
0.27079
0.26998
0.26915
0.26831
0.26745
0.26658
0.2657
0.2648
0.2639
0.26298
0.26205
0.26112
0.26017
0.25922
0.25827
0.25731
0.25636
0.2554
0.25444
0.25348
0.25252
0.25157
0.25062
0.24968
0.24874
0.24781
0.24689
0.24598
0.24507
0.24418
0.2433
0.24243
0.24157
0.24072
0.23988
0.23906
0.23825
0.23746
0.23668
0.23592
0.23517
0.23443
0.23372
0.23302
0.23233
0.23166
0.23101
0.23038
0.22976
0.22915
0.22857
0.228
0.22744
0.2269
0.22637
0.22586
0.22536
0.22487
0.22441
0.22395
0.22352
0.2231
0.22269
0.2223
0.22193
0.22157
0.22122
0.22089
0.22058
0.22028
0.22
0.21973
0.21948
0.21924
0.21902
0.21881
0.21861
0.21842
0.21824
0.21807
0.21791
0.21776
0.21761
0.21748
0.21735
0.21723
0.21712
0.21701
0.21691
0.21681
0.21672
0.21664
0.21656
0.21648
0.21641
0.21635
0.21628
0.21623
0.21618
0.21613
0.21609
