0.058687,18.286,-11.029,-8.0363,-0.71596,-0.028573,0.00010924
0.058466,18.496,-11.006,-8.047,-0.70333,-0.02788,8.2369e-05
0.055797,18.685,-10.986,-8.0595,-0.69188,-0.027682,5.915e-05
0.051258,18.856,-10.969,-8.0735,-0.68147,-0.027929,3.9198e-05
0.04527,19.009,-10.954,-8.0892,-0.67197,-0.028575,2.2125e-05
0.11621,21.789,-11.168,-8.1539,-0.56481,-0.024993,6.8357e-06
0.10536,21.717,-11.172,-8.1551,-0.56929,-0.0279,1.8848e-05
0.094181,21.648,-11.174,-8.1577,-0.57323,-0.030483,2.8309e-05
0.082591,21.584,-11.173,-8.1614,-0.57667,-0.032782,3.5542e-05
-0.038664,22.1,-11.293,-8.1628,-0.59299,-0.034899,0.00013186
-0.066862,21.946,-11.211,-8.1698,-0.59091,-0.037295,6.8338e-05
-0.089673,21.814,-11.146,-8.1764,-0.58944,-0.039266,1.6217e-05
-0.10831,21.7,-11.093,-8.1829,-0.58847,-0.040857,-2.626e-05
-0.12383,21.601,-11.051,-8.1893,-0.58789,-0.042112,-6.0705e-05
-0.17538,21.592,-11.163,-8.2063,-0.59347,-0.039251,0.0001478
-0.17848,21.525,-11.147,-8.2085,-0.5929,-0.040309,0.00012695
-0.18276,21.464,-11.134,-8.2109,-0.5924,-0.041217,0.00010804
-0.18834,21.409,-11.122,-8.2136,-0.59197,-0.041993,9.0703e-05
-0.19531,21.36,-11.112,-8.2165,-0.59156,-0.042654,7.4635e-05
-0.22713,21.219,-11.084,-8.2274,-0.58873,-0.046854,8.2177e-06
-0.22189,21.2,-11.097,-8.2283,-0.59054,-0.046596,1.7468e-05
-0.22107,21.18,-11.106,-8.2296,-0.592,-0.046354,2.3637e-05
-0.22424,21.16,-11.112,-8.2314,-0.59314,-0.046128,2.7133e-05
-0.23103,21.14,-11.117,-8.2334,-0.59402,-0.045921,2.8315e-05
-0.20097,21.01,-11.068,-8.2313,-0.58171,-0.047588,-0.00012927
-0.21264,21.001,-11.074,-8.2345,-0.58338,-0.046907,-0.00011772
-0.22791,20.99,-11.078,-8.2379,-0.58478,-0.046294,-0.00010929
-0.24643,20.979,-11.08,-8.2415,-0.58594,-0.045747,-0.00010366
-0.26789,20.968,-11.08,-8.2452,-0.58688,-0.045262,-0.00010054
-0.23428,21.085,-11.128,-8.2641,-0.61003,-0.031948,2.4219e-05
-0.28982,21.05,-11.112,-8.2668,-0.60743,-0.034305,-9.0725e-07
-0.3421,21.018,-11.098,-8.2695,-0.60505,-0.036396,-2.4489e-05
-0.39157,20.989,-11.085,-8.2723,-0.60286,-0.038253,-4.6738e-05
-0.43861,20.963,-11.072,-8.2753,-0.60084,-0.039906,-6.784e-05
-0.51535,20.935,-11.038,-8.2791,-0.59911,-0.040826,-9.8628e-05
-0.55651,20.916,-11.031,-8.282,-0.59749,-0.042279,-0.00011571
-0.59622,20.898,-11.024,-8.2849,-0.59595,-0.043575,-0.00013236
-0.63472,20.882,-11.017,-8.2879,-0.59448,-0.044734,-0.00014863
-0.67225,20.867,-11.01,-8.2909,-0.59308,-0.045773,-0.0001646
-0.72449,20.841,-10.988,-8.2946,-0.59418,-0.043029,-0.00018491
-0.76552,20.828,-10.982,-8.2973,-0.59266,-0.044582,-0.00020069
-0.80511,20.816,-10.977,-8.3001,-0.5912,-0.04598,-0.00021623
-0.84352,20.804,-10.971,-8.3029,-0.5898,-0.047242,-0.00023156
-0.88097,20.793,-10.965,-8.3057,-0.58845,-0.048387,-0.00024673
-0.93417,20.778,-10.949,-8.3068,-0.58936,-0.047842,-0.00026179
-0.97182,20.767,-10.943,-8.3101,-0.58788,-0.049054,-0.00027688
-1.0087,20.757,-10.937,-8.3133,-0.58646,-0.050166,-0.00029182
-1.0449,20.748,-10.93,-8.3163,-0.58508,-0.05119,-0.00030664
-1.0807,20.738,-10.924,-8.3193,-0.58375,-0.052138,-0.00032134
-1.1354,20.727,-10.91,-8.3208,-0.5845,-0.051477,-0.00033767
-1.172,20.717,-10.903,-8.3238,-0.58307,-0.05257,-0.00035201
-1.2081,20.707,-10.897,-8.3267,-0.58169,-0.053587,-0.00036622
-1.2439,20.697,-10.89,-8.3293,-0.58034,-0.054536,-0.00038031
-1.2795,20.686,-10.882,-8.3318,-0.57905,-0.055426,-0.00039426
-1.3279,20.686,-10.874,-8.3317,-0.5801,-0.054538,-0.00039226
-1.3654,20.674,-10.866,-8.3342,-0.57863,-0.055627,-0.00040779
-1.4024,20.662,-10.858,-8.3364,-0.57723,-0.056643,-0.00042292
-1.439,20.65,-10.85,-8.3383,-0.57587,-0.057594,-0.00043765
-1.4753,20.638,-10.842,-8.3399,-0.57457,-0.058486,-0.00045201
-1.5436,20.644,-10.833,-8.3372,-0.57518,-0.059251,-0.00047464
-1.5777,20.63,-10.824,-8.3391,-0.57375,-0.060038,-0.00048717
-1.6116,20.616,-10.815,-8.3405,-0.57238,-0.060785,-0.00049932
-1.6456,20.602,-10.807,-8.3415,-0.57107,-0.061493,-0.00051108
-1.6794,20.588,-10.798,-8.342,-0.56981,-0.062163,-0.00052243
-1.7284,20.588,-10.784,-8.3383,-0.57044,-0.060245,-0.00053556
-1.7653,20.572,-10.775,-8.3383,-0.56906,-0.061297,-0.00054714
-1.8014,20.557,-10.766,-8.3377,-0.56775,-0.062269,-0.0005581
-1.8367,20.542,-10.757,-8.3366,-0.56651,-0.063165,-0.0005684
-1.8713,20.527,-10.749,-8.3349,-0.56533,-0.063988,-0.00057803
-1.9206,20.528,-10.738,-8.3276,-0.56598,-0.062926,-0.00059013
-1.9558,20.511,-10.73,-8.3256,-0.56468,-0.063913,-0.00059906
-1.9897,20.495,-10.721,-8.3229,-0.56345,-0.064807,-0.0006071
-2.0224,20.48,-10.713,-8.3195,-0.56229,-0.06561,-0.00061422
-2.0538,20.465,-10.706,-8.3153,-0.56121,-0.066325,-0.00062039
-2.0956,20.468,-10.698,-8.3061,-0.56193,-0.064593,-0.00063189
-2.1278,20.452,-10.69,-8.3012,-0.56072,-0.06554,-0.00063683
-2.1579,20.437,-10.683,-8.2954,-0.55961,-0.066365,-0.00064056
-2.186,20.423,-10.677,-8.2887,-0.55857,-0.06707,-0.00064306
-2.212,20.411,-10.672,-8.2812,-0.5576,-0.067659,-0.00064427
-2.2408,20.421,-10.676,-8.2662,-0.55877,-0.066117,-0.00064369
-2.2664,20.407,-10.67,-8.2583,-0.55759,-0.066815,-0.00064408
-2.2891,20.395,-10.665,-8.2494,-0.55653,-0.06737,-0.00064277
-2.3089,20.384,-10.661,-8.2396,-0.55556,-0.067785,-0.00063975
-2.3257,20.376,-10.659,-8.2288,-0.55467,-0.06806,-0.00063499
-2.3385,20.39,-10.666,-8.2073,-0.55524,-0.067143,-0.0006304
-2.3521,20.382,-10.664,-8.1966,-0.55427,-0.067296,-0.00062301
-2.362,20.376,-10.664,-8.1847,-0.55339,-0.0673,-0.00061362
-2.3684,20.374,-10.665,-8.1717,-0.55261,-0.067152,-0.0006022
-2.3709,20.373,-10.669,-8.1578,-0.55191,-0.066852,-0.00058874
-2.3719,20.36,-10.62,-8.1416,-0.5489,-0.063762,-0.00065387
-2.3712,20.369,-10.636,-8.1258,-0.54892,-0.063651,-0.00062679
-2.3658,20.38,-10.651,-8.1093,-0.54891,-0.063309,-0.00059865
-2.3555,20.392,-10.668,-8.0921,-0.54888,-0.062747,-0.00056933
-2.3404,20.407,-10.685,-8.0742,-0.54883,-0.06197,-0.00053871
-2.2836,20.45,-10.705,-8.0402,-0.54995,-0.060826,-0.00053393
-2.264,20.467,-10.724,-8.0239,-0.54969,-0.059758,-0.00049889
-2.2386,20.488,-10.745,-8.0066,-0.54945,-0.058462,-0.00046236
-2.2075,20.511,-10.767,-7.9883,-0.54923,-0.056946,-0.00042429
-2.1707,20.538,-10.791,-7.9691,-0.54903,-0.055215,-0.00038465
-2.0511,20.596,-10.822,-7.9257,-0.54965,-0.053492,-0.00039033
-2.0122,20.626,-10.849,-7.909,-0.54931,-0.051461,-0.00034403
-1.9664,20.66,-10.877,-7.891,-0.54901,-0.049187,-0.00029634
-1.9138,20.698,-10.908,-7.8719,-0.54876,-0.04668,-0.00024728
-1.8546,20.74,-10.94,-7.8518,-0.54856,-0.043949,-0.00019691
-1.6788,20.814,-10.98,-7.803,-0.5485,-0.041661,-0.00019817
-1.6181,20.862,-11.016,-7.7856,-0.54832,-0.038545,-0.00014095
-1.5499,20.914,-11.055,-7.7668,-0.5482,-0.03518,-8.294e-05
-1.4743,20.97,-11.095,-7.7468,-0.54814,-0.03158,-2.4237e-05
-1.3917,21.03,-11.138,-7.7255,-0.54814,-0.027757,3.5034e-05
-1.1556,21.116,-11.183,-7.668,-0.54897,-0.025959,2.1509e-05
-1.0727,21.183,-11.23,-7.6513,-0.54892,-0.021387,8.7699e-05
-0.98242,21.255,-11.279,-7.6329,-0.54894,-0.016616,0.00015357
-0.88506,21.33,-11.33,-7.6128,-0.54902,-0.01166,0.00021897
-0.78091,21.409,-11.382,-7.5912,-0.54918,-0.0065323,0.00028375
-0.49414,21.504,-11.431,-7.5281,-0.55037,-0.0035809,0.00025505
-0.3939,21.59,-11.489,-7.5113,-0.55053,0.0022051,0.0003255
-0.28658,21.679,-11.547,-7.4925,-0.55076,0.0081434,0.00039425
-0.17258,21.771,-11.607,-7.4717,-0.55107,0.014217,0.00046115
-0.052297,21.865,-11.667,-7.4493,-0.55147,0.020409,0.00052607
0.26139,21.96,-11.709,-7.3704,-0.55409,0.019751,0.00046713
0.38234,22.064,-11.776,-7.3555,-0.55444,0.027348,0.00053954
0.50845,22.169,-11.844,-7.3379,-0.55486,0.034958,0.00060846
0.6394,22.275,-11.911,-7.3178,-0.55535,0.042566,0.00067387
0.77489,22.382,-11.977,-7.2955,-0.55592,0.05016,0.00073574
1.119,22.468,-12.013,-7.2212,-0.55741,0.053242,0.00065394
1.245,22.584,-12.087,-7.2046,-0.55802,0.061609,0.00072133
1.3755,22.699,-12.159,-7.1851,-0.5587,0.069903,0.00078406
1.5101,22.813,-12.23,-7.1629,-0.55944,0.07811,0.00084223
1.6486,22.927,-12.3,-7.1384,-0.56027,0.086215,0.00089589
1.9992,23.01,-12.33,-7.0563,-0.56388,0.088023,0.00078854
2.1279,23.132,-12.406,-7.0387,-0.56451,0.096949,0.00084772
2.2602,23.251,-12.48,-7.018,-0.56522,0.10569,0.00090166
2.3957,23.369,-12.552,-6.9944,-0.56601,0.11423,0.00095055
2.534,23.484,-12.622,-6.9684,-0.56688,0.12256,0.00099458
2.8764,23.566,-12.645,-6.885,-0.56962,0.12399,0.00089088
3.0048,23.687,-12.721,-6.8661,-0.57045,0.1332,0.00094006
3.1354,23.806,-12.793,-6.8439,-0.57134,0.14208,0.0009838
3.268,23.92,-12.863,-6.8188,-0.57229,0.15062,0.0010224
3.4024,24.032,-12.93,-6.7912,-0.57331,0.15884,0.0010563
3.7167,24.074,-12.933,-6.7106,-0.57496,0.15941,0.00096662
3.8424,24.192,-13.006,-6.6893,-0.57614,0.16824,0.001005
3.9692,24.305,-13.076,-6.665,-0.57733,0.17665,0.0010384
4.0968,24.414,-13.142,-6.6381,-0.57854,0.18464,0.0010673
4.2251,24.517,-13.203,-6.6089,-0.57977,0.1922,0.0010921
4.5194,24.555,-13.204,-6.53,-0.58207,0.19231,0.00099254
4.6368,24.663,-13.271,-6.5079,-0.58332,0.20036,0.001023
4.7541,24.764,-13.334,-6.483,-0.58456,0.20787,0.0010494
4.8712,24.859,-13.391,-6.4556,-0.58581,0.21486,0.0010722
4.9878,24.948,-13.445,-6.4261,-0.58707,0.22133,0.0010919
5.2259,24.992,-13.455,-6.3609,-0.58894,0.22057,0.0009273
5.3347,25.079,-13.51,-6.3365,-0.59023,0.22726,0.00096184
5.4419,25.159,-13.56,-6.31,-0.5915,0.23335,0.00099239
5.5473,25.232,-13.606,-6.2816,-0.59276,0.23886,0.0010195
5.6505,25.299,-13.648,-6.2518,-0.59401,0.24382,0.0010438
5.8705,25.306,-13.642,-6.191,-0.5938,0.24396,0.00095188
5.9608,25.372,-13.686,-6.1661,-0.59532,0.24871,0.00098437
6.0483,25.43,-13.726,-6.1397,-0.59679,0.25286,0.0010141
6.1328,25.481,-13.762,-6.1121,-0.59821,0.25643,0.0010416
6.2141,25.525,-13.793,-6.0837,-0.59959,0.25943,0.0010674
6.3947,25.501,-13.782,-6.028,-0.59992,0.25857,0.00099065
6.4599,25.541,-13.813,-6.0048,-0.60142,0.26104,0.0010246
6.5212,25.574,-13.841,-5.9805,-0.60283,0.26291,0.001057
6.5784,25.6,-13.864,-5.9555,-0.60418,0.2642,0.0010883
6.6311,25.618,-13.883,-5.9301,-0.60546,0.26493,0.0011188
6.766,25.597,-13.881,-5.8816,-0.61093,0.26375,0.001057
6.7974,25.606,-13.895,-5.8612,-0.61159,0.26354,0.0010943
6.8243,25.608,-13.906,-5.8401,-0.61223,0.26279,0.0011311
6.8461,25.603,-13.913,-5.8187,-0.61285,0.26151,0.0011678
6.8624,25.593,-13.917,-5.7971,-0.61342,0.25972,0.0012045
6.943,25.602,-13.94,-5.7637,-0.61423,0.25951,0.0012037
6.9342,25.576,-13.935,-5.7437,-0.61449,0.2562,0.0012421
6.9201,25.546,-13.928,-5.7238,-0.61473,0.25246,0.0012809
6.9,25.511,-13.918,-5.704,-0.61493,0.2483,0.00132
6.8733,25.472,-13.906,-5.6845,-0.61508,0.24372,0.0013595
6.8801,25.471,-13.936,-5.6855,-0.6164,0.24618,0.0014192
6.8217,25.417,-13.912,-5.6653,-0.61579,0.23945,0.0014535
6.7573,25.36,-13.887,-5.646,-0.61519,0.23248,0.0014885
6.686,25.301,-13.861,-5.6276,-0.61454,0.22526,0.0015239
6.6068,25.239,-13.833,-5.6102,-0.61382,0.21778,0.0015594
6.5711,25.285,-13.893,-5.5614,-0.60556,0.21801,0.001905
6.4564,25.207,-13.851,-5.5451,-0.60528,0.20843,0.0018973
6.3345,25.129,-13.809,-5.5298,-0.60489,0.19875,0.0018921
6.2042,25.051,-13.767,-5.5152,-0.60436,0.18895,0.0018886
6.0644,24.974,-13.724,-5.5015,-0.60366,0.17903,0.0018859
5.8927,24.938,-13.711,-5.4794,-0.60285,0.18189,0.002025
5.7142,24.859,-13.662,-5.4624,-0.60139,0.16937,0.0020041
5.5269,24.783,-13.613,-5.4471,-0.59979,0.15699,0.0019828
5.3295,24.708,-13.564,-5.4334,-0.59802,0.14472,0.0019598
5.121,24.635,-13.514,-5.4214,-0.59604,0.13255,0.0019343
4.8083,24.647,-13.48,-5.4089,-0.59189,0.13427,0.0020516
4.5677,24.581,-13.43,-5.3914,-0.58991,0.11959,0.0020019
4.3163,24.518,-13.379,-5.377,-0.58769,0.10531,0.0019476
4.0533,24.458,-13.327,-5.3656,-0.58519,0.091405,0.0018879
3.7781,24.403,-13.274,-5.3572,-0.58242,0.07786,0.0018218
3.2954,24.429,-13.2,-5.3624,-0.58224,0.080645,0.0018697
2.9969,24.388,-13.15,-5.3479,-0.57882,0.064804,0.0017783
2.6874,24.352,-13.098,-5.3386,-0.57513,0.049647,0.001679
2.367,24.322,-13.045,-5.3347,-0.57118,0.035153,0.0015715
2.036,24.298,-12.991,-5.3359,-0.56695,0.021313,0.0014557
1.4164,24.307,-12.841,-5.3594,-0.56532,0.025501,0.0014513
1.0718,24.309,-12.799,-5.3571,-0.56091,0.009619,0.0013115
0.72023,24.317,-12.754,-5.3625,-0.55621,-0.0052756,0.0011639
0.36282,24.332,-12.708,-5.3755,-0.55123,-0.0192,0.0010091
0.0010133,24.353,-12.659,-5.396,-0.54601,-0.03216,0.000848
-0.73337,24.35,-12.442,-5.4453,-0.55045,-0.026933,0.00073993
-1.0809,24.407,-12.413,-5.4654,-0.54439,-0.04127,0.00057505
-1.4277,24.469,-12.382,-5.4954,-0.53808,-0.054347,0.00040603
-1.7719,24.536,-12.349,-5.5348,-0.53156,-0.066187,0.00023441
-2.1113,24.608,-12.314,-5.583,-0.52486,-0.076804,6.1785e-05
-2.8118,24.618,-12.056,-5.6769,-0.52425,-0.058757,-8.4165e-05
-3.1317,24.738,-12.055,-5.7192,-0.51765,-0.072395,-0.000237
-3.4381,24.858,-12.049,-5.7719,-0.51088,-0.084436,-0.00038851
-3.7299,24.979,-12.04,-5.8343,-0.50398,-0.094919,-0.00053697
-4.0061,25.102,-12.028,-5.9054,-0.49698,-0.10388,-0.00068075
-4.5155,25.293,-11.859,-5.981,-0.49835,-0.097225,-0.00083762
-4.7508,25.435,-11.87,-6.0643,-0.49089,-0.10579,-0.00095586
-4.9669,25.576,-11.878,-6.1538,-0.48343,-0.11289,-0.0010675
-5.164,25.716,-11.884,-6.2486,-0.47603,-0.11857,-0.0011717
-5.3423,25.855,-11.888,-6.3479,-0.46869,-0.12291,-0.0012676
-5.4963,25.938,-11.73,-6.441,-0.47309,-0.089637,-0.001448
-5.6895,26.117,-11.763,-6.538,-0.46445,-0.098303,-0.0015122
-5.8565,26.29,-11.792,-6.6391,-0.45614,-0.10523,-0.0015703
-5.999,26.458,-11.817,-6.7431,-0.44818,-0.11057,-0.0016221
-6.1189,26.62,-11.84,-6.8488,-0.44056,-0.11451,-0.0016674
-6.1427,26.682,-11.702,-6.8378,-0.45617,-0.12394,-0.0019056
-6.248,26.858,-11.744,-6.9754,-0.44599,-0.12486,-0.001913
-6.3298,27.027,-11.783,-7.1071,-0.43643,-0.1248,-0.0019156
-6.3908,27.191,-11.819,-7.2327,-0.42748,-0.12391,-0.0019141
-6.4334,27.349,-11.853,-7.3518,-0.4191,-0.12229,-0.001909
-6.2541,27.3,-11.71,-7.2601,-0.43241,-0.1439,-0.0021411
-6.2903,27.478,-11.766,-7.4104,-0.42275,-0.13846,-0.0021105
-6.3079,27.647,-11.817,-7.5479,-0.41382,-0.13248,-0.0020785
-6.3101,27.809,-11.866,-7.6731,-0.40559,-0.1261,-0.002046
-6.2997,27.964,-11.912,-7.7864,-0.39802,-0.11945,-0.0020135
-5.9558,27.916,-11.835,-7.7709,-0.39364,-0.10502,-0.0020696
-5.9846,28.1,-11.898,-7.8811,-0.38674,-0.099989,-0.0020335
-5.9988,28.272,-11.955,-7.9788,-0.3805,-0.094728,-0.0019988
-6.0009,28.433,-12.008,-8.0648,-0.3749,-0.089343,-0.001966
-5.9931,28.585,-12.057,-8.1394,-0.36991,-0.083934,-0.0019353
-5.5681,28.485,-12.059,-8.0425,-0.39342,-0.074523,-0.0021332
-5.6183,28.647,-12.103,-8.1285,-0.38557,-0.069512,-0.002099
-5.6548,28.798,-12.144,-8.2005,-0.37863,-0.064716,-0.0020671
-5.6798,28.939,-12.182,-8.2595,-0.37256,-0.0602,-0.0020377
-5.6952,29.07,-12.216,-8.306,-0.3673,-0.056022,-0.0020107
-5.4924,28.936,-12.113,-8.2157,-0.36653,-0.063533,-0.0021224
-5.5106,29.088,-12.167,-8.2651,-0.36249,-0.058191,-0.0020878
-5.5211,29.227,-12.216,-8.3008,-0.35915,-0.053364,-0.0020563
-5.5254,29.354,-12.261,-8.3236,-0.35646,-0.049085,-0.0020276
-5.5246,29.47,-12.303,-8.3344,-0.35441,-0.045378,-0.0020018
-5.3706,29.503,-12.314,-8.2585,-0.36512,-0.047111,-0.0021019
-5.3844,29.608,-12.352,-8.2626,-0.36278,-0.044592,-0.0020725
-5.3915,29.703,-12.388,-8.2546,-0.36113,-0.042555,-0.0020455
-5.3929,29.789,-12.422,-8.2355,-0.36012,-0.041001,-0.0020206
-5.3896,29.865,-12.453,-8.2059,-0.35974,-0.039927,-0.0019976
-5.2429,29.952,-12.52,-8.116,-0.37021,-0.040673,-0.0020283
-5.2561,30.006,-12.542,-8.0779,-0.36943,-0.040841,-0.0020082
-5.2621,30.054,-12.563,-8.0296,-0.36934,-0.041341,-0.0019886
-5.2616,30.095,-12.585,-7.9719,-0.36993,-0.042156,-0.0019693
-5.2553,30.13,-12.608,-7.9051,-0.37113,-0.043263,-0.0019501
-5.1714,30.19,-12.663,-7.7964,-0.38052,-0.042342,-0.0019375
-5.1736,30.209,-12.68,-7.7204,-0.38192,-0.044504,-0.0019232
-5.1681,30.224,-12.7,-7.636,-0.38398,-0.046827,-0.0019076
-5.1552,30.234,-12.721,-7.5435,-0.38663,-0.049279,-0.0018906
-5.1354,30.241,-12.744,-7.4434,-0.38983,-0.051827,-0.0018718
-5.1066,30.314,-12.814,-7.3417,-0.39352,-0.049765,-0.0018044
-5.0831,30.303,-12.832,-7.2262,-0.39749,-0.053381,-0.0017888
-5.0513,30.29,-12.854,-7.1045,-0.40196,-0.056907,-0.00177
-5.0111,30.275,-12.878,-6.977,-0.4069,-0.06031,-0.0017478
-4.9628,30.257,-12.904,-6.8441,-0.41227,-0.063558,-0.0017222
-4.9143,30.16,-12.833,-6.7345,-0.39214,-0.051251,-0.0016727
-4.8635,30.176,-12.893,-6.5817,-0.40268,-0.056783,-0.0016326
-4.8027,30.183,-12.95,-6.426,-0.41307,-0.061801,-0.0015906
-4.7319,30.18,-13.004,-6.2676,-0.42333,-0.066306,-0.0015462
-4.6511,30.17,-13.057,-6.1067,-0.43347,-0.070299,-0.0014989
-4.6476,30.374,-13.221,-5.9784,-0.43547,-0.07496,-0.0013589
-4.5321,30.317,-13.253,-5.8053,-0.44603,-0.077572,-0.0013119
-4.4089,30.259,-13.287,-5.6317,-0.45649,-0.079718,-0.0012606
-4.2776,30.2,-13.322,-5.4579,-0.46684,-0.081386,-0.0012049
-4.1377,30.141,-13.359,-5.284,-0.47706,-0.082568,-0.0011447
-4.0818,30.235,-13.482,-5.1793,-0.46237,-0.080999,-0.00095
-3.9072,30.156,-13.514,-4.988,-0.47526,-0.081604,-0.00088498
-3.7259,30.078,-13.547,-4.8001,-0.48774,-0.081659,-0.00081566
-3.5372,30.002,-13.583,-4.6155,-0.49983,-0.081171,-0.00074217
-3.3406,29.926,-13.62,-4.4343,-0.51155,-0.080149,-0.00066466
-3.1207,30.034,-13.805,-4.3126,-0.50897,-0.072088,-0.00051433
-2.9153,29.931,-13.823,-4.1239,-0.52138,-0.071378,-0.0004355
-2.6999,29.833,-13.845,-3.9408,-0.53338,-0.070001,-0.00035293
-2.4746,29.74,-13.871,-3.7631,-0.54498,-0.067997,-0.00026702
-2.2396,29.651,-13.9,-3.5905,-0.55618,-0.065401,-0.00017824
-1.9556,29.671,-14.049,-3.4505,-0.55068,-0.070223,-2.644e-05
-1.6843,29.568,-14.069,-3.2791,-0.56273,-0.065106,7e-05
-1.4084,29.472,-14.092,-3.1143,-0.57424,-0.05967,0.00016696
-1.1276,29.383,-14.119,-2.9556,-0.58521,-0.053936,0.0002639
-0.84219,29.3,-14.149,-2.8027,-0.59568,-0.047929,0.0003603
-0.45641,29.29,-14.318,-2.6995,-0.58871,-0.04275,0.0005128
-0.16213,29.198,-14.332,-2.545,-0.59978,-0.036241,0.00060643
0.13479,29.115,-14.351,-2.3978,-0.61025,-0.029517,0.00069778
0.4339,29.041,-14.374,-2.2573,-0.62016,-0.022617,0.00078638
0.73465,28.974,-14.4,-2.123,-0.62953,-0.015582,0.00087179
1.1292,28.851,-14.407,-1.8089,-0.62222,-0.046428,0.00092674
1.4895,28.806,-14.453,-1.7147,-0.63209,-0.031902,0.0010312
1.8345,28.768,-14.498,-1.6233,-0.64117,-0.018277,0.0011267
2.166,28.736,-14.544,-1.5343,-0.64953,-0.0054726,0.0012134
2.4852,28.711,-14.588,-1.4474,-0.65723,0.0065762,0.0012918
2.9947,28.646,-14.704,-1.394,-0.65325,0.010151,0.0012712
3.2929,28.627,-14.739,-1.302,-0.66095,0.022045,0.0013478
3.5785,28.615,-14.775,-1.2129,-0.66801,0.0332,0.0014154
3.8522,28.607,-14.81,-1.1264,-0.67448,0.043661,0.0014745
4.1145,28.605,-14.845,-1.0425,-0.68041,0.053467,0.0015255
4.4598,28.513,-14.874,-0.95971,-0.67138,0.046647,0.0014507
4.7275,28.529,-14.916,-0.87819,-0.678,0.058354,0.0015104
4.9772,28.548,-14.956,-0.79959,-0.68393,0.069079,0.0015601
5.21,28.57,-14.993,-0.72365,-0.68924,0.078887,0.0016008
5.427,28.594,-15.029,-0.65015,-0.694,0.087838,0.0016333
5.7681,28.519,-15.046,-0.56135,-0.68836,0.082494,0.0015526
5.9684,28.558,-15.086,-0.49476,-0.69336,0.092366,0.001588
6.1505,28.598,-15.123,-0.43013,-0.69776,0.10119,0.0016153
6.3158,28.638,-15.157,-0.36741,-0.70164,0.10905,0.0016352
6.4652,28.678,-15.188,-0.30659,-0.70504,0.11601,0.0016488
6.6554,28.768,-15.234,-0.26923,-0.70153,0.11125,0.0014594
6.7942,28.803,-15.261,-0.20827,-0.70483,0.11852,0.0014878
6.9149,28.838,-15.285,-0.14999,-0.70767,0.12484,0.0015089
7.0189,28.873,-15.307,-0.094287,-0.71009,0.13029,0.0015237
7.107,28.908,-15.327,-0.041067,-0.71214,0.13491,0.0015329
7.2076,28.872,-15.29,0.012317,-0.71057,0.12891,0.0014062
7.2819,28.919,-15.317,0.05962,-0.71261,0.13387,0.0014249
7.3391,28.963,-15.341,0.10446,-0.71425,0.13793,0.0014377
7.3803,29.004,-15.361,0.1469,-0.71553,0.14118,0.0014456
7.4064,29.044,-15.377,0.18695,-0.71651,0.14367,0.0014492
7.4148,29.005,-15.528,0.13416,-0.72459,0.15079,0.0015218
7.4153,29.024,-15.509,0.1842,-0.72377,0.15074,0.0015028
7.4019,29.044,-15.492,0.22943,-0.72289,0.15021,0.0014834
7.3756,29.066,-15.478,0.27006,-0.72193,0.14922,0.0014639
7.3367,29.088,-15.464,0.30629,-0.72091,0.14782,0.0014441
7.2893,29.094,-15.431,0.34453,-0.72014,0.14645,0.0013558
7.225,29.122,-15.423,0.37132,-0.71899,0.14426,0.001343
7.1501,29.149,-15.415,0.3943,-0.71775,0.14175,0.0013295
7.0649,29.176,-15.406,0.41358,-0.71642,0.13893,0.0013153
6.9696,29.203,-15.398,0.42924,-0.715,0.13582,0.0013004
6.8211,29.154,-15.31,0.45932,-0.71676,0.13303,0.0012796
6.7055,29.195,-15.313,0.46503,-0.71496,0.12921,0.0012664
6.5818,29.235,-15.315,0.46775,-0.71305,0.12521,0.0012524
6.45,29.272,-15.315,0.4675,-0.71103,0.12103,0.0012374
6.3104,29.308,-15.313,0.46429,-0.7089,0.1167,0.0012214
6.1087,29.337,-15.26,0.46677,-0.71088,0.1185,0.0011613
5.9453,29.378,-15.262,0.4574,-0.70818,0.1127,0.0011496
5.7771,29.418,-15.263,0.4452,-0.7054,0.10696,0.0011363
5.6037,29.456,-15.261,0.43018,-0.70251,0.10127,0.0011214
5.4251,29.494,-15.258,0.41233,-0.69952,0.095633,0.0011048
5.1888,29.483,-15.165,0.41046,-0.70089,0.097958,0.0010231
4.9867,29.537,-15.172,0.38581,-0.69745,0.090914,0.001012
4.7831,29.589,-15.177,0.35853,-0.6939,0.084139,0.00099833
4.5774,29.64,-15.179,0.3286,-0.69024,0.077609,0.0009822
4.3695,29.691,-15.179,0.29603,-0.68646,0.071306,0.00096366
4.0935,29.757,-15.112,0.27801,-0.6858,0.074709,0.00095242
3.868,29.817,-15.118,0.2404,-0.68155,0.066993,0.00093191
3.6438,29.877,-15.121,0.20019,-0.6772,0.059735,0.00090887
3.4207,29.937,-15.122,0.15741,-0.67276,0.052897,0.00088339
3.1981,29.998,-15.122,0.11209,-0.6682,0.046451,0.0008556
3.1013,30.082,-15.084,0.10161,-0.66761,0.062581,0.00084367
2.8255,30.157,-15.086,0.050534,-0.66241,0.052935,0.0008137
2.5589,30.232,-15.087,-0.0029136,-0.65719,0.044072,0.00078139
2.3006,30.308,-15.086,-0.05869,-0.65196,0.035927,0.00074686
2.0497,30.385,-15.083,-0.11675,-0.6467,0.028444,0.00071029
1.7537,30.523,-15.018,-0.1582,-0.6445,0.032439,0.00070408
1.5029,30.61,-15.023,-0.2205,-0.63902,0.024461,0.00066706
1.2615,30.698,-15.027,-0.28455,-0.63355,0.017195,0.00062816
1.0288,30.788,-15.028,-0.35032,-0.62808,0.010586,0.0005876
0.80425,30.879,-15.029,-0.41776,-0.6226,0.0045898,0.00054562
0.51886,30.873,-14.884,-0.45826,-0.62804,0.011052,0.000417
0.28941,30.995,-14.903,-0.53128,-0.62165,0.0041334,0.00038917
0.072105,31.116,-14.919,-0.6052,-0.61533,-0.0020687,0.0003594
-0.13384,31.237,-14.933,-0.67999,-0.60909,-0.0076046,0.00032796
-0.32908,31.358,-14.944,-0.75558,-0.60291,-0.012518,0.00029514
-0.54046,31.343,-14.8,-0.78468,-0.60808,-0.0087286,0.00018691
-0.73627,31.497,-14.832,-0.86937,-0.60103,-0.013669,0.00016653
-0.91859,31.647,-14.859,-0.95335,-0.59414,-0.017996,0.00014456
-1.0884,31.795,-14.882,-1.0367,-0.58741,-0.021753,0.00012126
-1.2466,31.94,-14.902,-1.1194,-0.58082,-0.024978,9.6871e-05
-1.4305,32.068,-14.812,-1.1511,-0.58474,-0.029565,-3.9397e-05
-1.5734,32.226,-14.844,-1.2443,-0.57741,-0.031294,-4.9385e-05
-1.7044,32.381,-14.871,-1.3346,-0.57033,-0.032642,-6.0538e-05
-1.8242,32.532,-14.895,-1.4222,-0.56348,-0.03363,-7.2663e-05
-1.9339,32.681,-14.914,-1.5074,-0.55686,-0.03428,-8.5559e-05
-1.9944,32.502,-14.687,-1.5046,-0.5622,-0.032194,-0.00026498
-2.1119,32.71,-14.743,-1.6021,-0.55509,-0.032454,-0.00025477
-2.2159,32.907,-14.79,-1.6952,-0.54823,-0.032413,-0.00024688
-2.3078,33.096,-14.831,-1.784,-0.54163,-0.032093,-0.00024107
-2.3886,33.278,-14.865,-1.8691,-0.53527,-0.031517,-0.00023707
-2.5226,33.173,-14.703,-1.8966,-0.54978,-0.028531,-0.00046749
-2.599,33.389,-14.755,-1.9887,-0.54198,-0.027445,-0.00043821
-2.6633,33.594,-14.8,-2.0755,-0.53456,-0.026202,-0.00041243
-2.7168,33.791,-14.838,-2.1574,-0.5275,-0.024821,-0.00038976
-2.7605,33.979,-14.87,-2.2347,-0.52079,-0.023319,-0.00036985
-2.7153,33.842,-14.672,-2.2043,-0.52332,-0.025069,-0.0005466
-2.7645,34.076,-14.733,-2.2934,-0.51673,-0.022554,-0.0005078
-2.8026,34.297,-14.783,-2.3759,-0.51045,-0.020049,-0.00047321
-2.8309,34.506,-14.825,-2.4524,-0.50447,-0.017561,-0.00044238
-2.8506,34.704,-14.859,-2.5232,-0.4988,-0.015098,-0.00041492
-2.8432,34.606,-14.669,-2.5123,-0.49697,-0.018832,-0.00059339
-2.854,34.844,-14.731,-2.589,-0.49213,-0.015026,-0.00054511
-2.8573,35.066,-14.782,-2.6586,-0.48747,-0.011421,-0.00050203
-2.854,35.275,-14.823,-2.722,-0.48302,-0.0080124,-0.0004636
-2.845,35.471,-14.855,-2.7795,-0.47879,-0.0047925,-0.00042935
-2.7021,35.079,-14.551,-2.6932,-0.48527,-0.0075521,-0.000682
-2.7138,35.353,-14.626,-2.7677,-0.48084,-0.0033897,-0.0006213
-2.7169,35.605,-14.688,-2.8341,-0.47659,0.00047505,-0.00056707
-2.7126,35.839,-14.737,-2.8932,-0.47252,0.004056,-0.00051866
-2.7017,36.056,-14.775,-2.9456,-0.46865,0.0073662,-0.0004755
-2.6374,35.824,-14.532,-2.8758,-0.46857,-0.0061176,-0.00072751
-2.6154,36.089,-14.602,-2.9405,-0.46529,-0.00013898,-0.00066145
-2.5891,36.332,-14.657,-2.9968,-0.46211,0.0053293,-0.00060235
-2.559,36.555,-14.7,-3.0455,-0.45905,0.010319,-0.0005495
-2.5259,36.761,-14.732,-3.0873,-0.45611,0.014859,-0.00050227
-2.4827,36.461,-14.463,-3.0354,-0.45724,0.0087971,-0.00073587
-2.4444,36.725,-14.53,-3.0831,-0.45497,0.014656,-0.00066402
-2.4042,36.964,-14.583,-3.1233,-0.4527,0.019927,-0.00060007
-2.3626,37.182,-14.622,-3.1568,-0.45045,0.024653,-0.0005432
-2.3198,37.382,-14.65,-3.1842,-0.44825,0.028874,-0.00049267
-2.2823,37.231,-14.43,-3.1342,-0.44323,0.018038,-0.0006066
-2.2218,37.468,-14.487,-3.166,-0.44218,0.024609,-0.00054307
-2.1635,37.681,-14.53,-3.1908,-0.44105,0.030372,-0.00048684
-2.1074,37.873,-14.56,-3.2095,-0.43988,0.035412,-0.00043723
-2.0532,38.047,-14.579,-3.2228,-0.43871,0.039803,-0.00039358
-2.0687,37.923,-14.405,-3.2152,-0.43936,0.043175,-0.00077175
-2.013,38.124,-14.442,-3.2239,-0.43872,0.04684,-0.00068893
-1.959,38.305,-14.467,-3.228,-0.43801,0.049931,-0.00061553
-1.9065,38.467,-14.482,-3.228,-0.43725,0.052508,-0.00055061
-1.8554,38.612,-14.488,-3.2244,-0.43647,0.054626,-0.00049331
-2.0498,38.27,-14.181,-3.1948,-0.4314,0.03412,-0.00082824
-1.9443,38.479,-14.232,-3.1929,-0.43223,0.04007,-0.00073783
-1.8477,38.664,-14.269,-3.1872,-0.4328,0.045133,-0.00065742
-1.759,38.829,-14.295,-3.178,-0.43316,0.049409,-0.00058603
-1.6776,38.976,-14.31,-3.1659,-0.43335,0.052988,-0.00052277
-1.5919,38.729,-14.098,-3.0727,-0.43216,0.042623,-0.00062483
-1.5153,38.923,-14.141,-3.0721,-0.43278,0.047739,-0.00055554
-1.4447,39.094,-14.172,-3.0671,-0.43319,0.052064,-0.000494
-1.3795,39.245,-14.192,-3.0583,-0.43344,0.055686,-0.00043946
-1.3191,39.378,-14.204,-3.0462,-0.43356,0.058686,-0.00039121
-1.3903,39.063,-13.98,-3.0179,-0.43041,0.055471,-0.00059819
-1.317,39.244,-14.019,-3.0038,-0.43159,0.058725,-0.00052988
-1.2498,39.402,-14.047,-2.9871,-0.43251,0.061361,-0.00046934
-1.1879,39.542,-14.065,-2.9683,-0.43321,0.063453,-0.00041576
-1.1307,39.665,-14.075,-2.9477,-0.43373,0.065063,-0.0003684
-1.1889,39.431,-13.882,-2.8999,-0.43138,0.054165,-0.00058094
-1.1124,39.592,-13.917,-2.8823,-0.43267,0.057507,-0.00051397
-1.0431,39.733,-13.943,-2.8626,-0.43369,0.060199,-0.00045433
-0.98006,39.857,-13.96,-2.8411,-0.43447,0.062324,-0.00040129
-0.92256,39.966,-13.97,-2.8181,-0.43508,0.063955,-0.00035416
-0.39538,39.66,-13.831,-2.5003,-0.44416,0.048774,-0.000321
-0.4254,39.828,-13.862,-2.5325,-0.44252,0.052804,-0.00028963
-0.44787,39.975,-13.883,-2.5555,-0.44107,0.056191,-0.0002611
-0.4639,40.101,-13.897,-2.5708,-0.43982,0.059007,-0.0002352
-0.47443,40.21,-13.905,-2.5792,-0.43873,0.061317,-0.00021172
-0.61093,40.029,-13.763,-2.602,-0.43345,0.060527,-0.00037118
-0.58821,40.158,-13.787,-2.595,-0.43395,0.062623,-0.0003292
-0.56579,40.27,-13.803,-2.5844,-0.43436,0.064263,-0.0002917
-0.54371,40.367,-13.813,-2.5708,-0.43471,0.065504,-0.00025821
-0.52195,40.45,-13.818,-2.5547,-0.435,0.066398,-0.00022832
-0.63093,40.202,-13.62,-2.4826,-0.42727,0.038778,-0.00047657
-0.55801,40.335,-13.66,-2.4736,-0.42903,0.044687,-0.00042318
-0.49323,40.447,-13.691,-2.461,-0.43052,0.049735,-0.00037527
-0.43568,40.543,-13.713,-2.4455,-0.43178,0.05403,-0.00033229
-0.38456,40.623,-13.729,-2.4276,-0.43284,0.057669,-0.00029378
-0.42289,40.537,-13.662,-2.454,-0.42731,0.067703,-0.00047416
-0.37314,40.618,-13.681,-2.4222,-0.42946,0.069032,-0.00041819
-0.32935,40.686,-13.694,-2.3907,-0.4313,0.070033,-0.00036846
-0.29073,40.743,-13.703,-2.3594,-0.43288,0.070757,-0.00032428
-0.25659,40.79,-13.707,-2.3285,-0.43425,0.071248,-0.00028502
-0.58182,40.927,-13.721,-2.4943,-0.42607,0.087669,-0.00043283
-0.50357,40.934,-13.715,-2.4257,-0.42933,0.084892,-0.00037686
-0.43573,40.939,-13.707,-2.3631,-0.43212,0.082236,-0.00032772
-0.37676,40.942,-13.698,-2.3059,-0.43452,0.079704,-0.00028455
-0.32537,40.943,-13.689,-2.2535,-0.43657,0.077297,-0.00024659
-0.43928,40.825,-13.587,-2.2114,-0.42869,0.059611,-0.0004026
-0.35342,40.854,-13.598,-2.1649,-0.43174,0.0606,-0.00035169
-0.27953,40.877,-13.607,-2.1219,-0.43436,0.061314,-0.00030671
-0.21601,40.897,-13.612,-2.082,-0.43661,0.061797,-0.00026699
-0.16147,40.912,-13.616,-2.0449,-0.43855,0.062088,-0.00023192
-0.17625,40.696,-13.502,-2.0534,-0.43541,0.068061,-0.00015478
-0.13077,40.746,-13.522,-2.0128,-0.43797,0.067015,-0.00012757
-0.091567,40.788,-13.539,-1.9751,-0.44017,0.065958,-0.00010397
-0.057815,40.825,-13.553,-1.94,-0.44204,0.064903,-8.3536e-05
-0.028792,40.855,-13.564,-1.9071,-0.44364,0.063859,-6.5896e-05
-0.17678,40.894,-13.557,-1.9321,-0.43911,0.057687,-4.8896e-05
-0.11633,40.914,-13.569,-1.8919,-0.44145,0.05774,-3.4352e-05
-0.065084,40.931,-13.578,-1.8553,-0.44344,0.057685,-2.2206e-05
-0.021831,40.945,-13.585,-1.8217,-0.44512,0.057544,-1.2158e-05
0.014478,40.956,-13.591,-1.7907,-0.44655,0.057334,-3.9465e-06
0.072982,40.91,-13.563,-1.7421,-0.44188,0.051964,2.2391e-05
0.1031,40.929,-13.574,-1.7178,-0.44362,0.052605,2.4982e-05
0.12732,40.945,-13.583,-1.6952,-0.44508,0.053114,2.6512e-05
0.14643,40.958,-13.591,-1.6742,-0.44632,0.053512,2.7106e-05
0.16113,40.968,-13.597,-1.6546,-0.44735,0.053818,2.6871e-05
-0.044916,41.124,-13.643,-1.7312,-0.44491,0.054795,-1.9925e-05
0.0025153,41.104,-13.639,-1.6958,-0.44635,0.054895,-1.3856e-05
0.041271,41.085,-13.635,-1.664,-0.44754,0.05493,-9.4461e-06
0.072483,41.067,-13.632,-1.6353,-0.44851,0.054912,-6.499e-06
0.097129,41.051,-13.629,-1.6093,-0.44931,0.054855,-4.8467e-06
0.021934,40.955,-13.59,-1.5931,-0.45273,0.044581,-0.00020228
